data/historical-monthly-weather-data/wc2.1_cruts4.09_10m_prec_1955-02.asc
ncols        51
nrows        45
xllcorner    -63.500000000000
yllcorner    -7.500000000000
cellsize     0.166666666667
NODATA_value -9999
[rows 0 to 19 of 45, columns 0 to 44 of 51]
144.5812530517578125 142.2062530517578125 142.368743896484375 145.5625 146.9875030517578125 153.193756103515625 158.2624969482421875 160.46875 161.65625 165.6374969482421875 173.381256103515625 177.725006103515625 180.868743896484375 177.6125030517578125 174.118743896484375 170.6374969482421875 168.2624969482421875 161.912506103515625 160.0187530517578125 159.25 161.412506103515625 164.0812530517578125 168.46875 171.412506103515625 175.037506103515625 178.8562469482421875 179.9812469482421875 180.600006103515625 182.0124969482421875 185.7312469482421875 190.881256103515625 196.806243896484375 202.9187469482421875 209.9375 217.65625 223.2312469482421875 226.4812469482421875 228.8000030517578125 229.8874969482421875 228.693756103515625 228.662506103515625 227.75 224.962493896484375 225.3937530517578125 224.162506103515625
148.7687530517578125 145.1374969482421875 146.1875 147.3625030517578125 149.6687469482421875 157.78125 164.1125030517578125 171.0812530517578125 177.506256103515625 183.318756103515625 189.7062530517578125 191.4375 191.962493896484375 189.9875030517578125 185.4875030517578125 180.5437469482421875 176.556243896484375 170.3249969482421875 166.4250030517578125 163.5187530517578125 164.7312469482421875 167.8125 171.8625030517578125 174.7624969482421875 177.537506103515625 181.587493896484375 183.0500030517578125 185.100006103515625 187.4250030517578125 193.100006103515625 199.1437530517578125 208 216.1750030517578125 225.7937469482421875 234.2687530517578125 239.443756103515625 242.5500030517578125 243.975006103515625 244.2624969482421875 242.443756103515625 241.431243896484375 239.5124969482421875 235.6374969482421875 234.5625 232.625
156.506256103515625 153.1687469482421875 153.837493896484375 155.3625030517578125 158.381256103515625 166.100006103515625 174.931243896484375 185.1437530517578125 194.875 201.6437530517578125 206.0124969482421875 205.806243896484375 204.125 200.350006103515625 194.118743896484375 187.881256103515625 182.3312530517578125 177.4562530517578125 173.774993896484375 171.556243896484375 173.4562530517578125 178.2687530517578125 182.100006103515625 184.8874969482421875 189.1624908447265625 192.037506103515625 193.837493896484375 196.568756103515625 198.2624969482421875 204.087493896484375 212.3937530517578125 221.693756103515625 231.1687469482421875 239.868743896484375 249.7687530517578125 253.318756103515625 256.59375 259.243743896484375 258.13751220703125 255.9875030517578125 254.087493896484375 250.7312469482421875 246.15625 242.131256103515625 240.7312469482421875
163.256256103515625 160.631256103515625 162.506256103515625 164.5749969482421875 169.993743896484375 176.6999969482421875 186.5437469482421875 198.8000030517578125 211.412506103515625 220.1750030517578125 222.662506103515625 218.8000030517578125 213.056243896484375 206.962493896484375 200.118743896484375 193.125 187.1437530517578125 181.7937469482421875 179.9375 181.181243896484375 184.96875 189.7062530517578125 193.318756103515625 196.443756103515625 200.03125 203.087493896484375 206.024993896484375 208.4812469482421875 210.3312530517578125 217.65625 226.006256103515625 237.5625 246.21875 255.6687469482421875 264.45001220703125 269.024993896484375 272.11248779296875 274.01873779296875 273.73126220703125 271.60626220703125 267.45623779296875 262.8125 257.181243896484375 251.225006103515625 249.0500030517578125
174.09375 169.806243896484375 169.712493896484375 172.90625 179.212493896484375 186.868743896484375 196.0187530517578125 210.1750030517578125 227.274993896484375 239.631256103515625 236.25 227.1374969482421875 220.4375 213.600006103515625 205.125 197.71875 191.756256103515625 186.618743896484375 187.181243896484375 190.7375030517578125 196.1687469482421875 200.28125 204.881256103515625 208.462493896484375 211.6125030517578125 215.0812530517578125 216.40625 218.3625030517578125 223.0812530517578125 231.787506103515625 241.625 252.21875 262.46875 272.318756103515625 280.88751220703125 285.34375 289.193756103515625 291.506256103515625 291.04998779296875 287.125 282.850006103515625 275.59375 267.506256103515625 260.274993896484375 255.7375030517578125
183.7375030517578125 181.0875091552734375 180.2062530517578125 182.1999969482421875 188.181243896484375 197.5437469482421875 208.556243896484375 223.0187530517578125 241.5187530517578125 256.90625 249.4562530517578125 238.568756103515625 231.3874969482421875 224.850006103515625 216.993743896484375 210.931243896484375 204.243743896484375 200.118743896484375 202.1875 206.787506103515625 211.212493896484375 215.618743896484375 220.274993896484375 223.431243896484375 226.1125030517578125 230.5437469482421875 232.6687469482421875 234.368743896484375 238.2624969482421875 246.8312530517578125 256.70001220703125 267.23126220703125 275.73126220703125 287.45623779296875 296.78125 300.987518310546875 305.14373779296875 307.631256103515625 308.23126220703125 304.131256103515625 297.04998779296875 288.33123779296875 279.21875 270.712493896484375 262.743743896484375
194.3625030517578125 192.3562469482421875 192.3000030517578125 192.931243896484375 198.037506103515625 206.3562469482421875 216.8874969482421875 228.181243896484375 241.7937469482421875 249.681243896484375 249.837493896484375 244.725006103515625 239.4562530517578125 234.506256103515625 229.193756103515625 224.5749969482421875 220.931243896484375 220.6437530517578125 222.9562530517578125 225.0187530517578125 226.899993896484375 230.9499969482421875 234.0625 237.1875 242.78125 246.96875 249.4499969482421875 252.212493896484375 254.21875 261.662506103515625 272.493743896484375 282.79376220703125 291.95001220703125 299.98126220703125 308.78125 315.118743896484375 318.98126220703125 322.506256103515625 325.1875 320.73748779296875 310.712493896484375 301.28125 291.837493896484375 282.125 272.16876220703125
204.712493896484375 202.1125030517578125 202.068756103515625 204.6999969482421875 209.4562530517578125 215.5500030517578125 222.2062530517578125 228.350006103515625 234.068756103515625 239.8625030517578125 246.2375030517578125 248.162506103515625 246.912506103515625 243.1062469482421875 239.875 237.7062530517578125 236.3562469482421875 239.806243896484375 244.306243896484375 242.8937530517578125 242.09375 244.7062530517578125 247.4875030517578125 251.8874969482421875 258.34375 263.318756103515625 266.0625 268.11248779296875 271.29376220703125 278.14373779296875 286.649993896484375 297.375 305.76251220703125 314.056243896484375 321.6875 326.625 330.70001220703125 333.818756103515625 335.25 331.65625 323.568756103515625 314.98748779296875 305.600006103515625 294.53125 285.54998779296875
215.1437530517578125 213.0187530517578125 212.90625 215.625 219.318756103515625 222.962493896484375 228.087493896484375 231.368743896484375 232.625 237.4250030517578125 246.8562469482421875 253.375 255.2624969482421875 253.8937530517578125 251.8874969482421875 251.868743896484375 251.6999969482421875 254.625 259.42498779296875 257 254.59375 256.98126220703125 260.475006103515625 267.912506103515625 274.86248779296875 279.975006103515625 281.5 283.131256103515625 286.54998779296875 292.23126220703125 300.306243896484375 310.04998779296875 317.38751220703125 324.23126220703125 330.95001220703125 336.45001220703125 340.58123779296875 343.649993896484375 346.11248779296875 343.79376220703125 336.98126220703125 329.818756103515625 322.39373779296875 313.068756103515625 305.90625
225.5437469482421875 223.850006103515625 224.3000030517578125 226.087493896484375 228.625 231.34375 236.2375030517578125 239.3125 243.3562469482421875 248.806243896484375 257.53125 262.21875 265.95623779296875 265.03125 264.84375 264.33123779296875 263.95623779296875 265.51251220703125 265.78125 264.493743896484375 264.20001220703125 268.08123779296875 273.90625 284.431243896484375 291.98126220703125 296.837493896484375 298.5625 298.5625 302.256256103515625 307.149993896484375 312.524993896484375 320.306243896484375 327.212493896484375 334.743743896484375 341.64373779296875 346.46875 350.556243896484375 352.48748779296875 355.149993896484375 355.162506103515625 351.66876220703125 346.76873779296875 339.86248779296875 330.475006103515625 325.962493896484375
235.0187530517578125 233.6125030517578125 234.0500030517578125 235.475006103515625 237.193756103515625 239.868743896484375 244.368743896484375 249.306243896484375 255.1999969482421875 262.10626220703125 271.11248779296875 276.15625 278.368743896484375 277.337493896484375 277.16876220703125 276.48748779296875 274.84375 273.48126220703125 271.462493896484375 270.41876220703125 270.66876220703125 275.90625 285.90625 296.01251220703125 308.399993896484375 313.212493896484375 313.34375 314.162506103515625 315.86248779296875 318.90625 323.912506103515625 330.07501220703125 335.76873779296875 342.78125 350.90625 356.306243896484375 358.64373779296875 361.76873779296875 364.79376220703125 364.89373779296875 363.131256103515625 359.33123779296875 354.29376220703125 346.774993896484375 342.45001220703125
243.649993896484375 242.15625 242.056243896484375 243.756256103515625 246.024993896484375 248.9875030517578125 253.8000030517578125 260.84375 267.40625 275.11248779296875 284.993743896484375 291.82501220703125 292.868743896484375 290.98126220703125 290.5 288.04376220703125 285.39373779296875 281.506256103515625 276.993743896484375 273.806243896484375 273.59375 280.76873779296875 295.48748779296875 310.899993896484375 323.11248779296875 325.89373779296875 324.475006103515625 324.375 325.90625 329.3125 333.23126220703125 337.26873779296875 342.712493896484375 348.89373779296875 356.26873779296875 362.13751220703125 366.92498779296875 370.756256103515625 374.337493896484375 375.5 375.20623779296875 371.399993896484375 364.037506103515625 354.068756103515625 347.774993896484375
249.375 248.6125030517578125 249.399993896484375 251.1062469482421875 254.600006103515625 258.625 264.712493896484375 271.725006103515625 278.524993896484375 287.85626220703125 297.806243896484375 305.71875 307.28125 303.743743896484375 302.03125 298.08123779296875 294.35626220703125 290.28125 285.837493896484375 280.862518310546875 277.64373779296875 286.5 303.899993896484375 319.10626220703125 328.32501220703125 331.64373779296875 332.725006103515625 333.21875 334.29376220703125 337.13751220703125 340.368743896484375 343.443756103515625 346.743743896484375 352.85626220703125 360.193756103515625 365.66876220703125 370.71875 377.256256103515625 382.431243896484375 384.88751220703125 386.95001220703125 381.931243896484375 370.01873779296875 357.037506103515625 347.45001220703125
253.875 253.6062469482421875 254.993743896484375 257.51873779296875 262.037506103515625 266.79376220703125 274.368743896484375 282.1875 289.806243896484375 298.493743896484375 307.375 314.006256103515625 316.350006103515625 315.54376220703125 311.649993896484375 308.087493896484375 303.043731689453125 299.75 295.381256103515625 292.48748779296875 293.57501220703125 301.618743896484375 314.943756103515625 325.25 332.70623779296875 336.756256103515625 339.16876220703125 339.96875 341.73126220703125 342.412506103515625 344.725006103515625 346.287506103515625 348.6875 354.443756103515625 360.98748779296875 367.48748779296875 375.23748779296875 383.54376220703125 391.431243896484375 394.9375 394.375 383.881256103515625 372.96875 362.20623779296875 353.33123779296875
258.14373779296875 257.64373779296875 259.943756103515625 264.337493896484375 268.618743896484375 274.9375 283.975006103515625 292.068756103515625 300.537506103515625 309.20001220703125 316.71875 323.806243896484375 326.912506103515625 326.9375 323.537506103515625 318.96875 314.625 311.21875 308.149993896484375 307.51873779296875 310.631256103515625 317 327.29376220703125 334.524993896484375 339.54376220703125 344.48126220703125 346.75 346.83123779296875 347.756256103515625 348.04998779296875 347.25 346.087493896484375 347.98748779296875 351.65625 357.8125 364.3125 375.29998779296875 387.66876220703125 397.82501220703125 401.412506103515625 396.25 387.875 378.86248779296875 367.337493896484375 357.125
260.91876220703125 260.462493896484375 263.70623779296875 268.96875 274.881256103515625 282.243743896484375 291.90625 300.15625 309.649993896484375 319.75 327.943756103515625 335.76873779296875 340 339.96875 336.225006103515625 329.23748779296875 326.381256103515625 324.96875 323.54998779296875 324.09375 326.65625 331.943756103515625 339.82501220703125 345.98748779296875 348.256256103515625 350.54376220703125 351.368743896484375 352.375 354.100006103515625 353.5625 351.85626220703125 347.16876220703125 343.98748779296875 344.5 347.45001220703125 355.850006103515625 370.0625 387.51251220703125 403.29998779296875 408.618743896484375 403.35626220703125 392.649993896484375 381.45623779296875 369.087493896484375 356.96875
261.23126220703125 262.337493896484375 266.29376220703125 272.5 279.837493896484375 288.26873779296875 298.587493896484375 308.337493896484375 318.725006103515625 329.931243896484375 340.350006103515625 349.90625 355.96875 357.131256103515625 352.48748779296875 344.79376220703125 339.131256103515625 336.987518310546875 336.14373779296875 337.95001220703125 341.787506103515625 346.6875 352.212493896484375 356.36248779296875 357.98748779296875 356.10626220703125 354.48748779296875 356.568756103515625 359.76873779296875 360.337493896484375 356.75 349.193756103515625 341.262481689453125 333.875 334.39373779296875 343.056243896484375 359.181243896484375 384.73126220703125 411.29998779296875 412.693756103515625 403.38751220703125 391.73748779296875 378.212493896484375 365.25 354.631256103515625
259.725006103515625 262.087493896484375 268.300018310546875 276.38751220703125 284.82501220703125 294.431243896484375 305.96875 317 328.068756103515625 339.600006103515625 351.90625 365.162506103515625 375.26873779296875 377.73126220703125 373.368743896484375 365.48126220703125 355.10626220703125 347.48748779296875 348.556243896484375 350.21875 356.287506103515625 359.850006103515625 361.587493896484375 361.90625 361.743743896484375 359.600006103515625 356.399993896484375 359.912506103515625 364.79998779296875 366.10626220703125 360.556243896484375 344.743743896484375 332.70001220703125 321.95001220703125 317.587493896484375 322.15625 344.212493896484375 370.75 394.899993896484375 400.20623779296875 392.056243896484375 381.443756103515625 370.274993896484375 359.806243896484375 350.443756103515625
257.20001220703125 261.087493896484375 268.631256103515625 277.23748779296875 287.32501220703125 299.51873779296875 311.51873779296875 324.66876220703125 337.36248779296875 349.181243896484375 363.350006103515625 378.58123779296875 392.86248779296875 401.631256103515625 395.29998779296875 382.48126220703125 369.368743896484375 358.08123779296875 355.8125 358.743743896484375 366.162506103515625 370.012481689453125 365.556243896484375 364.04376220703125 363.149993896484375 362.568756103515625 361.90625 365.04376220703125 370.868743896484375 373.59375 368.131256103515625 347.962493896484375 328.850006103515625 309.46875 298.09375 304.36248779296875 326.868743896484375 351.79376220703125 372.506256103515625 379.32501220703125 376.42498779296875 367.537506103515625 359.993743896484375 352.78125 344.881256103515625
254.912506103515625 258.837493896484375 267.42498779296875 277.23748779296875 289.462493896484375 303.368743896484375 317.73126220703125 330.96875 344.162506103515625 356.76251220703125 370.649993896484375 387.92498779296875 407.58123779296875 424.600006103515625 414.337493896484375 392.681243896484375 374.42498779296875 364.66876220703125 361.625 363.868743896484375 365.88751220703125 365.95001220703125 366.5 364.39373779296875 363.20623779296875 362.787506103515625 364.79998779296875 369.91876220703125 373.34375 374.056243896484375 365.431243896484375 348.5 324.0625 297.537506103515625 278.42498779296875 288.337493896484375 315.58123779296875 340.850006103515625 357.962493896484375 365.043731689453125 362.09375 354.23748779296875 351.58123779296875 347.818756103515625 341.524993896484375
