data/historical-monthly-weather-data/wc2.1_cruts4.09_10m_tmax_1998-09.asc
ncols        51
nrows        45
xllcorner    -63.500000000000
yllcorner    -7.500000000000
cellsize     0.166666666667
NODATA_value -9999
32.25 32.875 32.625 32.75 32.5 33 33 33 33 32.75 32.25 32.8125 33 32.75 32.8125 32.5625 32.875 32.4375 32 32.25 32 32 32 32.25 32.1875 32.5 32.5625 32.1875 32 32.0625 32.3125 33 33 32.75 32.6875 32.875 33 33 33 33 33 33 33 32.3125 33 32.5 32.125 32 32 31.4375 31.125 
32.1875 32.125 32.25 32 32 32.5625 32.4375 32.625 32.6875 32.375 32 32.3125 32.25 32.0625 32.0625 32.0625 32.25 32 32 32.0625 32.1875 32.0625 32 32 32.125 32.8125 32.8125 32.0625 32 32.1875 32.75 32.875 32.9375 32.1875 32.5625 32.1875 32.75 33 33 33 33 33 33 32.6875 33 32.3125 32 32 32 31.25 31.1875 
32.0625 32 32.0625 32 32 32 32 32 32 32 32 32 32 32 32 32 32 32 32.0625 32.0625 32.125 32 32 32 32 32.6875 32.75 32 32.125 32.9375 32.5625 32.75 33 32.6875 32.25 32.9375 33 33 33 33.3125 33.5 33.125 33 33 33 32.4375 32 32 32 31.6875 31.4375 
32 32 32 32.0625 32.25 32 32 32 32 32 32 32 32 32 32 32 32.1875 32 32 32.0625 32 32 32 32 32 32.6875 32.625 32.1875 32.875 33 33 32.8125 33 33 33 33 33 33 33.0625 33.9375 33.6875 33.25 33 33 33 32.75 32.0625 32 32 32 31.625 
32.25 32 32 32 32 32 32 32 32 32 32 32 32 32 32 32 32 32.0625 32.3125 32.25 32.0625 32 32 32.0625 32.0625 32.875 33 32.875 32.625 33 33 33 32.9375 33 33 33 33.5625 33.25 33.1875 34 33.5625 33.875 33.8125 33.5 33.0625 32.9375 32.5 32.375 32.125 32.125 31.75 
32 32 32 32 32 32 32 32 32 32 32 32 32 32 32 32 32 32.0625 32 32.0625 32 32 32 32.25 32.875 32.625 32.8125 33 32.8125 32.875 33 33 32.9375 32.5 32.6875 33 33 33.75 34 33.8125 33.25 33.75 33.5 33.625 33.8125 33.0625 32.8125 32.25 32.375 32.3125 32 
32 32 32 32 32 32 32 32 32 32 32 32 32 32 32 32 32 32 32.125 32 32 32 32.1875 32.5625 32.5625 32.9375 32.375 32.9375 32.9375 33 33 33 33 33 32.8125 33 33.0625 33.875 34 33.875 33.875 33.9375 33.75 33.75 33.8125 33.625 33.125 32.625 32.875 32.625 32.3125 
32 32 32 32 32 32 32 32 32 32 32 32 32 32 32 32 32 32 32.1875 32 32 32.1875 32.5 32.625 32.0625 32.5625 32.875 33 33 33 33 33 33 33 33 33.125 33.5625 34 34 34 34 34 34 34 34 34 34 33.75 33.0625 32.9375 32.75 
32 32 32 32 32 32 32 32 32 32 32 32 32 32 32 32 32 32 32.0625 32.5625 32.625 32.6875 32.8125 32.8125 32.25 32.375 32.9375 33 32.875 33 33 33 33 33.3125 33.5625 33.4375 33.25 33.875 33.8125 34 34 34 34 34 34 34 34 34 33.75 33.3125 33 
32 32 32 32 32 32 32 32 32 32 32 32 32 32 32 32 32 32 32 32.375 33 32.875 33 32.875 32.9375 32.75 32.6875 32.9375 33 33 33 33 33 33 33.5625 33.8125 33.875 33.9375 33.6875 33.8125 33.8125 33.9375 34 34 34 34 34 34 34 33.875 33.1875 
32.0625 32 32 32 32 32 32 32 32 32 32 32 32 32 32 32 32 32.1875 32 32.125 32.0625 32.75 33 33 32.9375 32.25 32.0625 32.625 33 33 33 33 33 33 33.1875 34 34 34 34 33.9375 34 34 34 34.3125 34 34 34 34 34 34 33.4375 
32.125 32 32 32 32 32 32 32 32 32 32 32 32 32 32 32 32 32.1875 32 32.125 32 32.0625 32.25 32.5625 32.6875 32.3125 32.9375 33 33 33 33 33.375 33 33 33.375 33.8125 33.875 34 34 34 34.0625 34.0625 34.375 35 34.3125 34 34 34 34 33.9375 33.5625 
32 32 32 32 32 32 32 32 32 32 32 32 32 32 32 32 32 32 32 32 32 32.0625 32.0625 32.125 33 33 33 33 33 33 33 33.3125 33.625 33 33.375 33.875 34 34 34 34 34.0625 34.5625 34.75 34.25 34 34 34 34 34 33.875 33.0625 
32 32 32 32 32 32 32 32 32 32 32 32 32 32 32 32 32.25 32 32 32 32.0625 32.3125 32.9375 32.6875 33 33 33 33 33 33 33.375 33.4375 34 33.625 33.1875 33.75 34 34 34 34.0625 34.375 34 34 34 34 34 34 34 34 33.4375 33 
32 32 32 32 32 32 32 32 32 32 32 32 32 32 32 32 32.125 32 32.1875 32.125 32 32.0625 32.75 33 33 33 33 33 33 33 33.4375 33.875 34 34 34 34 34 34 34 34.25 34.125 34 34 34 34 34 33.5 33.5 33.3125 33.0625 33 
32.1875 32 32 32 32 32 32 32 32 32 32 32 32 32 32 32.25 32 32.125 32.1875 32.4375 32.0625 32.125 33 33 33 33 33 33 33 33 33 33.375 34 34 34 34 34 34 34 34 34 34 34 34 34 33.875 33.875 33.6875 33.125 33 33 
32.3125 32 32 32 32 32 32 32 32 32 32 32 32 32 32.0625 32.0625 32.25 32 32.4375 32.5 32.9375 32.75 32.8125 33 33 33 33 33 33 33 33.125 33.9375 34 34 34 34.0625 34 34 34 34 34 34 34 34 33.9375 33.75 34 33.3125 33 33 33 
32.25 32 32 32 32 32 32 32.0625 32.3125 32.6875 32.75 32.25 32.25 32 32 32.125 32.5625 33 32.375 32.6875 33 33 33 33 33 33 33 33 33 33.4375 33.875 34 34 34 34 34 34 34 34 34 34 34 34 34 34 33.9375 33.75 33.0625 33 33 32.875 
32.4375 32 32 32 32 32 32.1875 32.8125 33 33 33 33 33 32.4375 32.625 32.625 32.9375 33 33 32.9375 33.0625 33.0625 33 33 33 33 33.125 33 33.0625 33.875 34 34 34 34 34 34 34 34 34 34 34 34 34 34 34 34 33.625 33 33 33.3125 33 
32.3125 32 32 32 32 32.375 32.9375 33 33 33 33 33 33 33 33 33 33 33 33 33 33 33 33 33 33.1875 33.4375 33.3125 33 33.3125 33.9375 34 34 34 34 34 34 34 34 34 34 34 34 34 34 34 34 34 33.25 33.0625 33.875 33 
32.1875 32 32 32 32.5625 32.8125 33 33 33 33 33 33 33 33 33 33 33 33 33 33 33 33 33 33 33.1875 33.875 34 33.5 33.3125 33.8125 34 34 34 34 34 34 34 34 34 34 34 34 34 34 34 34 33.875 33.25 33.8125 33.75 33 
32.6875 32 32 32.1875 32.8125 33 33 33 33 33 33 33 33 33 33 33 33 33 33 33 33 33 33 33 33 33.625 33.75 33.4375 33.3125 34 34 34 34 34 34 34 34 34 34 34 34 34 34 34 34 34 33.9375 33.5625 34 33.75 33 
32.625 32 32 32 32.25 33 33 33 33 33 33 33 33 33 33 33 33 33 33 33 33 33 33 33 33 33.125 33.1875 33.5 33 33.6875 34 34 34 34 34 34 34 34 34 34 34 34 34 34 34 34 34 34 34 33.75 33 
32.75 32 32.0625 32 32.3125 32.9375 33 33 33 33 33 33 33 33 33 33 33 33 33 33 33 33 33 33 33 33 33.25 33.0625 33.375 34 34 34 34 34 34 34 34 34 34 34 34 34 34 34 34 34 34 34 34 33.9375 33.0625 
33 33 32.875 32.8125 33 33 33 33 33 33 33 33 33 33 33 33 33 33 33 33 33 33 33 33 33 33 33 33.375 33.4375 33.875 34 34 34 34 34 34 34 34 34 34 34 34 34 34 34.4375 34.8125 34.25 34 34 34 33.375 
33 33 33 33 33 33 33 33 33 33 33 33 33 33 33 33 33 33 33 33 33 33 33 33 33 33 33.0625 33.75 34 33.875 34 34 34 34 34 34 34 34 34 34 34 34 34.125 34.5625 35 34.8125 34.125 33.9375 34 33.4375 33 
33 33 33 33 33 33 33 33 33 33 33 33 33 33 33 33 33 33 33 33 33 33 33 33.1875 33 33 33.3125 33.375 34 34 34 34 34 34 34 34 34 34 34 34 34 34 34.25 34.875 34.625 34.5 33.875 33.5 33.25 33.1875 32.5625 
33 33 33 33 33 33 33 33 33 33 33 33 33 33 33 33 33 33 33 33 33 33 33 33.25 33.25 33.3125 33.0625 33.8125 33.9375 34 34 34 34 34 34 34 34 34 34 34 34 34.1875 34.1875 34.375 34 34.0625 33.75 33.0625 33 33.1875 32.75 
33 33 33 33 33 33 33 33 33 33 33 33.0625 33.6875 33.9375 33.375 33.125 33.125 33 33 33 33 33.3125 33.25 33.375 33.5 33.5625 33.875 34 34 34 34 34 34 34 34 34 34 34 34 34 34.625 34.4375 34.4375 34 34 34 33.875 33.0625 33 33 33 
33 33 33 33 33 33 33 33 33 33 33 33 33.8125 34 34 33.8125 33 33.0625 33.0625 33 33 33.125 33.5 33.3125 34 33.9375 33.5 33.625 33.625 33.875 34 34 34 34 34 34 34 33.9375 34 34 34 34 34.1875 34 34 33.9375 33.5625 33.5 33.25 33.125 33.0625 
33 33 33 33 33 33 33 33 33 33 33 33.875 34 34 34 33.8125 33.375 33.375 33.9375 33.375 33.0625 33 33.0625 33.3125 33.875 33.9375 33.6875 33.6875 33.6875 34 34 34 34 33.9375 33.625 33.875 34 34 34 34.125 34 34 34 34 34 34 33.9375 33.8125 34 33.8125 33.1875 
33 33 33 33 33 33 33 33 33 33.0625 33.0625 34 34 34 34 33.875 33.875 33.75 33.625 33.625 33 33 33.5625 33.9375 34 33.875 34 33.5 33.875 34 34 33.9375 34 34 33.875 34 34 34 34.0625 34.25 34 34 34 33.9375 34 34 33.875 33.4375 33.625 33.875 33.25 
33 33 33 33 33 33 33 33.1875 33.375 33.375 33.9375 34 34 34 34 34 33.875 33.5 33.625 33.75 33.75 33.6875 34 34 34 34 34 33.8125 34 34 34 34 34 34 33.8125 34 34 34 34.375 34 34 34 34 34 34 34 33.5625 33.625 33.0625 33 33 
33 33 33 33 33 33 33.4375 34 34 33.75 34 34 34 34 34 34 33.9375 33.9375 33.9375 34 34 34 33.9375 34 34 34 34 34 34 34 34 33.5 33.75 34 34 34 34 34.0625 34.25 34 34 34 33.75 33.9375 33.9375 33.9375 34 33.625 33.25 33 33 
33 33 33 33 33 33.125 33.875 34 34 34 34 34 34 34 34 34 34 34 34 34 34 34 33.9375 34 33.9375 34 33.9375 33.9375 34 34 33.875 33.0625 33.8125 34 34 34 34.0625 34.0625 34.0625 34 34 34 33.9375 34 33.9375 33.75 33.9375 33.3125 33 33 33 
33 33 33 33 33.3125 33.5 34 34 34 34 34 34 34 34 34 34 34 34 34 34 34 33.9375 34 33.9375 33.75 33.75 33.9375 34 33.875 33.9375 33.5625 33.125 33.9375 34 34 34 34 34 34 34 34 34 34 34 33.625 33.9375 34 33.125 33 33 33 
33 33 33 33.0625 33.5 34 34 34 34 34 34 34 34 34 34 34 34 34 34 34 34 33.8125 33.375 33.75 33.875 33.75 34 33.4375 33.8125 33.4375 33.5625 33.3125 34 33.875 34 34 34 34 34 34 34 34 34 33.6875 33 33.3125 33.5 33 32.9375 33 33 
33 33 33 33.25 33.9375 34 34 34 34 34 34 34 34 34 34 34 34 34 34 33.9375 34 34 33.3125 33.1875 33.4375 33.6875 34 33.1875 33.1875 33.0625 34 34 34 34 34 34 34 34 33.875 33.375 33.875 33.5625 33.6875 33.9375 33.75 33.5625 33.9375 33.3125 33 33 33 
33 33 33 33.625 34 34 34 34 34 34 34 34 34 34 34 34 34 34 34 33.625 33.9375 33.75 33.5 33 33.3125 33.4375 33.875 33.375 33 33.375 33.75 34 34 34 34 34 34 34 33.625 33.8125 34 33.1875 33.125 33.3125 33.25 33.5 33.4375 34 33.6875 33.1875 33 
33 33 33 33.375 34 34 34 34 34 34 34 34 34 34 34 34 34 34 34 33.1875 33.6875 33.0625 33.25 33.375 33.25 33.125 34 33.5625 33.625 34 34 33.8125 33.625 33.9375 33.5 33.9375 34 34 33.25 33.75 34 33 33 33.3125 33.75 33.5 33.0625 33.9375 33.6875 33.4375 33 
33 33 33.125 34 34 34 34 34 34 34 34 34 34 34 34 34 34 34 34 33.0625 33.875 33.1875 33 33.0625 33.0625 33.0625 34 33.875 33.8125 33.875 33.5 33 33.0625 33.1875 33 33.5 34 33.9375 33.25 33.625 34 33.4375 33.375 33.4375 33.375 33 33 33.4375 33.625 33 33 
33 33 33 33 33.25 33.75 33.875 34 34 34 34 34 33.9375 33.8125 34 34 34 34 33.5 33 33.0625 33.0625 33 33 33 33.1875 34 34 33.75 33.0625 33.5 33 33 33 33.375 33.5625 34 33.9375 33.3125 33.75 33.6875 33.1875 33.1875 33 33.0625 33 33 33.4375 33.9375 33.5625 33.3125 
33 33 33 33 33 33.0625 33.25 34 33.8125 33.8125 33.375 33.375 33.375 33.25 33.8125 33.8125 33.8125 33.1875 33.125 33 33.1875 33.8125 33.5 33.0625 33 33 33.5 34 33.75 33.25 33 33 33 33 33.0625 33.125 33.6875 33.75 33.375 34 33.5625 33.0625 33 33 33 33 33.0625 33.6875 33.875 33.3125 34 
33 33 33 33 33 33 33 33.9375 33.5 33.0625 33 33.0625 33 33 33.1875 33.125 33 33.375 33 33 33 33.5 33.0625 33 33 33 33.625 34 34 33.125 33 33 33.125 33.125 33.0625 33.125 33.3125 33.3125 33.625 33.25 33.1875 33 33 33 33 33 33 33.125 33.9375 33.5 33.5 
33 33 33.1875 33 33 33.1875 33 33.125 33 33 33 33 33 33 33 33 33 33 33 33 33 33 33 33 33 33 33.0625 33.625 33.6875 33 33 33 33 33.1875 33.3125 33.1875 33 33 33 33 33 33 33 33 33 33 33 33.125 33.6875 33.5 33.0625 
