data/historical-monthly-weather-data/wc2.1_cruts4.09_10m_prec_1978-10.asc
ncols        45
nrows        45
xllcorner    -63.500000000000
yllcorner    -7.500000000000
cellsize     0.166666666667
NODATA_value -9999
[rows 20 to 39 of 45, columns 0 to 43 of 45]
200.0812530517578125 207.125 213.3625030517578125 218.625 222.881256103515625 224.5749969482421875 225.4812469482421875 223.774993896484375 218.25 209.149993896484375 198.2624969482421875 186.600006103515625 175.5749969482421875 164.3312530517578125 157.131256103515625 150.78125 144.03125 138.524993896484375 136.412506103515625 132.975006103515625 126.59375 120.56874847412109375 114.99375152587890625 112.78749847412109375 110.0500030517578125 105.24375152587890625 99.71250152587890625 91.77500152587890625 84.15625 79.02500152587890625 75.53749847412109375 74.77500152587890625 73.8625030517578125 73.6750030517578125 73.68125152587890625 69.27500152587890625 64.59999847412109375 61.88124847412109375 59.75 57.674999237060546875 55.36875152587890625 53.08750152587890625 49.84375 46.81874847412109375
195.1500091552734375 205.5625 214.131256103515625 221.4187469482421875 227.912506103515625 231.318756103515625 233.056243896484375 232.8562469482421875 228.7624969482421875 218.806243896484375 205.962493896484375 192.818756103515625 180.6999969482421875 170.25 161.9812469482421875 155.4562530517578125 149.693756103515625 144.100006103515625 140.4250030517578125 136.8249969482421875 128.787506103515625 122.06874847412109375 116.69374847412109375 112.875 108.33750152587890625 103.06874847412109375 99.15000152587890625 93.53125 88.4562530517578125 85.24375152587890625 82.94374847412109375 81.97499847412109375 80.28125 79.3125 77.4187469482421875 73.5500030517578125 68.55625152587890625 64.3562469482421875 61.293750762939453125 58.84375 56.25624847412109375 53.97499847412109375 51.325000762939453125 48.47499847412109375
193.2062530517578125 207.212493896484375 217.850006103515625 226.65625 233.25 237.28125 240.2687530517578125 242.2624969482421875 241.0812530517578125 228.881256103515625 214.09375 198.912506103515625 186.943756103515625 177.3249969482421875 168.5625 161.40625 155.350006103515625 150.1437530517578125 145.4562530517578125 140.7062530517578125 133.0749969482421875 125.1374969482421875 118.3874969482421875 113.53125 107.8312530517578125 101.03125 98.1999969482421875 95.4375 91.58750152587890625 89.96250152587890625 89.3562469482421875 89.03749847412109375 86.3625030517578125 84.1374969482421875 81.1374969482421875 76.74375152587890625 71.5812530517578125 66.40625 62.88124847412109375 60.825000762939453125 58.387500762939453125 56.05625152587890625 53.44374847412109375 50.581249237060546875
195.1312408447265625 211.662506103515625 225.0437469482421875 233.0749969482421875 239.40625 243.056243896484375 245.149993896484375 247.3625030517578125 245.2687530517578125 233.6062469482421875 217.975006103515625 203.7937469482421875 192.0437469482421875 182.350006103515625 174.2624969482421875 167.125 161.34375 155.631256103515625 150.3000030517578125 144.78125 137.1437530517578125 129.556243896484375 121.53125 115.3125 108.3125 100.3000030517578125 96.5749969482421875 95.55625152587890625 94.41249847412109375 94.34999847412109375 94.63124847412109375 94.59375 91.61875152587890625 88.36875152587890625 84.8312530517578125 80.56874847412109375 75.2624969482421875 69.625 66.13124847412109375 63.549999237060546875 60.9375 58.66249847412109375 55.96250152587890625 52.97499847412109375
203.75 219.8312530517578125 234.09375 240.2375030517578125 245.6750030517578125 247.9499969482421875 248.412506103515625 247.837493896484375 243.7937469482421875 234.59375 222.243743896484375 209.225006103515625 198.1437530517578125 188.587493896484375 180.4375 173.8625030517578125 167.787506103515625 161.774993896484375 155.8937530517578125 150.087493896484375 142.0500030517578125 133.256256103515625 125.5500030517578125 118.16249847412109375 110.6437530517578125 103.66249847412109375 100.13124847412109375 98.75624847412109375 97.8874969482421875 98.34999847412109375 98.90000152587890625 98.53125 95.84375 92.09375 88.38124847412109375 83.5812530517578125 78.8000030517578125 74.02500152587890625 70.21250152587890625 67.43125152587890625 64.5437469482421875 62.05625152587890625 59.19374847412109375 56.5625
215.3625030517578125 229 238.337493896484375 245.8562469482421875 250.368743896484375 251.0500030517578125 249.9812469482421875 247.75 243.6125030517578125 236.46875 224.618743896484375 213.7687530517578125 203.1875 193.868743896484375 186.8125 180.3000030517578125 174.618743896484375 167.9250030517578125 161.84375 155.568756103515625 147.368743896484375 138.2937469482421875 130.212493896484375 122.4562530517578125 114.8000030517578125 107.9875030517578125 105.0500030517578125 103.0500030517578125 101.78125 102.4187469482421875 102.31874847412109375 102.61875152587890625 99.8937530517578125 95.74375152587890625 92.0500030517578125 87.16249847412109375 82.3874969482421875 78.06874847412109375 74.55625152587890625 71.63124847412109375 68.6687469482421875 66.21250152587890625 63.231250762939453125 60.700000762939453125
230.3874969482421875 238.6999969482421875 245.225006103515625 250.243743896484375 253.1500091552734375 253.350006103515625 251.162506103515625 248.0812530517578125 242.6937408447265625 234.8874969482421875 226.4375 216.9375 207.3937530517578125 198.693756103515625 191.556243896484375 185.787506103515625 179.431243896484375 173.243743896484375 166.725006103515625 160.1125030517578125 152.0187530517578125 142.9562530517578125 134.618743896484375 127.8312530517578125 119.78749847412109375 113.00624847412109375 109.8874969482421875 107.7375030517578125 106.40000152587890625 106.55625152587890625 107.0187530517578125 106.375 103.3874969482421875 99.1125030517578125 94.625 90.0625 85.6125030517578125 81.5 78.55625152587890625 76.2624969482421875 73.6125030517578125 71.69374847412109375 69.21250152587890625 66.84375
245.306243896484375 250.412506103515625 253.6437530517578125 256.08123779296875 256.756256103515625 255.524993896484375 253.1999969482421875 248.6687469482421875 242.59375 235.7624969482421875 227.4875030517578125 218.993743896484375 211.03125 202.28125 195.9375 190.4187469482421875 184.96875 177.818756103515625 171.53125 165.4562530517578125 156.8312530517578125 147.787506103515625 140.15625 132.662506103515625 124.7375030517578125 118.15625 115.3312530517578125 113.21250152587890625 111.02500152587890625 110.78749847412109375 110.5812530517578125 110.0124969482421875 106.5124969482421875 101.7062530517578125 97.4499969482421875 92.71250152587890625 88.1374969482421875 84.77500152587890625 82.21875 80.6750030517578125 79.36875152587890625 77.69374847412109375 75.02500152587890625 73.5187530517578125
259.5 262.375 261.75 261.912506103515625 260.600006103515625 257.125 252.962493896484375 248.375 242.556243896484375 236.725006103515625 229.8249969482421875 222.056243896484375 214.2062530517578125 205.818756103515625 200.2937469482421875 194.993743896484375 190.0625 182.96875 176.318756103515625 170.1374969482421875 161.3125 152.743743896484375 145.1062469482421875 137.4250030517578125 129.556243896484375 123.3000030517578125 120.4499969482421875 118.1374969482421875 116.4562530517578125 115.4812469482421875 114.3562469482421875 113.3625030517578125 109.3625030517578125 104.2375030517578125 99.625 95.16249847412109375 90.72499847412109375 87.1062469482421875 84.63124847412109375 83.40000152587890625 82.96875 81.72499847412109375 79.65625 79.7062530517578125
267.274993896484375 268.59375 265.931243896484375 262.774993896484375 260.493743896484375 255.381256103515625 251.2937469482421875 247.443756103515625 242.912506103515625 236.8125 231.4499969482421875 223.881256103515625 217.2624969482421875 209.78125 204.09375 199.399993896484375 193.5187530517578125 187.318756103515625 180.337493896484375 173.037506103515625 164.993743896484375 156.881256103515625 149.0812530517578125 141.318756103515625 134.25 128.8874969482421875 125.93125152587890625 123.34375 120.99375152587890625 119.4812469482421875 118.2312469482421875 116.63124847412109375 112.21250152587890625 107.2937469482421875 102.36875152587890625 97.6750030517578125 92.99375152587890625 89.3937530517578125 85.94374847412109375 83.8562469482421875 83.0500030517578125 83.78125 83.43125152587890625 85.03125
273.125 272.64373779296875 268.931243896484375 262.92498779296875 259.59375 255.774993896484375 251.318756103515625 247.46875 242.65625 236.9875030517578125 232.712493896484375 226.6750030517578125 221.3874969482421875 214.5812530517578125 208.181243896484375 203.306243896484375 198.100006103515625 191.056243896484375 183.837493896484375 176.8000030517578125 168.4375 160.6750030517578125 153.25 145.7624969482421875 139.1999969482421875 133.837493896484375 130.9187469482421875 128.2624969482421875 125.6125030517578125 123.43125152587890625 121.96250152587890625 119.8625030517578125 115.2062530517578125 110.36875152587890625 105.33750152587890625 99.97499847412109375 95.2312469482421875 91.41249847412109375 87.19374847412109375 82.6999969482421875 81.90625 84.5500030517578125 86.6062469482421875 88.5625
275.58123779296875 274 268.11248779296875 263 260.681243896484375 254.743743896484375 250.0187530517578125 246.3312530517578125 241.8312530517578125 237.100006103515625 233.125 228.6875 223.475006103515625 217.9562530517578125 212.8000030517578125 207.6125030517578125 201.2375030517578125 193.274993896484375 187.024993896484375 179.975006103515625 171.725006103515625 164.0625 156.9875030517578125 149.7624969482421875 143.868743896484375 138.6374969482421875 135.65625 133.0437469482421875 130.15625 127.8125 125.6875 122.78749847412109375 118.09999847412109375 113.47499847412109375 107.9875030517578125 102.58750152587890625 97.68125152587890625 93.49375152587890625 88.50624847412109375 84.44374847412109375 83.9562530517578125 87.27500152587890625 89.90625 92.84999847412109375
270.837493896484375 268.462493896484375 262.975006103515625 259.037506103515625 255.524993896484375 249.712493896484375 244.5437469482421875 240.306243896484375 236.287506103515625 233.1437530517578125 233.625 229.5 226.4187469482421875 222.975006103515625 217.1687469482421875 210.6875 202.9812469482421875 195.3000030517578125 188.5812530517578125 181.6437530517578125 173.5437469482421875 166.037506103515625 158.931243896484375 152.975006103515625 147.662506103515625 143 140.1999969482421875 137.375 134.6374969482421875 132.568756103515625 130.0625 127.0124969482421875 121.30625152587890625 116.75 112.1875 107.5 102.21250152587890625 97.13124847412109375 92.88124847412109375 90.8000030517578125 90.40625 93.0812530517578125 95.90000152587890625 98.6999969482421875
262.787506103515625 260.98126220703125 257.131256103515625 253.868743896484375 249.09375 243.6999969482421875 238.3937530517578125 234.1437530517578125 229.71875 228.0500030517578125 228.568756103515625 229.337493896484375 230.162506103515625 226.15625 220.6750030517578125 213.056243896484375 204.743743896484375 197.3000030517578125 189.5625 183.1687469482421875 175.1750030517578125 167.65625 160.8312530517578125 155.0625 151.037506103515625 147.1750030517578125 144.149993896484375 141.4499969482421875 139.118743896484375 136.787506103515625 134.46875 131.5812530517578125 126.34999847412109375 120.94374847412109375 116.8249969482421875 112.02500152587890625 106.47499847412109375 101.34999847412109375 98.38124847412109375 97.1374969482421875 96.27500152587890625 98.71250152587890625 101.9875030517578125 105.03749847412109375
254.1062469482421875 253.318756103515625 249.2312469482421875 246.6437530517578125 242.1875 236.850006103515625 231.3249969482421875 227.3874969482421875 221.943756103515625 220.8312530517578125 223.693756103515625 227.59375 231.662506103515625 231 223.068756103515625 214.6437530517578125 206.0124969482421875 198.368743896484375 190.9250030517578125 183.743743896484375 176.3562469482421875 168.6999969482421875 162.193756103515625 156.9562530517578125 153.712493896484375 150.631256103515625 148.1750030517578125 146.118743896484375 143.931243896484375 141.1875 138.4562530517578125 135.8125 130.712493896484375 125.9187469482421875 121.22499847412109375 115.84999847412109375 110.31874847412109375 106.27500152587890625 104 102.7375030517578125 102.0625 103.8562469482421875 107 109.84999847412109375
242.3874969482421875 241.600006103515625 238.8937530517578125 235.4250030517578125 231.568756103515625 226.9875030517578125 221.162506103515625 216.431243896484375 210.7375030517578125 208.6125030517578125 213.337493896484375 219.9812469482421875 227.21875 228.21875 221.8312530517578125 213.5999908447265625 204.9187469482421875 198 191.068756103515625 183.9187469482421875 177.2062530517578125 170.4499969482421875 163.3562469482421875 158.9562530517578125 156.024993896484375 153.1125030517578125 150.881256103515625 149.2687530517578125 147.4250030517578125 145.131256103515625 142.337493896484375 139.693756103515625 134.931243896484375 130.96875 126.0124969482421875 120.6374969482421875 116.9812469482421875 112.9875030517578125 111.03749847412109375 109.7937469482421875 109.4250030517578125 111.0749969482421875 112.5124969482421875 115.15625
230.475006103515625 229.875 227.493743896484375 224.5625 221.162506103515625 216.5062408447265625 210.881256103515625 205.7062530517578125 199.15625 194.25 201.368743896484375 214.4375 221.212493896484375 222.024993896484375 217.875 211.2375030517578125 202.9812469482421875 196.787506103515625 189.90625 182.9499969482421875 176.681243896484375 170.2624969482421875 164.375 160.225006103515625 157.412506103515625 155.1687469482421875 153.2375030517578125 152.149993896484375 151.15625 148.875 146.506256103515625 143.350006103515625 139.9000091552734375 136.287506103515625 131.037506103515625 127.21250152587890625 123.7937469482421875 120.8000030517578125 118.90625 117.375 116.78749847412109375 117.02500152587890625 118.3625030517578125 120.7062530517578125
219.462493896484375 219.09375 216.7624969482421875 214.256256103515625 211.5812530517578125 207.337493896484375 203.506256103515625 198.8937530517578125 193.28125 186.712493896484375 200.0437469482421875 213.537506103515625 217.625 218.3562469482421875 214.443756103515625 208.493743896484375 200.75 194.881256103515625 188.7687530517578125 181.84375 175.743743896484375 169.193756103515625 163.806243896484375 160.0812530517578125 158.381256103515625 156.837493896484375 155.1062469482421875 154.600006103515625 154.100006103515625 152.337493896484375 149.4499969482421875 147.09375 144.3249969482421875 140.806243896484375 136.756256103515625 132.9187469482421875 130.625 127.75 126.6687469482421875 125.5124969482421875 123.55625152587890625 123.7687530517578125 123.68125152587890625 124.68125152587890625
212.625 211.662506103515625 209.8249969482421875 207.381256103515625 204.649993896484375 200.9250030517578125 197.725006103515625 196.0500030517578125 194.193756103515625 198.5437469482421875 212.337493896484375 215.0812530517578125 214.2375030517578125 213.462493896484375 210.6875 205.975006103515625 199.4187469482421875 193.7312469482421875 187.162506103515625 181.100006103515625 174.306243896484375 167.975006103515625 163.181243896484375 159.9375 157.90625 157.1875 156.59375 156.84375 156.6125030517578125 155.087493896484375 153.662506103515625 151.625 148.7624969482421875 145.625 143.274993896484375 140.756256103515625 137.712493896484375 135.2562408447265625 134.0625 131.193756103515625 129.5749969482421875 129.375 128.5500030517578125 129.03125
206.9562530517578125 205.625 203.9562530517578125 201.774993896484375 198.75 196.3562469482421875 193.5625 193.71875 194.5625 199.681243896484375 206.600006103515625 210.100006103515625 210.6062469482421875 209.3874969482421875 207.625 203.462493896484375 198.34375 193.0812530517578125 186.2375030517578125 179.4375 172.756256103515625 166.4499969482421875 161.5500030517578125 158.71875 157.912506103515625 157.3874969482421875 157.4499969482421875 158.600006103515625 159.1374969482421875 158.318756103515625 157.0124969482421875 156.3000030517578125 155.4250030517578125 152.9250030517578125 151.46875 148.4875030517578125 145.0749969482421875 142.5437469482421875 141.2624969482421875 137.2687530517578125 134.75 134.46875 133.1999969482421875 133.100006103515625
