data/historical-monthly-weather-data/wc2.1_cruts4.09_10m_prec_1953-04.asc
ncols        51
nrows        45
xllcorner    -63.500000000000
yllcorner    -7.500000000000
cellsize     0.166666666667
NODATA_value -9999
[rows 0 to 19 of 45, columns 0 to 44 of 51]
238.4250030517578125 238.9812469482421875 240.5124969482421875 247.25 249.9875030517578125 250.100006103515625 249.1875 243.9812469482421875 240.65625 240.96875 244.4250030517578125 247.1437530517578125 248.6062469482421875 248.25 248.1687469482421875 248.806243896484375 250.7375030517578125 250.0124969482421875 252.0625 254.193756103515625 255.962493896484375 258.943756103515625 261.212493896484375 265.70001220703125 268.225006103515625 273.61248779296875 278.506256103515625 285.4375 290.82501220703125 294.20623779296875 297.78125 301.70001220703125 304.818756103515625 309.90625 314.76251220703125 320.618743896484375 324.39373779296875 328.20623779296875 333.70001220703125 337.13751220703125 340.431243896484375 343.149993896484375 342.537506103515625 343.96875 343.65625
246.25 245.0812530517578125 251.1437530517578125 257.45001220703125 263.07501220703125 261.17498779296875 257.8125 255.8625030517578125 253.475006103515625 252.46875 254.125 254.3000030517578125 254.3874969482421875 253.3937530517578125 251.462493896484375 252.3000030517578125 252.037506103515625 252.881256103515625 254.743743896484375 255.912506103515625 256.943756103515625 258.350006103515625 261.54998779296875 264.66876220703125 269.024993896484375 273.82501220703125 279.431243896484375 287.6875 292.61248779296875 295.256256103515625 299.36248779296875 304.699981689453125 309.20623779296875 316.36248779296875 321.42498779296875 327.743743896484375 334.67498779296875 339.649993896484375 344.568756103515625 346.86248779296875 348.993743896484375 352.01251220703125 351.587493896484375 350.61248779296875 349.068756103515625
252.5187530517578125 253.1374969482421875 256.256256103515625 262.07501220703125 266.70001220703125 265.631256103515625 263.89373779296875 263.212493896484375 263.9375 262.45623779296875 260.8125 258.587493896484375 257.70001220703125 254.1875 252.1999969482421875 252.1062469482421875 251.5187530517578125 252.2687530517578125 252.912506103515625 254.5187530517578125 255.9562530517578125 257.774993896484375 259.256256103515625 262.54998779296875 267.76873779296875 272.95001220703125 280.899993896484375 287.15625 291.681243896484375 295.850006103515625 299.993743896484375 304.65625 312.39373779296875 319.59375 324.337493896484375 330.875 340.706268310546875 348.881256103515625 353.381256103515625 356.625 359.28125 360.037506103515625 359.381256103515625 358.837493896484375 356.787506103515625
254.5812530517578125 255.8125 260.368743896484375 262.087493896484375 264.149993896484375 265.42498779296875 265.79376220703125 266.743743896484375 269.90625 270.506256103515625 266.881256103515625 261.66876220703125 256.975006103515625 253.3937530517578125 250.8625030517578125 250.6062469482421875 250.6125030517578125 250.65625 250.837493896484375 252.274993896484375 254.381256103515625 255.6875 255.712493896484375 260.08123779296875 265.29376220703125 269.537506103515625 279.131256103515625 285.306243896484375 290.83123779296875 297.21875 301.88751220703125 307.01873779296875 312.57501220703125 319.662506103515625 325.162506103515625 335.26251220703125 345.743743896484375 355.29376220703125 362.79376220703125 365.318756103515625 368.506256103515625 370.40625 367.118743896484375 364.45623779296875 363.412506103515625
268.63751220703125 265.33123779296875 260.837493896484375 260.350006103515625 262.631256103515625 263.862518310546875 263.649993896484375 266.41876220703125 272.51251220703125 276.28125 269.743743896484375 259.806243896484375 254.431243896484375 250.8937530517578125 248.287506103515625 247.681243896484375 246.993743896484375 246.9499969482421875 246.600006103515625 247.2687530517578125 249.818756103515625 250.274993896484375 250.537506103515625 256.493743896484375 260.006256103515625 264.6875 273.375 283.75 292.462493896484375 297.524993896484375 302.83123779296875 305.63751220703125 311.1875 319.15625 326.381256103515625 337.506256103515625 348.32501220703125 359.79376220703125 368.899993896484375 372.91876220703125 378.25 375.90625 373.26251220703125 372.181243896484375 368.912506103515625
273.63751220703125 271.412506103515625 266.774993896484375 260.09375 260.931243896484375 262.993743896484375 262.662506103515625 265.17498779296875 270.90625 276.475006103515625 267.287506103515625 258.056243896484375 253.46875 250.287506103515625 247.037506103515625 246.431243896484375 243.8000030517578125 242.3249969482421875 242.3937530517578125 242.631256103515625 243.90625 244.506256103515625 247.21875 252.3312530517578125 257.42498779296875 263.54376220703125 272.21875 282.318756103515625 291.08123779296875 295.881256103515625 300.78125 306.01251220703125 309.57501220703125 317.318756103515625 326.75 337.90625 351.89373779296875 364.649993896484375 374.1875 381.506256103515625 383.66876220703125 381.212493896484375 379.60626220703125 379.162506103515625 377.087493896484375
279.57501220703125 276.70623779296875 271.90625 264.08123779296875 257.71875 255.725006103515625 254.899993896484375 255.7375030517578125 257.181243896484375 257.368743896484375 255.225006103515625 252.3000030517578125 251.649993896484375 248.756256103515625 246.100006103515625 245.84375 243.087493896484375 237.9187469482421875 235.0500030517578125 235.0500030517578125 237.568756103515625 239.8687591552734375 242.881256103515625 246.993743896484375 253.4562530517578125 260.88751220703125 270.725006103515625 279.443756103515625 287.962493896484375 293.3125 299.068756103515625 303.66876220703125 308.993743896484375 314.725006103515625 323.90625 336.118743896484375 349.32501220703125 364.056243896484375 377.29376220703125 384.86248779296875 384.16876220703125 382.86248779296875 382.306243896484375 382.03125 381.768768310546875
286.09375 280.6875 273.762481689453125 267.34375 260.943756103515625 256.056243896484375 248.6875 241.287506103515625 236.399993896484375 236.024993896484375 241.006256103515625 245.3625030517578125 247.756256103515625 247.556243896484375 246.087493896484375 244.3249969482421875 240.7624969482421875 234.21875 228.0749969482421875 227.193756103515625 231.2937469482421875 235 237.7937469482421875 242.806243896484375 250.9875030517578125 257.16876220703125 266.725006103515625 276.006256103515625 285.13751220703125 291.35626220703125 295.11248779296875 299.787506103515625 305.45623779296875 311.774993896484375 320.01873779296875 329.95001220703125 343.98748779296875 358.006256103515625 369.38751220703125 376.118743896484375 378.92498779296875 380.01251220703125 379.45001220703125 378.01251220703125 375.54998779296875
290.04998779296875 284.618743896484375 277.21875 269.26873779296875 262.462493896484375 255.7062530517578125 248.537506103515625 239.4375 229.6125030517578125 225.4187469482421875 233.4812469482421875 241.1062469482421875 249.09375 250.2937469482421875 246.931243896484375 244.068756103515625 240.1999969482421875 234.3562469482421875 229.537506103515625 226.818756103515625 226.9812469482421875 232.2624969482421875 235.0500030517578125 242.09375 249.65625 254.3937530517578125 262.881256103515625 272.524993896484375 281.48748779296875 287.64373779296875 293.1875 296 300.318756103515625 304.337493896484375 312.46875 323.01251220703125 337.0625 348.787506103515625 359.943756103515625 366.568756103515625 370.70623779296875 370.725006103515625 372.10626220703125 372.76873779296875 366.118743896484375
293.381256103515625 286.006256103515625 279.23748779296875 271.649993896484375 263.85626220703125 257.4375 251.0124969482421875 242.381256103515625 237.149993896484375 236.350006103515625 241.162506103515625 245.90625 252.125 253.662506103515625 250.03125 244.4499969482421875 239.1875 234.3249969482421875 229.756256103515625 228.7937469482421875 228.818756103515625 231.087493896484375 233.2937469482421875 241.399993896484375 246.256256103515625 249.4375 257.29376220703125 266.375 276.149993896484375 284.524993896484375 287.818756103515625 289.41876220703125 292.9375 297.04998779296875 303.92498779296875 315.381256103515625 326.54376220703125 337.943756103515625 348.26873779296875 357.462493896484375 364.368743896484375 365.23126220703125 365.40625 361.625 357.493743896484375
296.79376220703125 289.899993896484375 282.39373779296875 274.35626220703125 265.131256103515625 259.381256103515625 253.8000030517578125 246.725006103515625 245.0187530517578125 246.09375 250.5812530517578125 256.287506103515625 257.649993896484375 258.193756103515625 251.3562469482421875 243.4562530517578125 237.193756103515625 233.1999969482421875 230.125 228.6687469482421875 231.743743896484375 232.9812469482421875 232.7937469482421875 233.774993896484375 241.118743896484375 244.600006103515625 250.40625 258.53125 266.79376220703125 274.993743896484375 278.54998779296875 280.23748779296875 284.100006103515625 288.04998779296875 294.39373779296875 302.756256103515625 313.04998779296875 324.40625 335.681243896484375 345.681243896484375 352.712493896484375 353.78125 356.6875 355.88751220703125 350.51251220703125
298.125 290.5 282.75 277.59375 269.84375 262.943756103515625 259.162506103515625 255.037506103515625 255.4812469482421875 257.587493896484375 261.98748779296875 266.45623779296875 262.5625 258.83123779296875 251.006256103515625 243.1687469482421875 236.181243896484375 232.2937469482421875 229.8312530517578125 229.056243896484375 231.412506103515625 232.40625 232.4875030517578125 235.556243896484375 237.131256103515625 236.818756103515625 241.9875030517578125 248.625 256.70623779296875 262.83123779296875 266.92498779296875 269.79376220703125 272.59375 276.73748779296875 282.59375 291.48748779296875 302.61248779296875 314.306243896484375 323.131256103515625 330.98748779296875 339.337493896484375 341.95623779296875 343.86248779296875 339.756256103515625 334.5
300.193756103515625 292.20001220703125 284.912506103515625 278.818756103515625 272.64373779296875 269.25 264.66876220703125 260.53125 261.20001220703125 265.649993896484375 269.86248779296875 272.13751220703125 266.787506103515625 255.381256103515625 246.993743896484375 240.818756103515625 233.162506103515625 229.3249969482421875 227.899993896484375 226.0749969482421875 228.225006103515625 227.806243896484375 225.600006103515625 227.96875 224.4187469482421875 222.75 230.1437530517578125 236.625 245.4375 250.850006103515625 255.024993896484375 257.818756103515625 260.3125 264.306243896484375 269.03125 279.41876220703125 290.79998779296875 302.34375 312.5625 320.881256103515625 324.4375 329.17498779296875 328.537506103515625 325.41876220703125 324.35626220703125
301.068756103515625 292.962493896484375 284.84375 278.48748779296875 274.26873779296875 271.0625 266.76873779296875 263.712493896484375 265.96875 269.462493896484375 271.087493896484375 267.98126220703125 261.837493896484375 251.943756103515625 241.1062469482421875 235.837493896484375 228.368743896484375 223.256256103515625 222.1437530517578125 219.34375 220.212493896484375 218.2624969482421875 216.506256103515625 215.381256103515625 213.5437469482421875 212.993743896484375 219.09375 225.9812469482421875 233.5124969482421875 239.368743896484375 243.4812469482421875 247.131256103515625 247.8312530517578125 251.412506103515625 257 268.100006103515625 279.493743896484375 292.54376220703125 304.71875 311.79376220703125 311.962493896484375 310.693756103515625 315.712493896484375 321.625 324.28125
299.875 292.149993896484375 284.86248779296875 279.125 275.600006103515625 272.46875 269.48126220703125 266.58123779296875 267.04376220703125 268.45001220703125 268.818756103515625 264.412506103515625 256.53125 246.6374969482421875 235.162506103515625 227.368743896484375 221.243743896484375 218.9499969482421875 217.2937469482421875 214.7062530517578125 213.78125 212.7375030517578125 209.5187530517578125 208.2937469482421875 207 207.725006103515625 213.03125 220.0749969482421875 227.537506103515625 232.3562469482421875 234.7687530517578125 235.7937469482421875 238.743743896484375 240.837493896484375 244.9562530517578125 255.0500030517578125 270.79376220703125 287.443756103515625 299.5625 304.462493896484375 305.587493896484375 308.32501220703125 317.475006103515625 319.912506103515625 319.67498779296875
296.76873779296875 289.006256103515625 283.88751220703125 279.66876220703125 275.787506103515625 272.98748779296875 270.09375 267.65625 269.13751220703125 268.98126220703125 267.76251220703125 261.75 253.2937469482421875 241.9250030517578125 229.1999969482421875 216.9562530517578125 213.962493896484375 214.7062530517578125 212.306243896484375 210.2375030517578125 209.131256103515625 206.5749969482421875 202.7937469482421875 202.100006103515625 201.03125 202.7312469482421875 207.1687469482421875 214.537506103515625 221.7312469482421875 227.087493896484375 231.3312530517578125 232.037506103515625 229.6875 229.899993896484375 231.524993896484375 246.8312530517578125 262.65625 280.04998779296875 293.556243896484375 303.618743896484375 308.04376220703125 312.712493896484375 316.95623779296875 316.83123779296875 314.743743896484375
292.243743896484375 285.95001220703125 282.35626220703125 279.087493896484375 275.225006103515625 272.67498779296875 271.631256103515625 269.41876220703125 268.96875 268.71875 266.243743896484375 259.5 249.6437530517578125 238.2312469482421875 227.25 217.431243896484375 209.2687530517578125 208.3562469482421875 208.037506103515625 206.931243896484375 205.399993896484375 203.25 199.256256103515625 196.4875030517578125 195.837493896484375 196.9875030517578125 202.125 209.149993896484375 217.1750030517578125 223.6999969482421875 227.71875 228.90625 227.087493896484375 226.506256103515625 232.618743896484375 244.4499969482421875 260.993743896484375 279.568756103515625 298.17498779296875 307.28125 313.48126220703125 316.16876220703125 314.743743896484375 313.4375 309.899993896484375
285.975006103515625 281.837493896484375 278.368743896484375 277.162506103515625 273.6875 272.131256103515625 271.743743896484375 268.45623779296875 267.556243896484375 265.89373779296875 262.274993896484375 255.2687530517578125 245.6999969482421875 236.0500030517578125 226.1750030517578125 217.743743896484375 209.381256103515625 202.006256103515625 204 203.5437469482421875 203.399993896484375 200.568756103515625 196.625 194.225006103515625 194.3874969482421875 195.9562530517578125 199.2375030517578125 208.1062469482421875 217.037506103515625 222.90625 223.912506103515625 219.506256103515625 222.6999969482421875 225.868743896484375 230.381256103515625 245.125 261.443756103515625 278.75 294.881256103515625 308.850006103515625 312.631256103515625 313.881256103515625 312.71875 310.625 307.90625
278.51873779296875 276.024993896484375 274.67498779296875 272.82501220703125 270.293731689453125 270.024993896484375 268.993743896484375 267.806243896484375 267.131256103515625 264.868743896484375 259.66876220703125 250.006256103515625 241.381256103515625 234.0187530517578125 222.7624969482421875 214.6687469482421875 207.412506103515625 201.131256103515625 197.943756103515625 197.6999969482421875 201.162506103515625 200.3000030517578125 190.8312530517578125 191.6999969482421875 194.162506103515625 198.0812530517578125 203.875 211.3125 220.681243896484375 225.53125 226.556243896484375 223.3312530517578125 222.462493896484375 219.1374969482421875 222.4812469482421875 237.3625030517578125 254.5500030517578125 271.0625 289.287506103515625 301.23748779296875 310.056243896484375 311.92498779296875 310.04998779296875 308.13751220703125 306.056243896484375
270.787506103515625 270.08123779296875 268.70623779296875 265.98748779296875 265.73126220703125 268.15625 269.03125 266.48126220703125 265.681243896484375 263.28125 257.03125 248.943756103515625 240.4187469482421875 232.181243896484375 220.181243896484375 208.256256103515625 199.3874969482421875 198.006256103515625 194.53125 193.7937469482421875 194.03125 191.6125030517578125 189.7624969482421875 191.5437469482421875 194.712493896484375 198.756256103515625 206.0749969482421875 215.9250030517578125 223.3937530517578125 225.9499969482421875 224.743743896484375 226.53125 221.850006103515625 213.875 211.631256103515625 225.9250030517578125 247.65625 268.350006103515625 284.899993896484375 297.931243896484375 305.693756103515625 307.92498779296875 307.056243896484375 305.46875 301.225006103515625
