data/historical-monthly-weather-data/wc2.1_cruts4.09_10m_prec_1969-02.asc
ncols        51
nrows        45
xllcorner    -63.500000000000
yllcorner    -7.500000000000
cellsize     0.166666666667
NODATA_value -9999
[rows 0 to 19 of 45, columns 0 to 43 of 51]
126.4250030517578125 124.3000030517578125 121.28749847412109375 120.46875 118.11875152587890625 118.41249847412109375 117.6750030517578125 115.0437469482421875 112.4250030517578125 111.9187469482421875 114.15625 115.5500030517578125 116.3874969482421875 113.40625 111.9812469482421875 110.80625152587890625 110.4250030517578125 107.8625030517578125 108.2624969482421875 109.1999969482421875 110.72499847412109375 112.3562469482421875 115.2687530517578125 117.8312530517578125 120.97499847412109375 124.71250152587890625 129.149993896484375 133.931243896484375 138.7624969482421875 139.875 140.962493896484375 142.3000030517578125 142.8937530517578125 143.756256103515625 145.337493896484375 148.0625 149.6687469482421875 151.087493896484375 154.3625030517578125 156.5749969482421875 159.6875 162.5500030517578125 164.1437530517578125 168.1125030517578125
130.912506103515625 128.818756103515625 127.66875457763671875 126.1437530517578125 125.3125 127.375 127.65000152587890625 128.40625 128.912506103515625 129.0187530517578125 129.7375030517578125 128.96875 127.7062530517578125 125.09999847412109375 122.66249847412109375 120.19374847412109375 118.6062469482421875 117.2062530517578125 117.6125030517578125 118.31874847412109375 119.49375152587890625 121.59999847412109375 124.44374847412109375 126.6687469482421875 128.8312530517578125 132.2624969482421875 136.0500030517578125 140.8125 145.0124969482421875 145.6687469482421875 145.3125 146.787506103515625 147.912506103515625 149.7937469482421875 151.3249969482421875 154.524993896484375 157.037506103515625 158.899993896484375 162.4499969482421875 165.068756103515625 168.274993896484375 170.693756103515625 171.725006103515625 174.756256103515625
134.556243896484375 132.756256103515625 131.6999969482421875 130.9375 131.2312469482421875 133.9875030517578125 137.256256103515625 141.381256103515625 144.71875 145.712493896484375 145.2375030517578125 143.1062469482421875 140.3000030517578125 136.40625 132.6374969482421875 129.1125030517578125 126.24375152587890625 125.0625 124.90000152587890625 125.3625030517578125 126.2937469482421875 128.9187469482421875 130.84375 132.2937469482421875 134.837493896484375 136.756256103515625 140.2687530517578125 144.96875 148.024993896484375 147.5437469482421875 147.493743896484375 147.9875030517578125 149.5500030517578125 150.524993896484375 152.774993896484375 155.693756103515625 159.25 162.8562469482421875 166.318756103515625 169.5437469482421875 172.931243896484375 175.087493896484375 176.2937469482421875 177.756256103515625
136.412506103515625 135.0437469482421875 135.3125 135.3874969482421875 138.068756103515625 141.274993896484375 146.7624969482421875 153.850006103515625 160.181243896484375 163.306243896484375 161.943756103515625 157.2937469482421875 151.625 146.087493896484375 141.712493896484375 137.475006103515625 133.96875 131.2312469482421875 131.024993896484375 132.7312469482421875 133.9875030517578125 135.493743896484375 136.2062530517578125 137.087493896484375 138.318756103515625 139.556243896484375 143.40625 147.4375 149.993743896484375 149.475006103515625 148.193756103515625 148.96875 149.6125030517578125 150.84375 152.3125 156.649993896484375 161.0812530517578125 165.2687530517578125 170.1437530517578125 174.243743896484375 177.0437469482421875 179.181243896484375 180.5187530517578125 181.3125
141.181243896484375 138.1999969482421875 137.118743896484375 138.4250030517578125 142.2375030517578125 147.462493896484375 153.899993896484375 163.962493896484375 174.806243896484375 181.568756103515625 176.493743896484375 168.212493896484375 161.9312591552734375 155.931243896484375 150.181243896484375 145.4375 141.5749969482421875 137.5812530517578125 137.7062530517578125 139.6875 140.9562530517578125 140.850006103515625 141.1125030517578125 141.3625030517578125 141.375 142.0374908447265625 144.2687530517578125 147.5 151.475006103515625 150.8874969482421875 149.506256103515625 148.65625 150.068756103515625 151.493743896484375 152.9250030517578125 158.068756103515625 164.056243896484375 169.568756103515625 175.243743896484375 179.149993896484375 182.78125 184.0124969482421875 184.4187469482421875 184.9875030517578125
143.71875 141.6437530517578125 139.9250030517578125 140.274993896484375 143.7937469482421875 150.4812469482421875 158.5124969482421875 168.9499969482421875 181.3874969482421875 191.1437530517578125 183.9875030517578125 175.28125 169.462493896484375 164.337493896484375 159.25 155.59375 151.125 146.9375 147.037506103515625 148.65625 148.131256103515625 147.212493896484375 146.4812469482421875 145.431243896484375 144.149993896484375 144.46875 146.78125 149.4499969482421875 152.5187530517578125 151.993743896484375 150.9124908447265625 150.375 151.725006103515625 155.181243896484375 158.1500091552734375 164.318756103515625 171.7062530517578125 178.5124969482421875 185.3562469482421875 189.6125030517578125 191.8000030517578125 192.0500030517578125 191.662506103515625 191.212493896484375
146.381256103515625 144.306243896484375 143.1687469482421875 142.475006103515625 145.193756103515625 151.03125 158.649993896484375 166.7375030517578125 176.056243896484375 181.09375 180.618743896484375 177.212493896484375 173.787506103515625 170.6687469482421875 167.693756103515625 165.256256103515625 163.056243896484375 160.6437530517578125 159.65625 158.2062530517578125 154.818756103515625 152.5749969482421875 149.787506103515625 147.6875 147.162506103515625 146.34375 148.4499969482421875 151.412506103515625 153.0187530517578125 152.256256103515625 152.256256103515625 152.243743896484375 155.118743896484375 157.9250030517578125 162.0187530517578125 170.556243896484375 179.068756103515625 187.6999969482421875 196.28125 200.6687469482421875 201.2375030517578125 200.7937469482421875 199.912506103515625 198.350006103515625
148.4875030517578125 145.46875 144.306243896484375 145.0625 147.4499969482421875 151.7062530517578125 156.5124969482421875 161.006256103515625 165.225006103515625 169.537506103515625 174.375 176.9250030517578125 177.368743896484375 175.8937530517578125 174.524993896484375 173.9250030517578125 173.256256103515625 172.462493896484375 171.756256103515625 166.693756103515625 160.350006103515625 156.131256103515625 152.149993896484375 149.868743896484375 148.8000030517578125 147.53125 149.399993896484375 151.6437530517578125 153.743743896484375 153.2062530517578125 152.600006103515625 153.6062469482421875 157.318756103515625 161.6624908447265625 166.5625 175.6374969482421875 185.53125 195.149993896484375 203.375 208.5500030517578125 210.5124969482421875 210.3312530517578125 209.15625 206.3562469482421875
151.25 148.2937469482421875 147.087493896484375 147.8625030517578125 149.4812469482421875 152.056243896484375 155.8249969482421875 158.3874969482421875 159.806243896484375 163.712493896484375 171.03125 177.287506103515625 180.5 181.181243896484375 179.8312530517578125 179.6125030517578125 178.818756103515625 177.2750091552734375 176.4875030517578125 170.506256103515625 162.649993896484375 157.6750030517578125 153.5749969482421875 152.5812530517578125 151.2937469482421875 149.662506103515625 150.7937469482421875 152.7687530517578125 155.1374969482421875 155.006256103515625 155.431243896484375 157.1812591552734375 161.4250030517578125 166.125 171.693756103515625 182.0062408447265625 192.9250030517578125 203.431243896484375 212.756256103515625 219.056243896484375 222.09375 222.4499969482421875 222.118743896484375 220.068756103515625
153.7624969482421875 150.8625030517578125 150.0124969482421875 150.15625 151 153.0124969482421875 156.662506103515625 159.193756103515625 162.774993896484375 167.40625 174.462493896484375 179.912506103515625 184.962493896484375 186.287506103515625 185.0437469482421875 183.09375 180.9499969482421875 178.243743896484375 174.4499969482421875 169.3125 162.5124969482421875 157.993743896484375 154.787506103515625 155.024993896484375 153.6125030517578125 151.493743896484375 152.71875 153.9250030517578125 156.6125030517578125 157.306243896484375 157.774993896484375 159.943756103515625 165.0812530517578125 171.243743896484375 177.975006103515625 188.9375 200.78125 211.5437469482421875 221.4375 229.59375 235.068756103515625 236.4875030517578125 235.9250030517578125 233.318756103515625
155.631256103515625 152.65625 151.8125 151.743743896484375 152.068756103515625 154.118743896484375 157.556243896484375 161.412506103515625 166.4499969482421875 172.337493896484375 179.837493896484375 185.8249969482421875 190.162506103515625 191.53125 189.2375030517578125 185.875 181.8249969482421875 177.118743896484375 171.9875030517578125 167.1062469482421875 160.4375 156.34375 155.006256103515625 154.625 155.350006103515625 152.9375 153.431243896484375 155.131256103515625 157.03125 158.1125030517578125 159.875 162.693756103515625 168.2937469482421875 175.212493896484375 183.65625 195.806243896484375 207.537506103515625 219.868743896484375 230.4375 239.056243896484375 245.9250030517578125 247.600006103515625 247.6750030517578125 245.75
158.6999969482421875 155.600006103515625 154.3874969482421875 154.4812469482421875 155.125 157.3937530517578125 161.0500030517578125 166.274993896484375 171.993743896484375 178.65625 186.818756103515625 192.8125 195 194.6875 191.975006103515625 187.5187530517578125 182.850006103515625 176.7687530517578125 170.3312530517578125 164.381256103515625 157.4875030517578125 154.337493896484375 155.274993896484375 157.5812530517578125 158.131256103515625 154.8312530517578125 154.787506103515625 156.2937469482421875 158.5 160.7937469482421875 163.2375030517578125 166.15625 172.149993896484375 179.09375 187.6062469482421875 200.306243896484375 213.7687530517578125 226.8937530517578125 238.2624969482421875 248.0812530517578125 256.34375 257.537506103515625 255.3937530517578125 251.2062530517578125
160.056243896484375 157.4375 156.774993896484375 156.837493896484375 158.2312469482421875 161.181243896484375 165.6125030517578125 170.837493896484375 176.975006103515625 184.9812469482421875 193.1999969482421875 198.3874969482421875 199.149993896484375 196.3000030517578125 192.84375 187.7375030517578125 182.712493896484375 176.7937469482421875 170.6999969482421875 163.9499969482421875 155.274993896484375 152.9187469482421875 155.0124969482421875 157.2375030517578125 156.5 153.7062530517578125 155.1374969482421875 157.1687469482421875 159.506256103515625 162.587493896484375 165.875 169.412506103515625 174.818756103515625 182.0625 190.8625030517578125 203.5437469482421875 217.3000030517578125 232.2687530517578125 245.068756103515625 256.20623779296875 266.46875 266.34375 260.375 253.493743896484375
160.5 158.212493896484375 157.9499969482421875 158.524993896484375 160.5437469482421875 163.943756103515625 169.306243896484375 175.056243896484375 181.868743896484375 189.6687469482421875 197.1750030517578125 200.0062408447265625 199.53125 197.024993896484375 192.243743896484375 187.681243896484375 182.2062530517578125 177.0812530517578125 171.34375 166.0124969482421875 159.6125030517578125 156.462493896484375 156.1374969482421875 156.03125 154.7312469482421875 152.618743896484375 154.881256103515625 157.3562469482421875 160.3625030517578125 163.431243896484375 167.3874969482421875 171.2375030517578125 176.5437469482421875 183.875 192.4812469482421875 205.7624969482421875 221.131256103515625 237.2624969482421875 252.0437469482421875 264.162506103515625 272.850006103515625 268.5625 262.89373779296875 257.21875
160.25 158.131256103515625 158.618743896484375 160.5124969482421875 162.5124969482421875 166.90625 173.1437530517578125 179.037506103515625 186.1687469482421875 193.6687469482421875 199.9250030517578125 202 200.912506103515625 198.0187530517578125 193.5437469482421875 188.5437469482421875 183.649993896484375 178.787506103515625 174.15625 170.350006103515625 165.006256103515625 160.8249969482421875 158.9499969482421875 157.9562530517578125 156.2375030517578125 155.21875 157.6999969482421875 159.96875 162.8249969482421875 166.368743896484375 169.524993896484375 172.625 177.662506103515625 183.8000030517578125 192.03125 204.78125 221.4187469482421875 239.40625 254.568756103515625 265.625 270.287506103515625 268.4375 265.306243896484375 260.23748779296875
158.9375 157.2312469482421875 158.5124969482421875 161.118743896484375 164.287506103515625 169.318756103515625 175.9375 181.875 189.3000030517578125 197.3249969482421875 203.524993896484375 205.0749969482421875 203.6062469482421875 199.8125 195.131256103515625 188.837493896484375 184.96875 181.5812530517578125 178.1875 175.3000030517578125 169.662506103515625 164.8937530517578125 161.8937530517578125 161.068756103515625 158.931243896484375 157.4875030517578125 159.5437469482421875 162.399993896484375 165.818756103515625 169.556243896484375 172.9562530517578125 174.8312530517578125 177.21875 181.475006103515625 187.6687469482421875 200.7312469482421875 218.431243896484375 238.625 256.037506103515625 266.82501220703125 270.45623779296875 268.1875 265.04376220703125 260.71875
155.9562530517578125 155.5437469482421875 157.4562530517578125 160.7687530517578125 164.8937530517578125 170.5124969482421875 177.462493896484375 184.1999969482421875 191.875 200.21875 207.3625030517578125 209.0437469482421875 207.6999969482421875 203.7937469482421875 198.5437469482421875 191.9875030517578125 186.6812591552734375 183.2375030517578125 180.5124969482421875 178.587493896484375 173.787506103515625 168.931243896484375 165.03125 163.993743896484375 162.412506103515625 159.8312530517578125 161.0187530517578125 164.4875030517578125 168.8125 173.6687469482421875 176.8000030517578125 177.743743896484375 177.5437469482421875 177.3562469482421875 181.84375 194.2312469482421875 212.1437530517578125 236.3312530517578125 259.350006103515625 266.48126220703125 266.60626220703125 264.649993896484375 261.118743896484375 257.45623779296875
150.90625 151.59375 154.7312469482421875 159.0124969482421875 163.568756103515625 169.506256103515625 176.6875 183.8000030517578125 191.868743896484375 200.46875 208.818756103515625 212.618743896484375 213.5437469482421875 210.3562469482421875 205.25 198.6374969482421875 190.837493896484375 184.8000030517578125 183.475006103515625 181.8874969482421875 179.024993896484375 174.337493896484375 169.4499969482421875 167.25 165.412506103515625 163.225006103515625 163.868743896484375 168.131256103515625 173.443756103515625 179.068756103515625 181.6750030517578125 178.618743896484375 175.7312469482421875 173.0749969482421875 174.21875 183.3874969482421875 203.725006103515625 227.600006103515625 248.912506103515625 258.5 259.41876220703125 258.100006103515625 256.162506103515625 254.2624969482421875
145.225006103515625 147.087493896484375 150.90625 155.25 160.5 167.40625 174.3312530517578125 182.149993896484375 191.212493896484375 200.1125030517578125 209.6687469482421875 214.6750030517578125 218.0500030517578125 218.4250030517578125 212.28125 203.068756103515625 193.9562530517578125 186.40625 183.756256103515625 183.28125 182.09375 178.65625 171.8000030517578125 169.3562469482421875 167.7312469482421875 166.75 168.712493896484375 172.9875030517578125 178.975006103515625 185.7375030517578125 188.818756103515625 183.6875 176.462493896484375 168.4562530517578125 165.024993896484375 174.2375030517578125 193.90625 215.8625030517578125 234.962493896484375 245.59375 249.993743896484375 249.6062469482421875 249.8937530517578125 250.118743896484375
139.9312591552734375 142.118743896484375 146.34375 151.1374969482421875 157.28125 164.681243896484375 172.3874969482421875 179.8000030517578125 189.087493896484375 198.53125 208.024993896484375 214.375 220.90625 225.9187469482421875 217.7312469482421875 204.037506103515625 192.4875030517578125 186.21875 183.587493896484375 183.256256103515625 180.4812469482421875 176.40625 173.056243896484375 170.943756103515625 169.7062530517578125 169.2624969482421875 172.631256103515625 177.9875030517578125 183.0124969482421875 189.1875 190.9875030517578125 187.631256103515625 176.8249969482421875 164.1062469482421875 155.649993896484375 166.1062469482421875 187.743743896484375 209.1437530517578125 225.9187469482421875 236.7624969482421875 241.125 241.2375030517578125 244.6687469482421875 247.2624969482421875
