data/historical-monthly-weather-data/wc2.1_cruts4.09_10m_prec_1980-08.asc
ncols        51
nrows        45
xllcorner    -63.500000000000
yllcorner    -7.500000000000
cellsize     0.166666666667
NODATA_value -9999
[rows 19 to 37 of 45, columns 0 to 43 of 51]
104.09999847412109375 105.36875152587890625 107.08750152587890625 109.8937530517578125 111.5124969482421875 113.59999847412109375 114.4375 114.30625152587890625 115.5124969482421875 114.4187469482421875 112.0749969482421875 107.4375 98.71875 89.72499847412109375 83.0437469482421875 75.9875030517578125 66.83124542236328125 65.3625030517578125 66.9187469482421875 72.25624847412109375 74.2312469482421875 79.91249847412109375 91.91249847412109375 102.6125030517578125 110.4812469482421875 113.90625 113.9875030517578125 110.2687530517578125 103.19374847412109375 91.7937469482421875 87.3000030517578125 98.1125030517578125 107.2937469482421875 118.59375 130.524993896484375 134.78125 135.4187469482421875 134.6687469482421875 126.80625152587890625 114.53749847412109375 99.11875152587890625 87.38124847412109375 78.33750152587890625 70.4812469482421875
94.91249847412109375 98.59999847412109375 102.50624847412109375 105.72499847412109375 106.33750152587890625 108.43125152587890625 110.6875 111.96875 113.84375 113.09375 111.96250152587890625 109.125 100.3874969482421875 91.0625 82.9499969482421875 75.78749847412109375 68.40000152587890625 64.3874969482421875 67.38124847412109375 70.96875 77.375 85.6125030517578125 95.15000152587890625 106.34375 117.3625030517578125 119.18125152587890625 113.9812469482421875 109.99375152587890625 105.9562530517578125 102.46250152587890625 101.86875152587890625 107.3874969482421875 112.03125 118.5625 129.306243896484375 132.5875091552734375 135.4499969482421875 134.4562530517578125 125.3000030517578125 114.22499847412109375 100.03749847412109375 89.90625 81.66249847412109375 73.2687530517578125
89.28125 91.55625152587890625 96.1437530517578125 100.9499969482421875 103.53125 105.0187530517578125 108.5500030517578125 109.1875 112.0437469482421875 111.58124542236328125 112.9875030517578125 113.94374847412109375 111.7624969482421875 103.3874969482421875 93.86875152587890625 83.1374969482421875 77.9375 74.41249847412109375 75.4375 78.5437469482421875 80.3562469482421875 86.77500152587890625 96.2624969482421875 106.26874542236328125 114.34375 118.4562530517578125 122.4562530517578125 117.96250152587890625 115.44374847412109375 111.5437469482421875 109.6062469482421875 110.5124969482421875 113.65625 119.3000030517578125 123.3874969482421875 126.72499847412109375 131.9562530517578125 133.8874969482421875 126.3249969482421875 114.73125457763671875 101.41249847412109375 91.46250152587890625 82.18125152587890625 75.9875030517578125
83.91249847412109375 88.83750152587890625 94.5124969482421875 98.27500152587890625 101.75 103.7687530517578125 104.6875 105.13124847412109375 109.65000152587890625 113.59999847412109375 118.4562530517578125 122.5749969482421875 124.93125152587890625 118.1437530517578125 105.91249847412109375 94.0124969482421875 85.49375152587890625 81.9499969482421875 81.88124847412109375 83.1062469482421875 85.4250030517578125 91.2937469482421875 98.99375152587890625 103.5187530517578125 113.5 121.3937530517578125 125.1062469482421875 124.9499969482421875 120.84375 114.28125 111.28125 112.1125030517578125 114.13124847412109375 115.78125 117 115.25 120.65000152587890625 128.8874969482421875 125.31874847412109375 113.53125 102.08750152587890625 91.63124847412109375 82.8000030517578125 76.49375152587890625
79.72499847412109375 85.3874969482421875 91.90000152587890625 93.8625030517578125 96.36875152587890625 99.1437530517578125 102.18125152587890625 105.06874847412109375 106.6750030517578125 112.4250030517578125 118.80625152587890625 128.243743896484375 133.787506103515625 126.41249847412109375 114.58750152587890625 103.0500030517578125 94.71875 90.16249847412109375 88.6875 89.75624847412109375 91.90625 96.47499847412109375 101.13124847412109375 107.31874847412109375 114.53749847412109375 119.47499847412109375 125.6125030517578125 122.7624969482421875 120.49375152587890625 116.18125152587890625 113.8937530517578125 113.11875152587890625 114.49375152587890625 112.84375 112.3249969482421875 108.6750030517578125 112.64374542236328125 121.3312530517578125 119.69374847412109375 109.69374847412109375 98.9499969482421875 89.77500152587890625 81.11875152587890625 74.28125
77.18125152587890625 81.96875 87.8125 91.94374847412109375 95.22499847412109375 97.5 99.71250152587890625 103.09375 106.86875152587890625 112.75 117.88124847412109375 124.65625 129.4875030517578125 125.4562530517578125 116.9375 108.47499847412109375 101.5187530517578125 96.65000152587890625 94.5 95.09375 97.21250152587890625 100.0812530517578125 103.94374847412109375 109.16249847412109375 113.27500152587890625 119.59999847412109375 121.0625 119.4875030517578125 117.8874969482421875 115.30625152587890625 112.71250152587890625 111.25 112.2687530517578125 112.7624969482421875 111.47499847412109375 107.8937530517578125 110.9375 113.41249847412109375 111.25 104.44374847412109375 95.3000030517578125 87.7624969482421875 80.0500030517578125 73.94374847412109375
76.6437530517578125 80.58750152587890625 83.90000152587890625 89.13124847412109375 91.3000030517578125 93.8625030517578125 96.5187530517578125 101.15625 103.4875030517578125 107.5749969482421875 112.96250152587890625 118.4187469482421875 122.11875152587890625 119.0187530517578125 114.9875030517578125 108.5 103.77500152587890625 100.46875 97.5187530517578125 98.75 101.03749847412109375 102.6875 106.7375030517578125 109.0187530517578125 111.8000030517578125 115.94374847412109375 117.75624847412109375 116.5437469482421875 116.0187530517578125 114.61875152587890625 111.79375457763671875 110.56874847412109375 110.28749847412109375 110.3125 109.1687469482421875 108.3937530517578125 109.27500152587890625 108.30625152587890625 106.25 98.90000152587890625 91.61875152587890625 84.8625030517578125 78.75624847412109375 73.7687530517578125
76.2687530517578125 78.0812530517578125 81.6750030517578125 85.3249969482421875 87.63124847412109375 90.1125030517578125 93.97499847412109375 96.875 98.2687530517578125 103.6437530517578125 109.15000152587890625 111.3937530517578125 113.6687469482421875 112.6374969482421875 111.09375 106.94374847412109375 104.22499847412109375 101.13124847412109375 99.80625152587890625 99.00624847412109375 99.28749847412109375 101.8625030517578125 104.09375 107.5437469482421875 109.6125030517578125 110.25 113.0500030517578125 112.5500030517578125 111.375 109.2687530517578125 108.41249847412109375 106.25624847412109375 107.5187530517578125 108.36875152587890625 107.0625 106.625 105.11875152587890625 104.4375 100.30625152587890625 93.59999847412109375 86.97499847412109375 81.46875 77.8625030517578125 72.38124847412109375
77.16249847412109375 75.40625 78.5500030517578125 81.7312469482421875 84.3874969482421875 85.93125152587890625 89.30625152587890625 92.43125152587890625 95.0437469482421875 99.2687530517578125 102.03749847412109375 103.7312469482421875 105.8000030517578125 106.9499969482421875 105.38124847412109375 103.7312469482421875 103.1750030517578125 100.8562469482421875 99.8249969482421875 98.66249847412109375 99.0812530517578125 98.6125030517578125 102.21875 104.56874847412109375 105.3937530517578125 104.6125030517578125 106.9875030517578125 107.66249847412109375 107.3562469482421875 105.9250030517578125 103.91249847412109375 101.74375152587890625 103.5187530517578125 103.9812469482421875 105.6437530517578125 103.88124847412109375 101.28125 99.9562530517578125 96.71875 91.49375152587890625 85.03749847412109375 80.9812469482421875 77.59999847412109375 75.0500030517578125
75.58750152587890625 75.0124969482421875 76.2937469482421875 78.75624847412109375 79.3249969482421875 81.03125 83.15000152587890625 85.0749969482421875 89.8312530517578125 92.5187530517578125 95.1687469482421875 96.5749969482421875 98.41249847412109375 100.5 100.5437469482421875 100.11875152587890625 101.33750152587890625 100.2375030517578125 99.22499847412109375 98.6125030517578125 98.3874969482421875 97.77500152587890625 99.80625152587890625 100.28749847412109375 101.28125 99.5812530517578125 101.9375 102.1062469482421875 101.53749847412109375 100.3562469482421875 98.4187469482421875 97.3937530517578125 98 98.375 100.7937469482421875 101.49375152587890625 100.34375 99.29375457763671875 96.1999969482421875 90.2312469482421875 82.68125152587890625 79.3249969482421875 77.3625030517578125 76.81874847412109375
74.24375152587890625 73.9187469482421875 74.4187469482421875 74.44374847412109375 75.16249847412109375 76.7312469482421875 77.9250030517578125 80.71250152587890625 83.53749847412109375 85.28749847412109375 88.09375 90.31874847412109375 92.2062530517578125 93.8937530517578125 94.8312530517578125 95.31874847412109375 95.88124847412109375 97.09999847412109375 98.46875 96.25 95.3874969482421875 96.03125 97.61875152587890625 96.96250152587890625 96.15625 96.18125152587890625 95.9250030517578125 95.5812530517578125 93.18125152587890625 92.2062530517578125 91.59999847412109375 91.83750152587890625 92.8562469482421875 94.5625 97.3249969482421875 97.38124847412109375 99.7375030517578125 100.3125 96.7687530517578125 93.875 89.08750152587890625 85.2062530517578125 80.84999847412109375 79.30625152587890625
72.6687469482421875 71.3874969482421875 70.21250152587890625 70.8625030517578125 72.96250152587890625 73.43125152587890625 74.4875030517578125 75.33750152587890625 77 78.44374847412109375 80.16249847412109375 84.1374969482421875 87.7062530517578125 89.5812530517578125 89.31874847412109375 90.2062530517578125 92.81874847412109375 94.41249847412109375 96.53125 95.8000030517578125 94.21875 92 92.4250030517578125 91.53749847412109375 90.1750030517578125 90.4250030517578125 88.5749969482421875 88.49375152587890625 87.22499847412109375 87.05625152587890625 87.41249847412109375 87.28749847412109375 88.06874847412109375 90.4499969482421875 95.0124969482421875 95.3874969482421875 97.9499969482421875 99.6437530517578125 99.43125152587890625 99.4187469482421875 95.4499969482421875 88.65000152587890625 83.21250152587890625 82.97499847412109375
70.625 69.3937530517578125 67.81874847412109375 67.75 69.65000152587890625 69.71875 69.8312530517578125 69.34999847412109375 70.9250030517578125 72.4562530517578125 73.99375152587890625 77.3249969482421875 80.02500152587890625 83.11875152587890625 84.25624847412109375 87.65000152587890625 89.6062469482421875 90.6687469482421875 91.4499969482421875 91.7062530517578125 90.6374969482421875 90.40000152587890625 88.6999969482421875 85.5437469482421875 84.53125 84.0625 82.33750152587890625 82.1687469482421875 80.6062469482421875 80.375 81.78125 81.6875 83.2624969482421875 86.71250152587890625 88.97499847412109375 89.75 92.9812469482421875 96.11875152587890625 97.56874847412109375 98.625 95.6437530517578125 89.34375 85.80625152587890625 83.52500152587890625
67.59375 65.8874969482421875 64.65000152587890625 64.75 64.7687530517578125 64.15000152587890625 64.59375 64.4812469482421875 64.90625 66.6062469482421875 69.375 71.5 73.8937530517578125 77.99375152587890625 79.40000152587890625 82.78125 84.6437530517578125 86.09375 86.3125 86.25 84.9812469482421875 83.9250030517578125 82.65000152587890625 81.9499969482421875 80.9812469482421875 79.2624969482421875 77.9875030517578125 75.5500030517578125 74.71250152587890625 74.21250152587890625 75.53749847412109375 75.40000152587890625 77.1750030517578125 79.9812469482421875 82.66249847412109375 83.90625 87.2375030517578125 90.05625152587890625 92.0437469482421875 93.7062530517578125 91.43125152587890625 87.6999969482421875 84.77500152587890625 82.1687469482421875
64.4375 63.674999237060546875 62.16249847412109375 62.456249237060546875 60.03125 59.77500152587890625 60.38124847412109375 60.09999847412109375 60.00624847412109375 60.66249847412109375 62.18125152587890625 65.3312530517578125 69.1374969482421875 70.84999847412109375 73.5437469482421875 75.65000152587890625 78.61875152587890625 79.06874847412109375 78.8125 79.34999847412109375 78.65625 77.6687469482421875 77.0812530517578125 75.8625030517578125 75.88124847412109375 75.0437469482421875 73.5187530517578125 70.78125 70.75 70.6374969482421875 70.9562530517578125 70.3562469482421875 71.1374969482421875 72.8249969482421875 76.0812530517578125 77.7312469482421875 80.96875 83.40000152587890625 85.7937469482421875 86.5437469482421875 87.4250030517578125 85.8000030517578125 83.2687530517578125 80.52500152587890625
62.1875 61.081249237060546875 59.799999237060546875 58.34999847412109375 56.78125 56.200000762939453125 56.08750152587890625 55.700000762939453125 54.40000152587890625 55.125 56.21250152587890625 60.09375 62.91249847412109375 66.2062530517578125 68.59375 71.19374847412109375 73.6125030517578125 73.59999847412109375 73.15000152587890625 73.5187530517578125 73.1062469482421875 71.8125 70.46250152587890625 70.28749847412109375 69.9812469482421875 70.00624847412109375 68.5625 66.4187469482421875 66.5812530517578125 66.6687469482421875 65.46875 64.1125030517578125 65.03125 66.21875 68.71875 70.54375457763671875 72.46875 75.96250152587890625 78.9875030517578125 80.3249969482421875 80.74375152587890625 80.0500030517578125 79.4812469482421875 77.8625030517578125
60.3125 59.40625 57.387500762939453125 55.456249237060546875 53.99375152587890625 52.424999237060546875 51.50624847412109375 50.22499847412109375 49.393749237060546875 50.09999847412109375 51.924999237060546875 54.52500152587890625 57.91249847412109375 60.65000152587890625 63.09375 66.0500030517578125 67.53125 68.2062530517578125 66.8874969482421875 66.7062530517578125 66.71250152587890625 67 65.53749847412109375 65.46875 64.59375 63.86875152587890625 62.5625 62.68125152587890625 61.71875 60.887500762939453125 59.63124847412109375 58.41249847412109375 57.737499237060546875 59.59375 61.200000762939453125 61.875 65.1750030517578125 68.56874847412109375 70.30625152587890625 72.8125 73.68125152587890625 74.94374847412109375 73.46250152587890625 72.90625
56.893749237060546875 55.893749237060546875 53.71875 52.15625 50.68125152587890625 49.25 48.106250762939453125 47.137500762939453125 45.731250762939453125 45.28125 48.25624847412109375 52.06874847412109375 55.018749237060546875 56.59375 59.21875 60.81874847412109375 62.03749847412109375 61.981250762939453125 61.231250762939453125 60.30625152587890625 60.450000762939453125 60.893749237060546875 60.106250762939453125 60.268749237060546875 59.924999237060546875 58.25624847412109375 58.043750762939453125 58.03125 56.27500152587890625 55.43125152587890625 54.612499237060546875 52.856250762939453125 52.762500762939453125 53.325000762939453125 54.59375 55.887500762939453125 58.94374847412109375 62.6875 64.16249847412109375 66.5500030517578125 67.2312469482421875 68.72499847412109375 67.7375030517578125 68
54.36875152587890625 53.61875152587890625 50.99375152587890625 49.987499237060546875 48.6875 46.83750152587890625 45.43125152587890625 44.09999847412109375 43.487499237060546875 42.77500152587890625 47.875 51.356250762939453125 51.987499237060546875 53.63124847412109375 56.09375 57.075000762939453125 57.168750762939453125 56.24375152587890625 56.46250152587890625 55.418750762939453125 55.44374847412109375 55.168750762939453125 54.75624847412109375 54.91249847412109375 54.78749847412109375 54.137500762939453125 54.33750152587890625 54.643749237060546875 53.831249237060546875 52.356250762939453125 50.487499237060546875 49.606250762939453125 49.96250152587890625 48.86875152587890625 49.075000762939453125 49.9375 54.09375 58.16249847412109375 60.18125152587890625 62.481250762939453125 61.075000762939453125 61.268749237060546875 61.22499847412109375 61.44374847412109375
