data/historical-monthly-weather-data/wc2.1_cruts4.09_10m_prec_2021-10.asc
ncols        51
nrows        45
xllcorner    -63.500000000000
yllcorner    -7.500000000000
cellsize     0.166666666667
NODATA_value -9999
[rows 20 to 39 of 45, columns 0 to 43 of 51]
141.875 149.274993896484375 157.6125030517578125 165.7062530517578125 173.274993896484375 179.4250030517578125 185.1125030517578125 188.962493896484375 190.9250030517578125 189.6999969482421875 186.162506103515625 180.087493896484375 173.84375 166.931243896484375 163.8937530517578125 161.4875030517578125 158.475006103515625 157.475006103515625 160.350006103515625 162.40625 165.524993896484375 170.3312530517578125 175.256256103515625 178.443756103515625 179.787506103515625 176.975006103515625 168.3125 154.8249969482421875 141.5437469482421875 130.3625030517578125 121.81874847412109375 118.125 116.0625 115.40625 114.94374847412109375 106.84999847412109375 98.34375 92.5187530517578125 85.66249847412109375 78.59375 71.25624847412109375 64.18125152587890625 56.21875 49.13124847412109375
137.274993896484375 147 156.5124969482421875 165.5625 174.4250030517578125 182.21875 189.068756103515625 194.743743896484375 198.53125 197.1999969482421875 192.4875030517578125 185.600006103515625 178.868743896484375 173.2062530517578125 169.2312469482421875 166.681243896484375 164.8625030517578125 163.90625 165.15625 167.0812530517578125 167.3562469482421875 170.1750030517578125 174.34375 175.475006103515625 174.537506103515625 171.600006103515625 165.8937530517578125 156.493743896484375 147.556243896484375 139.5124969482421875 132.71875 128.568756103515625 125.74375152587890625 124.4562530517578125 121.52500152587890625 114.4812469482421875 105.58750152587890625 97.65625 89.34999847412109375 81.6687469482421875 73.86875152587890625 66.50624847412109375 58.96250152587890625 51.768749237060546875
134.712493896484375 146.875 157.4562530517578125 167.1125030517578125 175.681243896484375 184.287506103515625 192.6687469482421875 200.75 207.6687469482421875 205.056243896484375 199.243743896484375 191.0749969482421875 185.118743896484375 180.8312530517578125 176.493743896484375 173.350006103515625 171.3249969482421875 170.90625 171.1437530517578125 171.6999969482421875 171.875 172.1999969482421875 173.5749969482421875 173.443756103515625 171.3312530517578125 166.462493896484375 162.7062530517578125 158.181243896484375 151.4499969482421875 145.943756103515625 141.75 138.6062469482421875 134.71875 132.118743896484375 128.037506103515625 120.50624847412109375 111.56874847412109375 102.2937469482421875 93.25624847412109375 86.0625 78.3125 70.5749969482421875 62.674999237060546875 55.075000762939453125
134.0124969482421875 147.6687469482421875 159.9562530517578125 168.8249969482421875 177.087493896484375 186.0187530517578125 194.399993896484375 203.3625030517578125 210.0749969482421875 208.524993896484375 202.5124969482421875 195.9875030517578125 190.931243896484375 187.1687469482421875 183.5124969482421875 180.3562469482421875 178.53125 177.431243896484375 176.7312469482421875 176.1750030517578125 175.84375 176.0500030517578125 175.1125030517578125 173.1999969482421875 169.3937530517578125 162.818756103515625 157.712493896484375 156.0812530517578125 153.8625030517578125 150.9375 148.131256103515625 145.412506103515625 141.725006103515625 138.2062530517578125 133.993743896484375 127.31874847412109375 118.8000030517578125 109.25 100.34999847412109375 92.4187469482421875 84.3874969482421875 76.2687530517578125 67.7312469482421875 59.481250762939453125
137.7062530517578125 150.8125 163.5124969482421875 170.931243896484375 178.5 186.9875030517578125 194.8312530517578125 202.212493896484375 207.71875 208.71875 206.2687530517578125 201.5625 197.90625 194.9375 191.2375030517578125 188.59375 186.375 184.71875 183.2062530517578125 182.037506103515625 180.7937469482421875 178.90625 177.90625 174.5500030517578125 170.2937469482421875 165.756256103515625 161.03125 158.881256103515625 157.1125030517578125 155.03125 152.6437530517578125 149.5 146.9250030517578125 143.375 139.6125030517578125 132.868743896484375 125.90625 118.36875152587890625 109.05625152587890625 100.875 92.375 83.40000152587890625 74.0187530517578125 65.58750152587890625
143.1374969482421875 154.256256103515625 163.4562530517578125 171.725006103515625 178.6875 186.506256103515625 193.84375 200.5 206.3249969482421875 209.53125 207.993743896484375 206.024993896484375 203.6062469482421875 201.5500030517578125 198.993743896484375 196.381256103515625 194.537506103515625 191.943756103515625 189.9562530517578125 188.037506103515625 186.1875 183.4250030517578125 181.493743896484375 177.850006103515625 173.8249969482421875 169.912506103515625 166.243743896484375 163.1125030517578125 160.693756103515625 158.899993896484375 155.5500030517578125 153.53125 151.6750030517578125 148.3562469482421875 145.443756103515625 139.3937530517578125 133.2375030517578125 127.1687469482421875 118.47499847412109375 110.09375 101.4499969482421875 91.90625 81.6999969482421875 72.71875
149.6125030517578125 156.274993896484375 163.84375 170.881256103515625 177.1875 185.0500030517578125 191.881256103515625 198.21875 203.1875 206.0500030517578125 207.912506103515625 207.7687530517578125 207.0187530517578125 206.2062530517578125 203.65625 201.8562469482421875 199.3000030517578125 197.3249969482421875 194.943756103515625 192.625 190.5 187.34375 184.65625 182.3125 177.7624969482421875 173.8937530517578125 169.931243896484375 166.431243896484375 163.90625 161.556243896484375 159.2687530517578125 156.225006103515625 155.056243896484375 152.8125 149.8874969482421875 145.0687408447265625 140.056243896484375 134.899993896484375 127.34999847412109375 120.0187530517578125 111.8125 102.77500152587890625 92.8249969482421875 83.5625
155.568756103515625 159.1875 164.96875 170.90625 176.287506103515625 183.462493896484375 190.506256103515625 196.037506103515625 200.6374969482421875 204.537506103515625 206.8625030517578125 208.162506103515625 209.5749969482421875 209.318756103515625 207.6875 206.149993896484375 204.6374969482421875 201.6750030517578125 199.662506103515625 198.0124969482421875 194.9375 191.4124908447265625 189.25 185.774993896484375 181.306243896484375 177.681243896484375 174.0500030517578125 170.556243896484375 166.6687469482421875 163.9562530517578125 160.975006103515625 158.4499969482421875 157.71875 156.056243896484375 154.7062530517578125 150.375 145.868743896484375 142.5500030517578125 135.8125 129.868743896484375 123.81874847412109375 114.9250030517578125 104.33750152587890625 95.8874969482421875
161.1374969482421875 162.3874969482421875 166.03125 170.9875030517578125 175.493743896484375 181.3625030517578125 187.287506103515625 192.962493896484375 197.912506103515625 202.84375 206.65625 209.125 211.28125 212.006256103515625 211.40625 210.1687469482421875 209.318756103515625 206.556243896484375 204.1999969482421875 202.4875030517578125 198.8000030517578125 195.40625 192.7687530517578125 188.868743896484375 184.318756103515625 181 177.25 173.3874969482421875 170.243743896484375 166.75 162.806243896484375 160.193756103515625 159.8874969482421875 158.9812469482421875 158.2937469482421875 155.131256103515625 151.5812530517578125 148.524993896484375 142.318756103515625 137.25 132.8874969482421875 124.7062530517578125 114.9375 108.5437469482421875
164.40625 163.8562469482421875 165.756256103515625 168.125 171.556243896484375 176.0124969482421875 181.6999969482421875 187.725006103515625 193.631256103515625 198.4437408447265625 203.743743896484375 206.806243896484375 210.618743896484375 212.837493896484375 212.725006103515625 212.818756103515625 211.5500030517578125 209.9499969482421875 207.3312530517578125 204.2937469482421875 201.181243896484375 197.9250030517578125 194.6875 190.0437469482421875 186.0187530517578125 183.431243896484375 179.443756103515625 175.162506103515625 171.1437530517578125 167.7687530517578125 164.693756103515625 162.131256103515625 161.774993896484375 161.6750030517578125 161.0437469482421875 158.412506103515625 155.337493896484375 153.25 146.3000030517578125 140.8125 136.850006103515625 132.568756103515625 125.93125152587890625 122.2312469482421875
166.743743896484375 164.225006103515625 164.875 164.90625 167.037506103515625 172.0500030517578125 177.243743896484375 182.96875 188.65625 193.774993896484375 200.162506103515625 204.9250030517578125 210.475006103515625 213.975006103515625 213.912506103515625 214.625 214.818756103515625 212.475006103515625 209.662506103515625 206.9499969482421875 203.0749969482421875 199.8125 196.537506103515625 191.693756103515625 187.681243896484375 184.4562530517578125 180.412506103515625 176.056243896484375 171.756256103515625 168.493743896484375 166.1937408447265625 163.9875030517578125 163.743743896484375 164.0875091552734375 163.818756103515625 161.0187530517578125 158.7937469482421875 157.287506103515625 150.0812530517578125 141.5187530517578125 138.78125 138.5749969482421875 136.524993896484375 134.1437530517578125
166.8874969482421875 163.0187530517578125 161.8125 161.8249969482421875 164.0749969482421875 167.431243896484375 172.100006103515625 177.6062469482421875 183.3937530517578125 189.193756103515625 195.774993896484375 202.25 208.256256103515625 213.5437469482421875 215.4562530517578125 216.6999969482421875 216.375 213.1437530517578125 211.46875 208.7312469482421875 204.6062469482421875 201.03125 197.7062530517578125 192.5124969482421875 188.618743896484375 184.9562530517578125 180.75 176.443756103515625 172 169.46875 167.46875 165.1999969482421875 165.3000030517578125 166.318756103515625 165.75 163.725006103515625 162.193756103515625 161.0187530517578125 153.5437469482421875 146.84375 145.774993896484375 147.65625 147.46875 147.493743896484375
162.118743896484375 158.181243896484375 157.0437469482421875 157.4875030517578125 158.649993896484375 161.568756103515625 165.34375 169.8125 175.34375 181.756256103515625 191.46875 198.412506103515625 206.6999969482421875 214.40625 216.4875030517578125 217.149993896484375 216.1062469482421875 213.2375030517578125 210.9562530517578125 208.2375030517578125 204.006256103515625 200.2437591552734375 196.4499969482421875 192.0187530517578125 187.993743896484375 184.2624969482421875 180.1125030517578125 175.5187530517578125 171.368743896484375 170.131256103515625 168.6687469482421875 167.162506103515625 166.162506103515625 167.3625030517578125 168.3562469482421875 168.1062469482421875 166.7062530517578125 164.8625030517578125 159.9250030517578125 158.03125 158.537506103515625 160.5124969482421875 161.8625030517578125 162.8937530517578125
155.2375030517578125 152.2687530517578125 151.962493896484375 152.59375 152.712493896484375 155.3249969482421875 158.368743896484375 162.193756103515625 166.7375030517578125 173.600006103515625 182.631256103515625 193.6374969482421875 205.631256103515625 213.3125 216.3812408447265625 216.7062530517578125 215.725006103515625 213.15625 209.649993896484375 207.431243896484375 202.993743896484375 198.837493896484375 194.993743896484375 189.9187469482421875 186.5437469482421875 183 178.431243896484375 173.9562530517578125 170.4187469482421875 169.7937469482421875 169.6125030517578125 169.256256103515625 169.193756103515625 169.3625030517578125 171.1875 171.3874969482421875 170.28125 169.1437530517578125 167.8312530517578125 168.899993896484375 170.0437469482421875 172.9375 176.524993896484375 179.2937469482421875
148.03125 146.2312469482421875 145.7062530517578125 146.5124969482421875 146.5812530517578125 148.71875 151.037506103515625 154.4250030517578125 157.7312469482421875 164.34375 174.556243896484375 187.90625 202.7062530517578125 213.681243896484375 215.131256103515625 215.412506103515625 214.75 211.931243896484375 208.6125030517578125 205.3562469482421875 201.256256103515625 196.6125030517578125 192.6374969482421875 187.4250030517578125 184.087493896484375 180.7624969482421875 176.7624969482421875 173.0812530517578125 169.818756103515625 169.537506103515625 169.850006103515625 170.7062530517578125 171.006256103515625 172.125 173.287506103515625 173.125 172.568756103515625 173.875 175.006256103515625 177.4187469482421875 180.274993896484375 183.412506103515625 188.15625 191.993743896484375
139.2062530517578125 137.8937530517578125 138.181243896484375 138.399993896484375 138.6687469482421875 140.943756103515625 142.662506103515625 145.149993896484375 148.181243896484375 153.943756103515625 165.274993896484375 179.8000030517578125 196.1437530517578125 207.725006103515625 210.881256103515625 211.806243896484375 211.46875 209.1687469482421875 206.037506103515625 202.4499969482421875 198.6125030517578125 194.4812469482421875 189.3937530517578125 184.774993896484375 181.399993896484375 177.8625030517578125 174.1875 171.100006103515625 168.368743896484375 169.068756103515625 169.8625030517578125 171.118743896484375 171.8312530517578125 173.8937530517578125 174.600006103515625 174.3000030517578125 176.506256103515625 177.774993896484375 179.756256103515625 182.5187530517578125 186.337493896484375 190.125 193.056243896484375 197.693756103515625
130.3125 129.5812530517578125 130.03125 130.5437469482421875 131.03125 132.912506103515625 134.40625 136.25 138.712493896484375 142.4375 155.28125 173.8312530517578125 188.506256103515625 198.7624969482421875 204.0812530517578125 206.9375 207.337493896484375 205.431243896484375 201.9499969482421875 198.09375 194.243743896484375 189.9875030517578125 185.787506103515625 181.09375 177.5437469482421875 174.5437469482421875 171.243743896484375 168.8125 167.1750030517578125 168.287506103515625 169.993743896484375 171.056243896484375 173.306243896484375 175.6875 175.8125 177.568756103515625 179.8562469482421875 182.4875030517578125 184.725006103515625 187.2249908447265625 190.84375 193.318756103515625 197.212493896484375 202.493743896484375
121.6374969482421875 121.44374847412109375 122.0437469482421875 122.77500152587890625 123.6750030517578125 125.6062469482421875 127.96875 129.9875030517578125 133.25 135.8625030517578125 153.3874969482421875 171.587493896484375 183.1437530517578125 192.4812469482421875 198.0187530517578125 201.7687530517578125 202.837493896484375 200.943756103515625 197.8625030517578125 193.65625 189.46875 184.5124969482421875 180.3874969482421875 175.9250030517578125 173.3562469482421875 170.881256103515625 167.96875 166.274993896484375 165.3125 167.3000030517578125 168.774993896484375 170.962493896484375 173.8562469482421875 176.0999908447265625 177.631256103515625 179.1374969482421875 182.7312469482421875 185.274993896484375 188.8249969482421875 192.024993896484375 193.7687530517578125 197.0749969482421875 199.6687469482421875 203.6750030517578125
113.33750152587890625 113.2624969482421875 114.5187530517578125 115.7062530517578125 116.96250152587890625 119.3937530517578125 122.30625152587890625 126.41249847412109375 132.2312469482421875 142.90625 161.162506103515625 171.4875030517578125 179.306243896484375 187.350006103515625 193.381256103515625 197.65625 199.3312530517578125 197.337493896484375 193.5812530517578125 190.037506103515625 184.59375 179.34375 175.40625 171.53125 168.71875 167.306243896484375 165.899993896484375 165.399993896484375 164.9562530517578125 166.8874969482421875 169.5124969482421875 171.6750030517578125 173.9812469482421875 176.1125030517578125 179.1999969482421875 182.0124969482421875 184.131256103515625 186.84375 189.9812469482421875 190.53125 192.6062469482421875 195.2062530517578125 196.625 199.7312469482421875
105.375 105.52500152587890625 107.33750152587890625 109.13124847412109375 110.68125152587890625 114.1437530517578125 117.5749969482421875 123.0437469482421875 130.6999969482421875 141.868743896484375 154.9812469482421875 166.1687469482421875 175.431243896484375 183.3249969482421875 189.662506103515625 193.662506103515625 195.993743896484375 194.181243896484375 190.037506103515625 185.53125 179.693756103515625 173.9562530517578125 169.475006103515625 166.1687469482421875 164.8125 163.774993896484375 163.4187469482421875 164.243743896484375 164.9187469482421875 167.149993896484375 169.3312530517578125 172.40625 176.350006103515625 178.712493896484375 182.3125 184.131256103515625 185.3125 187.4875030517578125 190.2375030517578125 189.0812530517578125 189.65625 191.9187469482421875 192.556243896484375 194.5500030517578125
