data/historical-monthly-weather-data/wc2.1_cruts4.09_10m_prec_1974-02.asc
ncols        51
nrows        45
xllcorner    -63.500000000000
yllcorner    -7.500000000000
cellsize     0.166666666667
NODATA_value -9999
[rows 0 to 19 of 45, columns 0 to 44 of 51]
192.712493896484375 190.1374969482421875 182.850006103515625 178.399993896484375 171.625 167.3937530517578125 161.475006103515625 153.1687469482421875 144.9562530517578125 139.5437469482421875 137.5625 134.96875 131.725006103515625 124.33750152587890625 119.3562469482421875 114.8562469482421875 111.3125 106.34999847412109375 104.46250152587890625 103.2062530517578125 103.1687469482421875 103.28749847412109375 104.9812469482421875 109 114.11875152587890625 120.3000030517578125 129.4250030517578125 139.681243896484375 150.84375 161.350006103515625 172.9250030517578125 185.4562530517578125 196.712493896484375 208.806243896484375 221.774993896484375 231.818756103515625 239.46875 246.2062530517578125 251.5625 254.4250030517578125 258.625 261.70001220703125 262.587493896484375 266.96875 267.387481689453125
203.1062469482421875 201.243743896484375 197.399993896484375 192.506256103515625 188.412506103515625 186.9250030517578125 182.412506103515625 178.5 173.7312469482421875 168.274993896484375 163.662506103515625 157.71875 151.306243896484375 143.568756103515625 136.5687408447265625 129.8312530517578125 124.34999847412109375 120.21250152587890625 118.15000152587890625 116.55625152587890625 116.43125152587890625 117.33750152587890625 119.33750152587890625 123.25624847412109375 127.63750457763671875 133.71875 142.287506103515625 152.5749969482421875 163.1687469482421875 174.037506103515625 184.943756103515625 198.6125030517578125 210.537506103515625 223.8874969482421875 236.4250030517578125 246.2687530517578125 254.25 260.506256103515625 265.04376220703125 267.28125 270.412506103515625 272.399993896484375 272.162506103515625 274.850006103515625 274.443756103515625
211.7624969482421875 210.46875 207.03125 203.568756103515625 201.462493896484375 201.318756103515625 201.4875030517578125 202.537506103515625 201.5 196.875 190.2687530517578125 181.9499969482421875 172.96875 162.9812469482421875 153.7062530517578125 145.068756103515625 137.618743896484375 133.3000030517578125 130.3312530517578125 128.3000030517578125 128.3625030517578125 130.4250030517578125 132.1999969482421875 136.337493896484375 142.225006103515625 147.78125 156.3312530517578125 166.725006103515625 176.256256103515625 186.6750030517578125 199.118743896484375 212.725006103515625 226.46875 239.662506103515625 254.462493896484375 263.91876220703125 273.48748779296875 282.39373779296875 285.90625 288.10626220703125 290.493743896484375 290.29998779296875 288.53125 287.131256103515625 287.26873779296875
217.725006103515625 217.118743896484375 216.056243896484375 214.15625 216.0812530517578125 217.056243896484375 221.037506103515625 226.8937530517578125 230.225006103515625 228.412506103515625 220.243743896484375 207.7687530517578125 194.399993896484375 181.662506103515625 170.8937530517578125 160.65625 151.8249969482421875 145.34375 141.9937591552734375 141.087493896484375 142.118743896484375 143.8312530517578125 145.21875 149.96875 155.84375 161.912506103515625 171.1437530517578125 180.8562469482421875 189.9375 201.318756103515625 213.306243896484375 228.7624969482421875 242.6374969482421875 257.76251220703125 272.712493896484375 284.86248779296875 295.9375 305.61248779296875 310.70001220703125 313.33123779296875 313.35626220703125 310.9375 307.01873779296875 302.462493896484375 301.556243896484375
228.618743896484375 225.46875 222.4875030517578125 222.8625030517578125 226.9187469482421875 231.53125 237.4375 248.350006103515625 258.649993896484375 262.09375 248.3312530517578125 230.0749969482421875 215.125 201.0749969482421875 187.756256103515625 176.1750030517578125 166.3000030517578125 158.006256103515625 154.7624969482421875 154.1062469482421875 155.9499969482421875 156.818756103515625 158.712493896484375 164.15625 170.037506103515625 176.725006103515625 184.2062530517578125 192.8562469482421875 203.84375 216.0749969482421875 229.0812530517578125 243.318756103515625 259.67498779296875 276.399993896484375 292.42498779296875 306.11248779296875 319.88751220703125 331.787506103515625 337.42498779296875 338.5625 338.774993896484375 332.568756103515625 324.79998779296875 317.95623779296875 313.98748779296875
236.475006103515625 234.787506103515625 230.5749969482421875 229.21875 232.681243896484375 239.2687530517578125 247.3000030517578125 258.45623779296875 271.04998779296875 278.806243896484375 261.75 242.524993896484375 227.868743896484375 214.662506103515625 201.9499969482421875 191.4812469482421875 180.743743896484375 172.4875030517578125 169.681243896484375 169.15625 169.899993896484375 170.881256103515625 172.6437530517578125 177.381256103515625 182.46875 189.5 197.4187469482421875 205.6374969482421875 215.681243896484375 228.0500030517578125 241.4499969482421875 256.01251220703125 271.16876220703125 290.28125 307.806243896484375 322.618743896484375 338.26873779296875 351.92498779296875 360.15625 362.375 360.306243896484375 352.45623779296875 343.45001220703125 334.96875 326.493743896484375
244.962493896484375 243.212493896484375 239.6687469482421875 236.318756103515625 238.25 242.9875030517578125 249.837493896484375 256.9375 264.981231689453125 266.037506103515625 258.86248779296875 247.131256103515625 235.6750030517578125 224.9812469482421875 214.9812469482421875 205.9812469482421875 197.943756103515625 192.3312530517578125 188.899993896484375 185.587493896484375 184.0500030517578125 184.6125030517578125 185.0187530517578125 189.125 195.8874969482421875 202.0812530517578125 210.087493896484375 219.037506103515625 227.2624969482421875 239 253.7937469482421875 268.6875 284.90625 300.837493896484375 318.393768310546875 336.712493896484375 353.524993896484375 369.943756103515625 382.11248779296875 385.381256103515625 381.024993896484375 372.59375 363.318756103515625 353.39373779296875 342.162506103515625
252.6437530517578125 249.2375030517578125 245.4187469482421875 244.2062530517578125 245.287506103515625 246.931243896484375 248.850006103515625 249.962493896484375 250.462493896484375 250.818756103515625 251.649993896484375 248.493743896484375 242.3125 233.75 226.03125 219.4875030517578125 213.556243896484375 210.5437469482421875 208.181243896484375 201.25 197.3312530517578125 196.6374969482421875 196.65625 201.2937469482421875 208.0749969482421875 214.3249969482421875 222.3312530517578125 230.4875030517578125 239.59375 251.181243896484375 264.26873779296875 279.98748779296875 295.875 312.41876220703125 329.28125 347.337493896484375 365.71875 383.118743896484375 395.26251220703125 401.024993896484375 400.26873779296875 393.3125 384.331268310546875 372.83123779296875 362.5625
260.32501220703125 256.82501220703125 252.681243896484375 251.350006103515625 250.9499969482421875 249.6062469482421875 249.6374969482421875 247.5625 243.5500030517578125 243.1750030517578125 247.443756103515625 249.306243896484375 246.5749969482421875 240.65625 233.7624969482421875 228.6812591552734375 223.337493896484375 219.587493896484375 217.21875 209.306243896484375 204.287506103515625 203.618743896484375 204.412506103515625 211.568756103515625 218.9499969482421875 225.4875030517578125 232.6687469482421875 240.600006103515625 250.0437469482421875 260.556243896484375 273.21875 287.931243896484375 302.6875 317.67498779296875 333.59375 352.556243896484375 371.51251220703125 389.506256103515625 404.287506103515625 413.243743896484375 415.662506103515625 411.45623779296875 405.76251220703125 397.162506103515625 389.068756103515625
267.556243896484375 263.95001220703125 260.23126220703125 257.600006103515625 255.743743896484375 253.225006103515625 252.8562469482421875 250.4875030517578125 249.350006103515625 249.53125 252.9187469482421875 253.0749969482421875 252.34375 246.9499969482421875 241.2062530517578125 235.09375 229.068756103515625 223.993743896484375 217.8249969482421875 211 208.0187530517578125 208.806243896484375 211.7062530517578125 221.5500030517578125 229.712493896484375 236.368743896484375 243.975006103515625 250.818756103515625 260.662506103515625 270.38751220703125 280.45001220703125 293.149993896484375 307.243743896484375 322.649993896484375 338.51873779296875 357.125 376.368743896484375 393.65625 410.11248779296875 423.493743896484375 431.743743896484375 431.46875 427.443756103515625 419.631256103515625 414.6875
273.443756103515625 269.51873779296875 265.600006103515625 262.4375 259.493743896484375 256.82501220703125 255.943756103515625 255.4187469482421875 256.068756103515625 257.556243896484375 261.01873779296875 261.51251220703125 259.38751220703125 253.9499969482421875 247.7312469482421875 240.9250030517578125 233.375 225.8312530517578125 217.8874969482421875 211.46875 209.25 211.4187469482421875 217.756256103515625 227.537506103515625 239.7624969482421875 246.756256103515625 253.318756103515625 261.01873779296875 269.306243896484375 277.25 286.774993896484375 297.75 310.4375 324.993743896484375 341.78125 361.09375 378.725006103515625 397.725006103515625 416.01251220703125 431.256256103515625 443.28125 445.462493896484375 444.8125 440.17498779296875 435.368743896484375
278.875 274.61248779296875 269.943756103515625 266.943756103515625 264.443756103515625 261.962493896484375 261.225006103515625 262.6875 263.92498779296875 266.14373779296875 270.26251220703125 271.9375 268.26873779296875 261.649993896484375 254.9187469482421875 246.3562469482421875 237.8249969482421875 228.4375 218.818756103515625 211.0437469482421875 208.618743896484375 212.3125 222.274993896484375 236.399993896484375 248.868743896484375 254.681243896484375 260.024993896484375 266.943756103515625 275 283.024993896484375 291.3125 300.14373779296875 312.168731689453125 325.48126220703125 341.024993896484375 360.25 379.943756103515625 399.431243896484375 419.53125 437.54376220703125 452.881256103515625 456.006256103515625 453.274993896484375 446.25 438.912506103515625
280.86248779296875 277.29998779296875 273.51873779296875 270.38751220703125 269.056243896484375 267.5625 267.9375 269.149993896484375 270.58123779296875 274.3125 278.35626220703125 280.48748779296875 276.712493896484375 268.20623779296875 260.20623779296875 250.2937469482421875 240.868743896484375 231.59375 222.375 213.5187530517578125 208.9499969482421875 213.943756103515625 225.8625030517578125 240.1062469482421875 250.6875 257.23748779296875 264.46875 271.70623779296875 279.20001220703125 286.48126220703125 293.868743896484375 301.524993896484375 311.162506103515625 323.875 338.76251220703125 356.86248779296875 376.0625 397.85626220703125 420.756256103515625 441.67498779296875 461.33123779296875 463.931243896484375 456.42498779296875 446.274993896484375 434.83123779296875
281.45623779296875 278.287506103515625 275.037506103515625 272.681243896484375 272.274993896484375 271.375 273.0625 274.868743896484375 277.056243896484375 280.13751220703125 283.068756103515625 283.53125 280 273.524993896484375 263.524993896484375 253.8874969482421875 243.412506103515625 235.09375 226.3000030517578125 219.3000030517578125 218.125 222.568756103515625 231.5437469482421875 242.412506103515625 251.962493896484375 259.33123779296875 267.42498779296875 274.693756103515625 282.524993896484375 287.693756103515625 293.98748779296875 299.98126220703125 308.362518310546875 320.17498779296875 333.693756103515625 351.975006103515625 372.96875 395.96875 422.42498779296875 445.587493896484375 463.26251220703125 460.375 455.125 448.64373779296875 438.26873779296875
282.381256103515625 278.787506103515625 276.29376220703125 275.618743896484375 274.662506103515625 275.13751220703125 277.98748779296875 279.8125 282.618743896484375 285.475006103515625 286.975006103515625 287.29376220703125 283.912506103515625 277.73126220703125 268.09375 257.58123779296875 247.6875 239.6687469482421875 232.28125 227.375 228.337493896484375 232.212493896484375 239.5500030517578125 248.2375030517578125 255.96875 263.9375 271.587493896484375 277.82501220703125 284.5625 289.300018310546875 292.89373779296875 296.4375 304.01251220703125 313.53125 326.13751220703125 343.475006103515625 366.59375 392.53125 419.51873779296875 440.86248779296875 451.92498779296875 453.79998779296875 453.693756103515625 448.84375 437.524993896484375
281.73126220703125 278.01873779296875 276.306243896484375 276.23126220703125 276.61248779296875 277.89373779296875 281.07501220703125 282.76251220703125 286.337493896484375 290.381256103515625 292.26251220703125 292.662506103515625 289.65625 282.96875 272.912506103515625 260.45001220703125 251.806243896484375 245.6687469482421875 239.90625 236.28125 237.625 241.556243896484375 247.850006103515625 255.868743896484375 261.493743896484375 267.34375 273.399993896484375 279.86248779296875 286.774993896484375 290.725006103515625 293.537506103515625 294.04376220703125 296.96875 303.29376220703125 312.412506103515625 330.41876220703125 355.35626220703125 384.875 415.26873779296875 436.037506103515625 445.45623779296875 447.20623779296875 447.631256103515625 444.48748779296875 431.681243896484375
278.337493896484375 276.13751220703125 274.899993896484375 275.48748779296875 276.96875 279.024993896484375 282.537506103515625 285.381256103515625 289.59375 294.46875 298.09375 299.399993896484375 297.350006103515625 291.131256103515625 280.17498779296875 267.100006103515625 256.23126220703125 249.850006103515625 244.818756103515625 242.4812469482421875 245.6374969482421875 250.25 255.6999969482421875 262.34375 267.5625 270.256256103515625 273.98748779296875 280.76873779296875 288.35626220703125 293.15625 294.443756103515625 292.556243896484375 291.1875 290.274993896484375 296.6875 313.881256103515625 339.381256103515625 375.318756103515625 414.337493896484375 429.056243896484375 432.850006103515625 435.350006103515625 435.34375 433.443756103515625 423.181243896484375
272.70001220703125 271.631256103515625 272.318756103515625 274.32501220703125 276.36248779296875 279.08123779296875 283.21875 286.76251220703125 291.42498779296875 296.431243896484375 301.58123779296875 305.6875 306.600006103515625 301.14373779296875 290.09375 276.625 262 251.256256103515625 247.212493896484375 244.537506103515625 250.3625030517578125 255.287506103515625 259.20001220703125 263.6875 268.118743896484375 271.04376220703125 273.33123779296875 280.84375 289.475006103515625 294.931243896484375 294.787506103515625 286.1875 281.181243896484375 277.07501220703125 278.79376220703125 291.725006103515625 321.98126220703125 358.181243896484375 394.28125 412.706268310546875 417.46875 419.600006103515625 420.66876220703125 420.48126220703125 412.131256103515625
266.03125 266.381256103515625 268.01251220703125 270.037506103515625 273.181243896484375 277.837493896484375 281.881256103515625 286.79376220703125 292.743743896484375 297.881256103515625 304.412506103515625 309.868743896484375 313.818756103515625 312.993743896484375 300.131256103515625 282.76873779296875 265.993743896484375 252.2312469482421875 245.350006103515625 243.2624969482421875 251.0749969482421875 257.5625 258.375 262.26873779296875 266.756256103515625 271.318756103515625 275.34375 282.26251220703125 291.36248779296875 298.068756103515625 298.212493896484375 286.29998779296875 275.35626220703125 263.70623779296875 259.01873779296875 272.96875 303.03125 337.024993896484375 369.41876220703125 389.193756103515625 399.11248779296875 401.11248779296875 404.056243896484375 405.90625 399.54998779296875
259.61248779296875 259.8125 262.07501220703125 264.831268310546875 269.431243896484375 275.243743896484375 280.92498779296875 285.4375 291.668731689453125 297.41876220703125 303.61248779296875 310.493743896484375 318.443756103515625 323.681243896484375 307.631256103515625 283.78125 263.42498779296875 250.587493896484375 242.818756103515625 240.056243896484375 245.056243896484375 249.993743896484375 255.2687530517578125 259.38751220703125 264.212493896484375 269.35626220703125 275.274993896484375 283.412506103515625 290.4375 295.587493896484375 293.40625 284.32501220703125 268.912506103515625 251.1125030517578125 239.5 256.15625 289.9375 323.787506103515625 352.443756103515625 372.41876220703125 382.024993896484375 383.45623779296875 389.88751220703125 394.15625 389.931243896484375
