data/historical-monthly-weather-data/wc2.1_cruts4.09_10m_prec_1979-06.asc
ncols        51
nrows        45
xllcorner    -63.500000000000
yllcorner    -7.500000000000
cellsize     0.166666666667
NODATA_value -9999
[rows 19 to 37 of 45, columns 0 to 42 of 51]
168.193756103515625 169.9375 167.9875030517578125 163.84375 162.431243896484375 163.3312530517578125 159.46875 153.524993896484375 152.5187530517578125 149.1062469482421875 144.0124969482421875 137.399993896484375 128.9499969482421875 120.0812530517578125 111.72499847412109375 98.625 89.94374847412109375 89.25624847412109375 82.7624969482421875 82.05625152587890625 77.125 80.08750152587890625 88.13124847412109375 91.8249969482421875 90.84999847412109375 90.36875152587890625 90.96875 97.1750030517578125 95.8625030517578125 93.34999847412109375 93.78749847412109375 103.83750152587890625 104.65000152587890625 102.40625 101.69374847412109375 106.3937530517578125 108.1374969482421875 103.59375 98.97499847412109375 93.0187530517578125 83.21250152587890625 73.00624847412109375 72.44374847412109375
152.28125 161.9875030517578125 164.537506103515625 161.568756103515625 155.0625 152.931243896484375 152.6875 149.556243896484375 147.2687530517578125 142.90625 139.806243896484375 133.318756103515625 125.21250152587890625 114.94374847412109375 104.9562530517578125 97.6750030517578125 88.6374969482421875 84.4499969482421875 84.7375030517578125 81.875 86.1374969482421875 89.58750152587890625 94.7062530517578125 100.36875152587890625 100.5437469482421875 96.63124847412109375 89.74375152587890625 90.3249969482421875 91.4187469482421875 93.83750152587890625 96.25624847412109375 102.38124847412109375 96.6687469482421875 93.8125 92.25 96.58750152587890625 99.66875457763671875 98.03125 91.74375152587890625 85.5437469482421875 78.96250152587890625 71.08750152587890625 69.11875152587890625
146.6062469482421875 148.212493896484375 153.7687530517578125 155.649993896484375 151.78125 147.4875030517578125 145.881256103515625 142.6125030517578125 140.0124969482421875 139.03125 135.8874969482421875 127.8937530517578125 119.9499969482421875 114.09375 107.8125 97.4250030517578125 96.8249969482421875 90.63124847412109375 90.84375 88.6437530517578125 87.6374969482421875 94.08750152587890625 98.94374847412109375 98.625 96.15625 93.06874847412109375 93.34375 90.25 93.8125 96.4812469482421875 95.5812530517578125 93.6062469482421875 90.4812469482421875 90.55625152587890625 87.6750030517578125 88.46250152587890625 90.5 91.4250030517578125 87.88124847412109375 83.06874847412109375 76.7624969482421875 71.09999847412109375 68.78749847412109375
141.5812530517578125 151.5500030517578125 156.125 156.7312469482421875 152.9375 146.6875 137.3125 132.806243896484375 135.2062530517578125 133.7624969482421875 130.3312530517578125 126.8937530517578125 124.8625030517578125 121.0749969482421875 114.0812530517578125 106.1062469482421875 98.2937469482421875 93.2375030517578125 92.21875 92.38124847412109375 95.78749847412109375 96.7312469482421875 96.8249969482421875 96.93125152587890625 98.46250152587890625 95.0812530517578125 91.5 90.41249847412109375 91.7937469482421875 89.7312469482421875 88.6125030517578125 88.9562530517578125 84.97499847412109375 81.99375152587890625 82.8312530517578125 81.1687469482421875 80.90625 82.5187530517578125 82.72499847412109375 80.40625 75.0812530517578125 70.75 67.96875
133.368743896484375 144.568756103515625 154.1875 151.5812530517578125 146.506256103515625 140.618743896484375 138.243743896484375 133.337493896484375 129.524993896484375 125.31874847412109375 127.38124847412109375 129.6437530517578125 125.7375030517578125 124.36875152587890625 114.625 107.33750152587890625 101.02500152587890625 99.38124847412109375 97.3249969482421875 95.84999847412109375 97.8249969482421875 100.91249847412109375 99.56874847412109375 102.75624847412109375 99.8249969482421875 94.4499969482421875 94.5749969482421875 88.27500152587890625 85.8562469482421875 85.34999847412109375 84.03125 83.80625152587890625 81.3249969482421875 77.0812530517578125 76.84999847412109375 74.5187530517578125 75.5 77.03749847412109375 76.40000152587890625 74.34999847412109375 71.1750030517578125 68.5812530517578125 66.6750030517578125
123.8874969482421875 136.7312469482421875 144.475006103515625 148.318756103515625 146.006256103515625 140.2624969482421875 135.881256103515625 133.256256103515625 128.6437530517578125 128.399993896484375 126.5437469482421875 125.5625 126.08750152587890625 120.53125 111.8125 105.6062469482421875 101.65625 98.21250152587890625 97.59375 98.5437469482421875 99.97499847412109375 100.4499969482421875 103.72499847412109375 104.71875 98.2312469482421875 92.8312530517578125 89.5124969482421875 85.71250152587890625 82.36875152587890625 81.9187469482421875 78.22499847412109375 75.81874847412109375 73.4499969482421875 72.1687469482421875 70.9562530517578125 70.3000030517578125 70.5 70.14374542236328125 71.2375030517578125 70.2375030517578125 68.06874847412109375 66.95624542236328125 66.47499847412109375
120.0625 134.8937530517578125 135.943756103515625 140.087493896484375 137.818756103515625 134.256256103515625 129.3937530517578125 127.5625 120.5749969482421875 117.0625 119.83750152587890625 119.5124969482421875 119.9375 116.68125152587890625 111.2687530517578125 103.4499969482421875 100.0749969482421875 99.53749847412109375 99.3874969482421875 97.31874847412109375 99.2062530517578125 100.58750152587890625 102.3874969482421875 101.49375152587890625 97.625 90.55625152587890625 86.96250152587890625 83.24375152587890625 78.03125 76.3625030517578125 72.7937469482421875 70.22499847412109375 67.96875 66.18125152587890625 64.8249969482421875 65.9812469482421875 66.3937530517578125 64.99375152587890625 64.78749847412109375 65.84375 64.3562469482421875 60.30625152587890625 59.875
115.03749847412109375 121.5 127.2687530517578125 129.725006103515625 128.024993896484375 125.84375 122.25 115.375 111.58750152587890625 114.47499847412109375 117.61875152587890625 117.1687469482421875 115.3874969482421875 114.0124969482421875 110.4375 106.3312530517578125 101.2312469482421875 97.28749847412109375 97.96250152587890625 96.11875152587890625 95.6750030517578125 97.16249847412109375 99.625 102.18125152587890625 94.6062469482421875 88.0187530517578125 84.65625 79.74375152587890625 74.8937530517578125 72.1750030517578125 70.06874847412109375 65.5812530517578125 62.65000152587890625 61.03125 59.950000762939453125 60.168750762939453125 61.606250762939453125 60.518749237060546875 59.5 61.25 61.38124847412109375 58.81874847412109375 56.40000152587890625
111.0749969482421875 112.7687530517578125 116.68125152587890625 116.1687469482421875 115.0500030517578125 115.3625030517578125 113.61875152587890625 108.9250030517578125 107.46250152587890625 110.4875030517578125 111.46250152587890625 112.18125152587890625 110.3562469482421875 108.40000152587890625 105.0437469482421875 101.6062469482421875 97.56874847412109375 96.2062530517578125 93.3249969482421875 93.4250030517578125 93.91249847412109375 92.81874847412109375 96.1062469482421875 95.15625 89.99375152587890625 83.3937530517578125 80.1437530517578125 75.56874847412109375 73.05625152587890625 71.3625030517578125 68.19374847412109375 64.86875152587890625 60.74375152587890625 56.53125 56.53749847412109375 56.481250762939453125 57.74375152587890625 56.487499237060546875 56.731250762939453125 57.8125 58.206249237060546875 57.63124847412109375 52.875
104.15625 108.27500152587890625 106.13124847412109375 103.97499847412109375 104.56874847412109375 101.46250152587890625 101.5812530517578125 102.03749847412109375 103.5625 104.2312469482421875 105.9250030517578125 106.06874847412109375 106.3125 105.3562469482421875 102.375 99.53749847412109375 97.2312469482421875 94.0625 93.21875 92.9875030517578125 90.7624969482421875 88.8125 88.5625 87.0124969482421875 83.21250152587890625 77.25624847412109375 76.24375152587890625 74.25 71.1437530517578125 67.6437530517578125 63.981250762939453125 61.681247711181640625 57.25 54.75 52.68125152587890625 52.331249237060546875 54.237499237060546875 52.06874847412109375 52.612499237060546875 52.96250152587890625 52.55625152587890625 51.09375 49.41249847412109375
96.6125030517578125 97.84375 96.53125 93.96250152587890625 93.4812469482421875 93.97499847412109375 94.0812530517578125 97.46875 98.16249847412109375 100 101.6062469482421875 103.02500152587890625 103.90625 103.72499847412109375 99.99375152587890625 96.1750030517578125 93.3249969482421875 92.63124847412109375 88.46250152587890625 85.1125030517578125 85.4875030517578125 84.1125030517578125 83.4875030517578125 82.06874847412109375 77.53749847412109375 75.1374969482421875 73.3312530517578125 70.86875152587890625 68.36875152587890625 64.3125 60.9375 58.049999237060546875 54.918750762939453125 52.55625152587890625 51.16249847412109375 49.518749237060546875 51.737499237060546875 49.625 47.581249237060546875 49.77500152587890625 48.956249237060546875 47.268749237060546875 46.987499237060546875
90.7062530517578125 90.16249847412109375 88.0124969482421875 86.78125 86.5749969482421875 87.06874847412109375 89.2062530517578125 91.58750152587890625 92.5 95.4562530517578125 97.8874969482421875 98.0749969482421875 100.6875 96.6062469482421875 94.69374847412109375 94.71875 93.0187530517578125 89.33750152587890625 85.74375152587890625 83.43125152587890625 81.7062530517578125 78.78125 78.0437469482421875 77.27500152587890625 74.00624847412109375 72.15000152587890625 69.99375152587890625 68.2375030517578125 65.5 61.799999237060546875 60.19374847412109375 57.27500152587890625 53.262500762939453125 49.61875152587890625 47.80625152587890625 46.387500762939453125 47.40000152587890625 46.44374847412109375 44.63124847412109375 43.075000762939453125 43.424999237060546875 42.00624847412109375 41.40000152587890625
84.1062469482421875 83.31874847412109375 80.50624847412109375 80.61875152587890625 82.6437530517578125 83.3312530517578125 84.68125152587890625 86.4375 88.4187469482421875 89.6374969482421875 90.125 91.5625 91.2937469482421875 92.0187530517578125 92.18125152587890625 91.21250152587890625 87.2312469482421875 83.75624847412109375 81.1125030517578125 79.27500152587890625 77.22499847412109375 75.28125 72.4875030517578125 71.2062530517578125 70.24375152587890625 67.99375152587890625 67.0124969482421875 65.59375 62.96250152587890625 61.97499847412109375 58.887500762939453125 55.43125152587890625 51.84999847412109375 47.84999847412109375 45.27500152587890625 43.19374847412109375 42.78749847412109375 40.737499237060546875 40.231250762939453125 39.375 39.74375152587890625 38.66249847412109375 37.456249237060546875
76.3874969482421875 75.84375 75.3312530517578125 75.9250030517578125 75.77500152587890625 77.0500030517578125 78.75624847412109375 81.1687469482421875 82.09375 83.78125 87.6875 88.19374847412109375 88.98125457763671875 91.7312469482421875 92.15625 88.3937530517578125 84.1875 82.69374847412109375 80.00624847412109375 77.5749969482421875 73.8312530517578125 71.05625152587890625 69.5812530517578125 68.75624847412109375 67.21875 65.8125 64.5812530517578125 62.99375152587890625 61.581249237060546875 60.31874847412109375 57.737499237060546875 53.16249847412109375 49.84375 47.049999237060546875 43.65000152587890625 41.25624847412109375 39.237499237060546875 37.05625152587890625 36.34375 36.81874847412109375 36.78125 35.44374847412109375 33.575000762939453125
68.7062530517578125 69.3562469482421875 70.9812469482421875 71.2687530517578125 70.9499969482421875 71.75624847412109375 74.27500152587890625 75.0812530517578125 75.9499969482421875 77.3874969482421875 81.6875 85.28749847412109375 87.0124969482421875 87.69374847412109375 86.8249969482421875 86.0812530517578125 84.34999847412109375 80.8625030517578125 76.3625030517578125 73.9875030517578125 71.46875 68.375 67.78749847412109375 65.7312469482421875 65.09375 62.84999847412109375 62.90625 61.674999237060546875 61.424999237060546875 59.30625152587890625 57.043750762939453125 53.700000762939453125 48.174999237060546875 44.41249847412109375 41.75 39.27500152587890625 36.75 34.325000762939453125 33.512500762939453125 33.13124847412109375 32.05625152587890625 31.512500762939453125 30.337499618530273438
63.143749237060546875 62.53749847412109375 65.2062530517578125 67.30625152587890625 67.3562469482421875 66.41249847412109375 66.9875030517578125 68.91249847412109375 70.46250152587890625 72.11875152587890625 78.74375152587890625 83.46250152587890625 86.24375152587890625 90.4250030517578125 89.6687469482421875 86.59999847412109375 82.8000030517578125 77.1875 72.7375030517578125 67.8312530517578125 67.8312530517578125 64.24375152587890625 62.59375 61.21875 62.6875 61.75624847412109375 61.19374847412109375 59.43125152587890625 58.706249237060546875 56.299999237060546875 54.4375 51.83750152587890625 46.05625152587890625 42.09375 38.53749847412109375 36.53749847412109375 33.387500762939453125 32.424999237060546875 30.5625 29.875 28.65625 27.306249618530273438 26.475000381469726562
58.66249847412109375 57.93125152587890625 59.487499237060546875 61.456249237060546875 62.36875152587890625 62.33750152587890625 62.9375 63.5 64.22499847412109375 65.8125 70.05625152587890625 78.8125 84.7687530517578125 88.0625 87.97499847412109375 85.59375 81.25624847412109375 74.06874847412109375 68.96250152587890625 63.606250762939453125 61.84999847412109375 61.518749237060546875 59.44374847412109375 58.424999237060546875 59.75 59.09375 58.53749847412109375 57.1875 57.36875152587890625 54.518749237060546875 51.456249237060546875 48.9375 44.456249237060546875 40.02500152587890625 35.8125 33.94374847412109375 32.55625152587890625 30.106250762939453125 28.731250762939453125 28.125 26.850000381469726562 25.193750381469726562 24.137500762939453125
52.887500762939453125 54.22499847412109375 54.25 56.19374847412109375 57.981250762939453125 58.25624847412109375 58.700000762939453125 60.24375152587890625 60.65625 59.21875 65.8937530517578125 77.34999847412109375 84.3625030517578125 85.875 85.93125152587890625 83.59999847412109375 80.11875152587890625 73.91249847412109375 68.2375030517578125 61.0625 58.31874847412109375 58.69374847412109375 56.72499847412109375 56.47499847412109375 56.19374847412109375 56.018749237060546875 57.081249237060546875 55.887500762939453125 54.575000762939453125 50.93125152587890625 49.3125 45.72499847412109375 42.13124847412109375 38.481250762939453125 34.38124847412109375 32.393749237060546875 30.993749618530273438 29.493749618530273438 27.418750762939453125 25.84375 24.450000762939453125 23.59375 21.9375
47.56874847412109375 48.987499237060546875 50.21250152587890625 52.606250762939453125 53.77500152587890625 54.793750762939453125 56.31874847412109375 57.80625152587890625 59.356250762939453125 57.83750152587890625 68.78749847412109375 79.53125 83.44374847412109375 85.75624847412109375 83.46250152587890625 81.00624847412109375 77.3562469482421875 72.34375 67.625 61.71875 57.83750152587890625 56.393749237060546875 53.774997711181640625 53.856250762939453125 53.28749847412109375 54.46250152587890625 55.331249237060546875 54.09999847412109375 52.668750762939453125 48.481250762939453125 45.53749847412109375 43.831249237060546875 40.768749237060546875 36.575000762939453125 32.86875152587890625 31.168750762939453125 29.518749237060546875 27.575000762939453125 27.131250381469726562 24.981250762939453125 23.181249618530273438 22.5625 20.700000762939453125
