data/historical-monthly-weather-data/wc2.1_cruts4.09_10m_prec_1982-12.asc
ncols        51
nrows        45
xllcorner    -63.500000000000
yllcorner    -7.500000000000
cellsize     0.166666666667
NODATA_value -9999
[rows 0 to 19 of 45, columns 0 to 43 of 51]
200.712493896484375 195.037506103515625 185.5625 178.4812469482421875 170.024993896484375 163.181243896484375 155.818756103515625 147.6687469482421875 141.475006103515625 136.1437530517578125 133.118743896484375 130.3562469482421875 128.631256103515625 125.5749969482421875 123.24375152587890625 121.09999847412109375 119.41249847412109375 116.75624847412109375 115.36875152587890625 114.28749847412109375 115.2937469482421875 116.19374847412109375 117.1125030517578125 118.2937469482421875 119.41249847412109375 120.22499847412109375 121.625 123.08750152587890625 124.625 126.1999969482421875 127.08750152587890625 128.6437530517578125 129.087493896484375 129.0625 128.6875 129.1999969482421875 128.3000030517578125 127.03749847412109375 124.21250152587890625 121.5749969482421875 118.5 114.4875030517578125 110.43125152587890625 105.9375
206.100006103515625 200.1875 193.9375 188.681243896484375 182.943756103515625 175.53125 167.193756103515625 161.21875 156.8312530517578125 152.3562469482421875 148.7375030517578125 144.850006103515625 142.4437408447265625 139.6062469482421875 136.493743896484375 133.8000030517578125 131.537506103515625 129.0500030517578125 127.03125 126.45000457763671875 127.25 128.09375 129.6750030517578125 130.9250030517578125 132.131256103515625 133.0124969482421875 133.75 134.28125 134.9812469482421875 136.9375 138.03125 139.8125 139.3625030517578125 139.3937530517578125 139.649993896484375 138.1875 138.46875 137.4375 134 130.993743896484375 127.6374969482421875 123.40000152587890625 119.19374847412109375 113.61875152587890625
209.0625 204.5 200.0187530517578125 195.868743896484375 191.7062530517578125 185.318756103515625 179.7062530517578125 175.881256103515625 172.7937469482421875 169.0124969482421875 164.8562469482421875 160.7937469482421875 158.2937469482421875 155.2062530517578125 151.8125 148.09375 145.631256103515625 143.25 141.7937469482421875 141.181243896484375 142.4375 144.243743896484375 146.2375030517578125 146.9562530517578125 147.712493896484375 149.1062469482421875 149.337493896484375 148.9812469482421875 149.475006103515625 150.306243896484375 151.631256103515625 153.34375 153.75 152.0812530517578125 151.100006103515625 149.6875 147.6437530517578125 145.0749969482421875 141.5437469482421875 137.787506103515625 133.5187530517578125 128.7624969482421875 123.5625 118.7937469482421875
209.818756103515625 207.5625 206.0562591552734375 202.0749969482421875 199.774993896484375 195.6125030517578125 192.4875030517578125 190.6687469482421875 188.7312469482421875 186.8000030517578125 183.100006103515625 179.0124969482421875 175.443756103515625 172.1875 167.899993896484375 164.1687469482421875 161.1437530517578125 158.225006103515625 157.3562469482421875 158.5 160.5749969482421875 162.6687469482421875 163.912506103515625 164.5437469482421875 164.443756103515625 165.8312530517578125 165.6437530517578125 164.0812530517578125 164.3000030517578125 165.818756103515625 166.756256103515625 167.3937530517578125 167.568756103515625 166.381256103515625 163.962493896484375 160.743743896484375 156.337493896484375 152.375 148.693756103515625 143.8812408447265625 138.162506103515625 133 127.53749847412109375 122.78125
219.837493896484375 213.868743896484375 209.2937469482421875 207.975006103515625 207.7437591552734375 206.368743896484375 204.78125 204.5625 205.381256103515625 205.0625 201.125 196.1374969482421875 193.162506103515625 190.03125 185.1062469482421875 180.75 176.993743896484375 174.618743896484375 174.78125 177.412506103515625 180.09375 181.375 182.443756103515625 182.5437469482421875 181.962493896484375 183.0625 180.9375 178.806243896484375 178.4499969482421875 180.4250030517578125 181.8937530517578125 181.9375 180.868743896484375 179.068756103515625 175.9499969482421875 171.59375 166.3874969482421875 160.431243896484375 155.6687469482421875 149.6937408447265625 142.90625 137.15625 131.75 125.88124847412109375
229.2687530517578125 224.2937469482421875 218.162506103515625 213.0437469482421875 213.931243896484375 215.399993896484375 215.7062530517578125 215.618743896484375 216.28125 216.3937530517578125 212.9562530517578125 208.9187469482421875 207.0812530517578125 204.3625030517578125 201.2062530517578125 197.5625 194.868743896484375 192.7624969482421875 195.568756103515625 198.25 199.0124969482421875 200.274993896484375 200.2312469482421875 199.431243896484375 198.2375030517578125 197.568756103515625 196.3312530517578125 193.774993896484375 192.1687469482421875 193.993743896484375 196.037506103515625 197.2624969482421875 193.725006103515625 189.975006103515625 188.1374969482421875 182.712493896484375 175.712493896484375 169.7624969482421875 164.118743896484375 155.881256103515625 146.1125030517578125 139.9562530517578125 133.3125 127.78125
241.337493896484375 236.431243896484375 230.5187530517578125 224.431243896484375 222.2062530517578125 222.6125030517578125 223.806243896484375 223.78125 223.0812530517578125 221.3312530517578125 221.625 219.899993896484375 220.399993896484375 218.78125 216.8562469482421875 215.087493896484375 214.962493896484375 217.931243896484375 222.337493896484375 223.6374969482421875 221.3874969482421875 220.84375 218.774993896484375 216.068756103515625 214.7937469482421875 212.556243896484375 210.03125 208.7375030517578125 206.806243896484375 207.975006103515625 209.9562530517578125 211.024993896484375 207.8625030517578125 202.962493896484375 198.8312530517578125 191.7375030517578125 184.25 176.818756103515625 171.9250030517578125 161.2937469482421875 149.024993896484375 141.368743896484375 134.9562530517578125 128.6374969482421875
253.756256103515625 248.5 243.087493896484375 239.21875 237.1999969482421875 235.5625 233.0749969482421875 228.96875 225.15625 225.556243896484375 229.7375030517578125 232.1062469482421875 233.318756103515625 234.5437469482421875 233.6875 233.875 235.287506103515625 242.381256103515625 249.0500030517578125 247.25 242.5124969482421875 238.6687469482421875 234.912506103515625 230.556243896484375 229.256256103515625 227.256256103515625 223.631256103515625 221.4187469482421875 221.0562591552734375 222.78125 222.9562530517578125 223.5500030517578125 220.15625 214.3125 209.8937530517578125 199.7375030517578125 190.5 180.850006103515625 173.0187530517578125 161.9250030517578125 149.868743896484375 141.875 135.2624969482421875 128.6062469482421875
267.118743896484375 262.26873779296875 257.912506103515625 254.6125030517578125 251.8625030517578125 250.649993896484375 247.618743896484375 241.850006103515625 234.037506103515625 232.15625 238.743743896484375 243.15625 245.693756103515625 246.9187469482421875 248.0812530517578125 250.0187530517578125 253.1062469482421875 260.337493896484375 266.4375 263.225006103515625 254.931243896484375 250.0437469482421875 246.1875 243.912506103515625 241.4187469482421875 238.587493896484375 234.587493896484375 232.4250030517578125 230.7687530517578125 230.693756103515625 231.587493896484375 229.9937591552734375 225.3625030517578125 220.0500030517578125 214.0812530517578125 203.6374969482421875 192.1875 180.4875030517578125 170.8874969482421875 160.1687469482421875 147.774993896484375 140.212493896484375 134.3937530517578125 128.3625030517578125
278.899993896484375 275.181243896484375 271.931243896484375 270.100006103515625 267.649993896484375 266.462493896484375 263.89373779296875 259.21875 254.693756103515625 252.8937530517578125 255.693756103515625 256.618743896484375 259.48126220703125 259.162506103515625 262.475006103515625 265.774993896484375 269.193756103515625 272.943756103515625 275.350006103515625 273.04998779296875 265.3125 259.756256103515625 256.006256103515625 254.6687469482421875 251.568756103515625 248.2312469482421875 244.21875 241.3000030517578125 239.7062530517578125 238.4562530517578125 236.662506103515625 233.912506103515625 228.3312530517578125 221.7687530517578125 215.8125 206.1687469482421875 193.4812469482421875 180.6750030517578125 169.1187591552734375 157.625 145.9812469482421875 139.350006103515625 132.9375 127.16249847412109375
292.39373779296875 288.943756103515625 285.568756103515625 283.131256103515625 282.60626220703125 283.381256103515625 281.89373779296875 277.1875 273.193756103515625 272.17498779296875 273.61248779296875 274.068756103515625 274.181243896484375 273.756256103515625 276.787506103515625 280.912506103515625 283.70623779296875 284.618743896484375 283.51873779296875 280.21875 274.71875 269.23748779296875 265.73748779296875 261.53125 261.993743896484375 258.943756103515625 253.568756103515625 248.350006103515625 244.131256103515625 241.806243896484375 238.90625 235.962493896484375 230.037506103515625 223.28125 216.5124969482421875 205.625 192.899993896484375 179.8125 168.774993896484375 156.5062408447265625 144.618743896484375 137.875 132.274993896484375 127.08750152587890625
302.83123779296875 299.162506103515625 296.524993896484375 295.681243896484375 295.48126220703125 296.743743896484375 296.875 293.212493896484375 289.399993896484375 289.28125 290.79998779296875 292.774993896484375 291.399993896484375 290.618743896484375 293.26251220703125 294.91876220703125 296.0625 293.337493896484375 290.1875 286.524993896484375 279.58123779296875 275.056243896484375 273.662506103515625 270.806243896484375 270.443756103515625 267.162506103515625 259.712493896484375 252.212493896484375 245.6687469482421875 242.0124969482421875 237.899993896484375 234.1687469482421875 227.931243896484375 221.59375 215 204.3562469482421875 191.681243896484375 178.975006103515625 167.225006103515625 154.8874969482421875 142.931243896484375 136.443756103515625 130.943756103515625 125.65625
312.3125 309.506256103515625 307.79376220703125 306.65625 307.350006103515625 307.881256103515625 307.42498779296875 305.79998779296875 302.95001220703125 303.60626220703125 305.725006103515625 309.29998779296875 309.29376220703125 307.20001220703125 309.21875 309.318756103515625 308.225006103515625 304.73748779296875 299.73748779296875 293.537506103515625 283.16876220703125 279.868743896484375 281.225006103515625 279.57501220703125 276.35626220703125 271.01251220703125 262.79998779296875 254.787506103515625 247.34375 240.600006103515625 235.037506103515625 229.881256103515625 223.2375030517578125 217.350006103515625 211.2062530517578125 201.943756103515625 190.5812530517578125 178.2937469482421875 166.193756103515625 152.8937530517578125 140.4375 134.837493896484375 128.7687530517578125 121.2375030517578125
319.899993896484375 317.431243896484375 315.881256103515625 315.443756103515625 315.625 316.056243896484375 315.66876220703125 316.32501220703125 316.01251220703125 315.78125 315.837493896484375 320.21875 323.4375 323.89373779296875 323.125 324.0625 321.54998779296875 315.79998779296875 309.32501220703125 302.431243896484375 293.774993896484375 289.506256103515625 288.59375 285.100006103515625 280.8125 275.26251220703125 267.056243896484375 256.125 246.2687530517578125 237.649993896484375 230.618743896484375 223.8125 217.875 211.9812469482421875 207.037506103515625 198.587493896484375 188.7312469482421875 178.3937530517578125 167.0749969482421875 154.4875030517578125 139.681243896484375 130.9499969482421875 124.24375152587890625 118.5749969482421875
327.88751220703125 325.181243896484375 324.524993896484375 323.975006103515625 324.54376220703125 324.70001220703125 326.07501220703125 327.10626220703125 327.068756103515625 326.243743896484375 326.306243896484375 331.756256103515625 335.368743896484375 337.78125 336.350006103515625 336.70623779296875 332.54376220703125 325.818756103515625 318.625 313.48748779296875 304.850006103515625 299.33123779296875 295.431243896484375 290.04998779296875 284.88751220703125 278.149993896484375 268.5 256.806243896484375 245 233.037506103515625 223.306243896484375 216.162506103515625 210.625 205.868743896484375 201.868743896484375 193.337493896484375 185.9562530517578125 178.9499969482421875 170.600006103515625 157.09375 140.462493896484375 131.149993896484375 124.24375152587890625 118.33750152587890625
333.78125 331.556243896484375 331.287506103515625 331.98126220703125 332.649993896484375 333.63751220703125 335.04376220703125 334.993743896484375 335.41876220703125 336.693756103515625 336.73748779296875 342.34375 347.381256103515625 350.58123779296875 349.818756103515625 346.61248779296875 341.98126220703125 336.412506103515625 328.92498779296875 323.0625 315.524993896484375 308.26251220703125 302.712493896484375 295.42498779296875 289.399993896484375 283.306243896484375 272.149993896484375 258.60626220703125 243.8249969482421875 228.100006103515625 215.9812469482421875 206.5749969482421875 199.7624969482421875 195.28125 191.037506103515625 184.725006103515625 180.5625 177.462493896484375 172.475006103515625 159.4250030517578125 142.118743896484375 131.84375 123.83750152587890625 115.625
338.85626220703125 337.356231689453125 335.75 337.524993896484375 339.568756103515625 340.100006103515625 342.28125 344.337493896484375 346.29376220703125 346.931243896484375 347.425018310546875 352.818756103515625 358.54376220703125 362.399993896484375 361.79998779296875 357.443756103515625 349.612518310546875 343.943756103515625 338.537506103515625 332.506256103515625 324.756256103515625 316.98126220703125 310.318756103515625 301.337493896484375 294.568756103515625 288.875 277.618743896484375 261.024993896484375 240.8874969482421875 221.90625 207.475006103515625 197.7062530517578125 189.131256103515625 181.2375030517578125 175.5187530517578125 171.84375 172.1875 175.962493896484375 178.975006103515625 162.368743896484375 142.375 130.931243896484375 120.9875030517578125 113.46250152587890625
343.71875 342.90625 342.26251220703125 345.212493896484375 348.256256103515625 351.162506103515625 353.91876220703125 355.693756103515625 357.34375 359.23126220703125 360.40625 365.29998779296875 369.16876220703125 372.5 370.837493896484375 365.756256103515625 357.95001220703125 347.556243896484375 345.70001220703125 340.26873779296875 333.41876220703125 325 316.8125 307.568756103515625 299.962493896484375 293.6875 283.61248779296875 262.0625 236.600006103515625 213.368743896484375 196.306243896484375 185.4187469482421875 178.850006103515625 172.5500030517578125 163.7687530517578125 154.0749969482421875 161.3874969482421875 169.337493896484375 169.875 157.5124969482421875 138.6437530517578125 127.18125152587890625 118.2624969482421875 111.0437469482421875
346.806243896484375 346.45001220703125 347.943756103515625 351.88751220703125 356.25 360.743743896484375 364.41876220703125 368.725006103515625 370.8187255859375 372.600006103515625 371.84375 374.57501220703125 379.01873779296875 382.787506103515625 379.78125 373.774993896484375 366.118743896484375 355.79998779296875 348.65625 344.84375 340.09375 334.67498779296875 321.712493896484375 312.73748779296875 305.45623779296875 297.76251220703125 284.33123779296875 262.524993896484375 235.0124969482421875 207.662506103515625 186.212493896484375 179.6374969482421875 176.7062530517578125 170.1062469482421875 160.681243896484375 154.0500030517578125 157.53125 160.556243896484375 159.0749969482421875 148.3125 133.006256103515625 122.74375152587890625 114.5437469482421875 108.0625
347.95623779296875 348.6875 350.368743896484375 355.54998779296875 361.95623779296875 369.08123779296875 375.300018310546875 380.975006103515625 384.056243896484375 383.868743896484375 383.475006103515625 387.66876220703125 391.868743896484375 393.056243896484375 387.61248779296875 378.57501220703125 369.40625 362.07501220703125 355.83123779296875 351.34375 342.98748779296875 333.83123779296875 326.01251220703125 317.42498779296875 309.118743896484375 299.649993896484375 284.399993896484375 264.568756103515625 238.274993896484375 210.587493896484375 190.993743896484375 184.28125 179.875 174.96875 169.34375 162.4187469482421875 160.15625 158.100006103515625 153.0124969482421875 142.725006103515625 129.0124969482421875 118.25 111.4812469482421875 105.80625152587890625
