data/historical-monthly-weather-data/wc2.1_cruts4.09_10m_prec_1974-09.asc
ncols        45
nrows        45
xllcorner    -63.500000000000
yllcorner    -7.500000000000
cellsize     0.166666666667
NODATA_value -9999
[rows 0 to 18 of 45, columns 0 to 43 of 45]
280.1875 283.793731689453125 287.493743896484375 296.056243896484375 300.212493896484375 299.89373779296875 291.618743896484375 280.13751220703125 270.79998779296875 262.32501220703125 257.21875 251.8625030517578125 246.0500030517578125 236.850006103515625 227 215.4375 206.350006103515625 194.6062469482421875 185.0437469482421875 174.756256103515625 168.524993896484375 160.3249969482421875 153.600006103515625 146.5437469482421875 139.0124969482421875 133.962493896484375 130.006256103515625 126.0812530517578125 121.55625152587890625 123.50624847412109375 125.21875 128.28125 133.5812530517578125 136.59375 140.649993896484375 144.5 150.037506103515625 155.118743896484375 157.375 159.8000030517578125 162.587493896484375 164.3125 164.118743896484375 164.34375
265.70001220703125 267.837493896484375 276.431243896484375 289.868743896484375 304.11248779296875 297.212493896484375 285.73126220703125 279.568756103515625 270.475006103515625 261.40625 255.131256103515625 247.8562469482421875 240.6687469482421875 229.7312469482421875 219.399993896484375 209.7624969482421875 198.725006103515625 186.725006103515625 175.118743896484375 164.243743896484375 156.8000030517578125 151.1374969482421875 144.524993896484375 139.34375 132.03125 127.36875152587890625 125.30625152587890625 122.97499847412109375 118.72499847412109375 120.5187530517578125 122.74375152587890625 126.7375030517578125 130.9499969482421875 136.068756103515625 140.7312469482421875 144.5500030517578125 149.78125 155.256256103515625 156.9812469482421875 159.0124969482421875 161.7937469482421875 163.71875 165 163.7312469482421875
244.3125 249.5625 258.118743896484375 271.85626220703125 284.21875 282.493743896484375 274.51251220703125 268.03125 261.162506103515625 253.524993896484375 247.2312469482421875 239.3499908447265625 231.7312469482421875 220.5187530517578125 209.1999969482421875 200.3249969482421875 189.375 178.693756103515625 168.125 158.625 151.881256103515625 145.881256103515625 140.493743896484375 135.8249969482421875 129.28125 124.00624847412109375 123.83750152587890625 121.1750030517578125 117.8249969482421875 119.50624847412109375 121.34999847412109375 125.28125 131.8125 137.59375 143.1437530517578125 146.9187469482421875 152.4562530517578125 158.8249969482421875 161.662506103515625 164.806243896484375 168.3625030517578125 169.09375 170.850006103515625 170.1062469482421875
219.2687530517578125 225.2687530517578125 240.21875 249.7624969482421875 259.25 259.64373779296875 257.11248779296875 256.600006103515625 252.318756103515625 246.6875 239.225006103515625 230.8562469482421875 219.96875 210.25 199.375 189.9250030517578125 180.4562530517578125 171.3249969482421875 163.881256103515625 156.6125030517578125 150.2375030517578125 142.9250030517578125 136.5124969482421875 132.0187530517578125 125.3874969482421875 120.875 119.97499847412109375 116.3937530517578125 114.47499847412109375 117.22499847412109375 120.46875 123.58750152587890625 129.6062469482421875 136.0437469482421875 141.65625 149.1687469482421875 156.7937469482421875 163.625 167.993743896484375 170.6750030517578125 173.5124969482421875 173.7687530517578125 174.6125030517578125 174.587493896484375
217.943756103515625 217.1875 218.524993896484375 226.037506103515625 238.431243896484375 241.4187469482421875 240.7687530517578125 242.3000030517578125 241.6437530517578125 237.131256103515625 230.0437469482421875 219.0437469482421875 209.8125 202.368743896484375 192.0749969482421875 182.3562469482421875 172.7125091552734375 164.7687530517578125 158.4187469482421875 151.46875 147.0437469482421875 138.368743896484375 132.875 128.4187469482421875 122.19374847412109375 117.6875 115.0500030517578125 113.1437530517578125 111.4875030517578125 113.6687469482421875 117.4562530517578125 120.06874847412109375 125.75624847412109375 133.381256103515625 141.0124969482421875 148.100006103515625 156.1875 165.225006103515625 170.8937530517578125 174.662506103515625 177.7062530517578125 176.899993896484375 176.056243896484375 176.8562469482421875
217.2937469482421875 215.306243896484375 212.5437469482421875 208.5875091552734375 220.4187469482421875 231.131256103515625 233.881256103515625 233.806243896484375 232.8562469482421875 230.78125 223.2687530517578125 212.34375 203.84375 197.087493896484375 186.7624969482421875 178.71875 169.9250030517578125 161.9562530517578125 155.875 150.3000030517578125 143.8562469482421875 136.4250030517578125 130.4375 125.00624847412109375 120.24375152587890625 115.40000152587890625 112.6437530517578125 111.3312530517578125 109.34999847412109375 110.59375 113.47499847412109375 118.47499847412109375 123.66249847412109375 130.006256103515625 136.25 144.818756103515625 152.9875030517578125 163.3625030517578125 170.78125 174.90625 173.7062530517578125 173.1437530517578125 172.649993896484375 174.618743896484375
220.0625 218.649993896484375 215.1687469482421875 210.8000030517578125 214.524993896484375 217.431243896484375 222.2312469482421875 224.75 221.875 217.3874969482421875 212.662506103515625 204.618743896484375 197.943756103515625 191.0187530517578125 182.53125 175.287506103515625 167.850006103515625 161.899993896484375 155.40625 148.78125 141.4250030517578125 134.2062530517578125 126.75624847412109375 121.47499847412109375 117.6999969482421875 113.8562469482421875 111.4187469482421875 109.90000152587890625 107.18125152587890625 107.46875 110 113.03749847412109375 118.33750152587890625 124.78125 130.962493896484375 137.5812530517578125 145.8562469482421875 157.881256103515625 168.649993896484375 169.743743896484375 168.1374969482421875 166.087493896484375 165.96875 169.056243896484375
223.7624969482421875 222.024993896484375 218.587493896484375 218.28125 221.3312530517578125 223.9812469482421875 221.1437530517578125 213.337493896484375 205.8874969482421875 202.881256103515625 201.96875 196.6875 191.443756103515625 184.9562530517578125 179.1750030517578125 171.25 164.7375030517578125 160.381256103515625 154.875 146.100006103515625 139.306243896484375 131.59375 124.2687530517578125 118.5812530517578125 114.6062469482421875 111.09375 108.25624847412109375 105.90625 104.13124847412109375 104.0124969482421875 105.8312530517578125 107.9812469482421875 112.41249847412109375 118.56874847412109375 122.86875152587890625 128.537506103515625 135.78125 145.162506103515625 151.90625 154.350006103515625 153.3937530517578125 151.6125030517578125 152.162506103515625 154.1374969482421875
229.225006103515625 228.806243896484375 227.181243896484375 226.556243896484375 228.587493896484375 228.3312530517578125 225.0812530517578125 217.1437530517578125 205.8312530517578125 196.806243896484375 195.381256103515625 190.725006103515625 187.96875 181.4499969482421875 176.243743896484375 169.725006103515625 163.8312530517578125 159.3937530517578125 154.806243896484375 145.743743896484375 137.1999969482421875 130.4250030517578125 121.2937469482421875 117.21250152587890625 112.3249969482421875 107.80625152587890625 105.06874847412109375 103.5812530517578125 102.75624847412109375 102.06874847412109375 104.0749969482421875 103.3249969482421875 104.80625152587890625 107.2062530517578125 110.53749847412109375 116.74375152587890625 123.2312469482421875 129.287506103515625 132.931243896484375 134.84375 134.3874969482421875 132.6999969482421875 133.493743896484375 135.493743896484375
232.2312469482421875 232.8937530517578125 232.1437530517578125 231.73126220703125 234.806243896484375 234.412506103515625 230.743743896484375 221.8562469482421875 211.568756103515625 203.131256103515625 197.1125030517578125 189.506256103515625 184.837493896484375 179.850006103515625 173.59375 168.875 162.21875 157.28125 152.368743896484375 145.5124969482421875 137.2687530517578125 128.375 118.80625152587890625 113.7312469482421875 107.80625152587890625 103.53125 101.40625 100.1125030517578125 99.4875030517578125 99.53749847412109375 98.81874847412109375 97.05625152587890625 97.0749969482421875 98.9375 101.03749847412109375 105.15000152587890625 110.2375030517578125 114.28125 115.4375 116.47499847412109375 116.02500152587890625 115.3937530517578125 112.90625 113.8874969482421875
238.274993896484375 238.9250030517578125 238.368743896484375 237.5625 239.462493896484375 240.850006103515625 237.3874969482421875 225.4250030517578125 213.493743896484375 204.931243896484375 198.774993896484375 191.8249969482421875 183.7937469482421875 176.4875030517578125 169.8312530517578125 164.625 157.7937469482421875 152.8874969482421875 147.96875 142.662506103515625 137.34375 128.618743896484375 118.22499847412109375 108.1687469482421875 103.66249847412109375 102.34999847412109375 100.59999847412109375 98.02500152587890625 95.90625 95.1125030517578125 94.02500152587890625 91.6687469482421875 90.91249847412109375 90.93125152587890625 91.68125152587890625 94.0749969482421875 97.1875 99.4875030517578125 101.03749847412109375 100.27500152587890625 98.3312530517578125 96.91249847412109375 96.71250152587890625 95.22499847412109375
239.9499969482421875 240.6374969482421875 240.2624969482421875 241.256256103515625 242.756256103515625 243.09375 240.931243896484375 229.40625 215.2937469482421875 204.3000030517578125 197.681243896484375 191.743743896484375 181.318756103515625 172.0437469482421875 167.243743896484375 160.8249969482421875 154.4812469482421875 147.9812469482421875 143.225006103515625 140.537506103515625 137.5500030517578125 128.9250030517578125 117.6125030517578125 106.46250152587890625 100.7312469482421875 97.84999847412109375 95.52500152587890625 93.21250152587890625 90.40625 89.22499847412109375 87.34375 84.80625152587890625 83.58750152587890625 83.7687530517578125 84.93125152587890625 86.3937530517578125 88.00624847412109375 89.4187469482421875 88.03125 85.47499847412109375 82.6687469482421875 80.5437469482421875 80.2937469482421875 78.625
239.493743896484375 240.0437469482421875 238.9562530517578125 237.899993896484375 237.78125 236.993743896484375 232.649993896484375 222.600006103515625 211.837493896484375 201.993743896484375 193.65625 188.3874969482421875 179.8625030517578125 167.100006103515625 159.6999969482421875 154.6999969482421875 148.306243896484375 142.625 138.368743896484375 135.3562469482421875 133.46875 126.6062469482421875 115.6999969482421875 105.65625 96.90625 92.86875152587890625 91.41249847412109375 89.6062469482421875 87.1875 84.81874847412109375 81.31874847412109375 78.06874847412109375 76.9562530517578125 75.8312530517578125 76.1875 78.13124847412109375 81.03749847412109375 82.90000152587890625 82.5 76.875 71 69.9562530517578125 68.5187530517578125 61.549999237060546875
237.2375030517578125 236.875 233.8562469482421875 231.756256103515625 231.287506103515625 227.4250030517578125 221.7624969482421875 214.7937469482421875 204.993743896484375 196.6374969482421875 187.1062469482421875 179.0187530517578125 171.4875030517578125 161.0812530517578125 150.6374969482421875 146.2937469482421875 140.40625 134.524993896484375 129.4187469482421875 126.59375 124.4562530517578125 118.0437469482421875 110.2312469482421875 104.125 97.0749969482421875 91.7624969482421875 89.1374969482421875 86.28125 82.90625 80.05625152587890625 77.40625 73.2312469482421875 70.9812469482421875 69.34375 69.55625152587890625 72.83750152587890625 77.33124542236328125 82.06874847412109375 82.94374847412109375 78.9875030517578125 67.8249969482421875 61.21875 59.887500762939453125 58.137500762939453125
233.9812469482421875 231.6875 227.681243896484375 225.15625 224.0124969482421875 216.46875 212.15625 204.78125 195.5812530517578125 188.8937530517578125 178.5625 170.1999969482421875 161.912506103515625 152.25 140.7624969482421875 134.056243896484375 129.3562469482421875 125.08750152587890625 119.65000152587890625 117.0124969482421875 115.5625 111.78749847412109375 106.88124847412109375 103.8562469482421875 100.5437469482421875 96.0187530517578125 91.6750030517578125 86.2937469482421875 81.21250152587890625 77.875 72.74375152587890625 68.2624969482421875 66.53749847412109375 64.46250152587890625 62.86875152587890625 67.75624847412109375 76.59375 87.05625152587890625 92.5 88.0812530517578125 79.13124847412109375 70.59375 66.8625030517578125 62.71875
228.4499969482421875 224.975006103515625 221.6875 218.1875 214.25 208.8874969482421875 202.8249969482421875 195.1437530517578125 187.681243896484375 181.4812469482421875 171.40625 161.806243896484375 152.8312530517578125 143.837493896484375 132.993743896484375 123.0749969482421875 118.18125152587890625 115.6750030517578125 111 109 107.3625030517578125 106.40625 105.44374847412109375 105.75 104.16249847412109375 99.13124847412109375 93.02500152587890625 87.2687530517578125 81.91249847412109375 76.91875457763671875 72.90000152587890625 67.0812530517578125 63.75624847412109375 62.043750762939453125 59.299999237060546875 67.0187530517578125 79.84999847412109375 91.6125030517578125 101.63124847412109375 100.96250152587890625 95.8562469482421875 84.22499847412109375 73.875 65.47499847412109375
220.15625 217.375 214.912506103515625 211.493743896484375 206.8562469482421875 201.75 195.368743896484375 188.6750030517578125 181.3249969482421875 173.90625 165.3000030517578125 155.399993896484375 144.9875030517578125 135.46875 127.13124847412109375 118.38124847412109375 109.28749847412109375 105.9875030517578125 103.66249847412109375 101.5437469482421875 100.1374969482421875 100.59999847412109375 103.09999847412109375 107.22499847412109375 107.875 101.08750152587890625 94.28749847412109375 88.21875 82.80625152587890625 78.06874847412109375 74.9812469482421875 71.8125 67.5625 64.7687530517578125 67.09999847412109375 73.65000152587890625 84.61875152587890625 102.5187530517578125 120.21250152587890625 113.9875030517578125 102.58750152587890625 89.1875 75.7375030517578125 67.8249969482421875
213.1125030517578125 211.037506103515625 207.0187530517578125 203.806243896484375 201.118743896484375 196.4187469482421875 189.5124969482421875 182.1437530517578125 175.774993896484375 167.368743896484375 158.506256103515625 148.8249969482421875 138.462493896484375 129.0812530517578125 120.8249969482421875 113.33750152587890625 105.15625 97.1999969482421875 96.53749847412109375 94.0812530517578125 93.75624847412109375 93.875 97.2312469482421875 103.03125 105.4812469482421875 100.15000152587890625 94.90625 89.1875 83.09999847412109375 77.24375152587890625 73.28125 70.125 73.41249847412109375 76.96250152587890625 76.58750152587890625 78.2624969482421875 91.6062469482421875 107.625 116.99375152587890625 113.40000152587890625 99.01874542236328125 86.0187530517578125 74.77500152587890625 69.4187469482421875
205.7312469482421875 203.006256103515625 198.9187469482421875 196.975006103515625 194.068756103515625 189.96875 183.506256103515625 178.1374969482421875 171.1062469482421875 162.6750030517578125 153.431243896484375 143.056243896484375 132.34375 123.3874969482421875 114.6999969482421875 108.72499847412109375 102.08750152587890625 93.5749969482421875 89.21250152587890625 86.99375152587890625 88.65000152587890625 93.80625152587890625 89.96875 94.96875 99.0625 99.4562530517578125 96.3125 90.47499847412109375 86.40000152587890625 79.47499847412109375 73.9375 75.875 85.40625 89.5437469482421875 91.1374969482421875 93.2937469482421875 99.27500152587890625 105.49375152587890625 108.3125 103.1125030517578125 91.93125152587890625 81.5 73.1125030517578125 69.11875152587890625
