data/historical-monthly-weather-data/wc2.1_cruts4.09_10m_prec_2001-10.asc
ncols        45
nrows        45
xllcorner    -63.500000000000
yllcorner    -7.500000000000
cellsize     0.166666666667
NODATA_value -9999
[rows 0 to 18 of 45, columns 0 to 43 of 45]
62.61875152587890625 59.43125152587890625 58.887500762939453125 59.793750762939453125 60.450000762939453125 62 62.831249237060546875 63.674999237060546875 64.81874847412109375 66.5625 69.25 72.16249847412109375 74.7062530517578125 76.3312530517578125 78.83750152587890625 81.28749847412109375 83.53125 84.625 86.1062469482421875 87.15000152587890625 86.8000030517578125 85.8000030517578125 85.24375152587890625 85.66249847412109375 86.53125 87.84375 90.13124847412109375 92.83750152587890625 95.96250152587890625 98.96875 102.31874847412109375 106.0187530517578125 111.3249969482421875 117.36875152587890625 123.9250030517578125 129.7312469482421875 135.4875030517578125 140.837493896484375 143.806243896484375 146.1750030517578125 148.3249969482421875 148.9562530517578125 148.0500030517578125 145.8312530517578125
61.08750152587890625 57.543750762939453125 57.25624847412109375 58.34999847412109375 59.731250762939453125 60.5625 61.21875 62.375 64.2062530517578125 65.9250030517578125 67.84375 70.03749847412109375 71.94374847412109375 73.53749847412109375 75.9375 78.5437469482421875 80.36875152587890625 82.6875 85.18125152587890625 87.34999847412109375 86.8562469482421875 86.16249847412109375 85.8125 86.6687469482421875 87.7624969482421875 88.78125 91.7062530517578125 94.77500152587890625 97.88124847412109375 100.81874847412109375 105.3000030517578125 110.56874847412109375 117.53749847412109375 125.6875 133.40625 140.306243896484375 148.1750030517578125 155.037506103515625 158.8625030517578125 161.5500030517578125 164.337493896484375 165.3312530517578125 164.5749969482421875 162.087493896484375
63.143749237060546875 60.34375 59.59375 60.28125 61.106250762939453125 61.46875 62.012500762939453125 63.15625 65.05625152587890625 66.38124847412109375 67.1999969482421875 68.4562530517578125 69.58750152587890625 70.46250152587890625 72.77500152587890625 75.24375152587890625 77.41249847412109375 79.4187469482421875 81.43125152587890625 83.2624969482421875 83.00624847412109375 83.0437469482421875 83.09999847412109375 84.63124847412109375 86.43125152587890625 88.5437469482421875 91.8249969482421875 95.34999847412109375 98.1374969482421875 101.9187469482421875 107.11875152587890625 112.4562530517578125 120.1437530517578125 129.4187469482421875 138.568756103515625 146.90625 155.756256103515625 164.65625 169.912506103515625 173.6750030517578125 177.3562469482421875 178.3562469482421875 177.7624969482421875 176.03125
65.1125030517578125 62.768749237060546875 62.19374847412109375 61.66249847412109375 61.856250762939453125 61.77500152587890625 62.25624847412109375 63.3125 65.63124847412109375 66.65625 66.0625 66.15000152587890625 66.2937469482421875 66.71250152587890625 69.3874969482421875 71.83750152587890625 73.9875030517578125 75.6750030517578125 77.22499847412109375 78.7062530517578125 78.90000152587890625 78.81874847412109375 78.90000152587890625 81.53749847412109375 84.28749847412109375 87.0500030517578125 90.77500152587890625 94.47499847412109375 97.8562469482421875 101.93125152587890625 107.3874969482421875 113.6125030517578125 121.27500152587890625 130.493743896484375 139.8874969482421875 150.9562530517578125 162.1125030517578125 172.774993896484375 179.8000030517578125 185.15625 188.681243896484375 190.256256103515625 190.087493896484375 189.149993896484375
69.90625 66.40000152587890625 63.66249847412109375 62.33750152587890625 62.331249237060546875 62.09375 62.125 62.768749237060546875 65.75 67.3125 64.80625152587890625 63.212497711181640625 62.831249237060546875 63.19374847412109375 65.78749847412109375 68.25 70.5500030517578125 71.2312469482421875 71.90000152587890625 72.7937469482421875 73.69374847412109375 73.9250030517578125 74.4812469482421875 78.19374847412109375 81.90000152587890625 85.50624847412109375 89.18125152587890625 93.59999847412109375 97.8937530517578125 101.5749969482421875 107 113.1750030517578125 121.78125 131.462493896484375 142.1750030517578125 153.943756103515625 166.75 179.818756103515625 187.774993896484375 194.337493896484375 198.881256103515625 199.712493896484375 200.6125030517578125 200.03125
75.0124969482421875 71.7062530517578125 67.28749847412109375 63.8125 64.2375030517578125 64.69374847412109375 64.4187469482421875 64.52500152587890625 67.02500152587890625 68.9250030517578125 64.9499969482421875 62.8125 62.450000762939453125 62.549999237060546875 64.41249847412109375 66.66249847412109375 68.15000152587890625 67.75 67.4875030517578125 67.5 69.1437530517578125 70.58750152587890625 72.28749847412109375 76.21250152587890625 80.52500152587890625 84.5625 88.21250152587890625 92.08750152587890625 96.6750030517578125 100.19374847412109375 105.375 112.1437530517578125 120.125 129.6750030517578125 140.212493896484375 152.46875 165.618743896484375 180.037506103515625 190.8000030517578125 197.162506103515625 199.649993896484375 201.2375030517578125 202.087493896484375 203.125
82.0437469482421875 78.5500030517578125 73.66249847412109375 69.34999847412109375 68.3937530517578125 67.33750152587890625 65.91249847412109375 64.27500152587890625 64.0437469482421875 63.06874847412109375 61.450000762939453125 61.262500762939453125 61.637500762939453125 62.06874847412109375 63.40000152587890625 65.05625152587890625 65.99375152587890625 64.25624847412109375 62.55625152587890625 61.893749237060546875 64.56874847412109375 67.3562469482421875 70.05625152587890625 74.75624847412109375 79.66249847412109375 84.00624847412109375 87.8625030517578125 91.3125 94.91249847412109375 98.8312530517578125 103.81874847412109375 109.80625152587890625 117.27500152587890625 126.5749969482421875 137.006256103515625 148.3000030517578125 161.28125 175.6999969482421875 189.350006103515625 194.2375030517578125 196.431243896484375 196.5749969482421875 198.287506103515625 201.006256103515625
89.80625152587890625 85.9375 81.46875 77.8874969482421875 75.24375152587890625 72.3125 68.03749847412109375 62.875 58.731250762939453125 56.793750762939453125 57.34375 59.081249237060546875 60.66249847412109375 61.543750762939453125 62.71250152587890625 63.53749847412109375 63.69374847412109375 60.94374847412109375 58.200000762939453125 56.93125152587890625 60.575000762939453125 64.46250152587890625 68.25624847412109375 73.72499847412109375 79.0500030517578125 83.43125152587890625 86.84999847412109375 89.625 92.6750030517578125 95.68125152587890625 100.59999847412109375 106.5812530517578125 113.8125 122.61875152587890625 131.875 142.21875 153.006256103515625 165.493743896484375 175.7062530517578125 181.6125030517578125 184.318756103515625 183.9562530517578125 184.475006103515625 186.0749969482421875
97.1062469482421875 93.6687469482421875 89.6750030517578125 85.78125 82.49375152587890625 78 72.3312530517578125 65.06874847412109375 58.081249237060546875 54.606250762939453125 56.706249237060546875 59.72499847412109375 62.268749237060546875 63.368747711181640625 63.299999237060546875 62.72499847412109375 61.56874847412109375 59.331249237060546875 57.1875 55.88124847412109375 60.03749847412109375 64.74375152587890625 68.6125030517578125 74.5437469482421875 79.43125152587890625 83.1999969482421875 85.55625152587890625 88.6437530517578125 91.36875152587890625 93.5124969482421875 97.9250030517578125 103.1437530517578125 109.03749847412109375 116.1750030517578125 123.63124847412109375 132.962493896484375 142.59375 151.681243896484375 158.59375 163.756256103515625 166.006256103515625 164.34375 164.1999969482421875 162.8125
104.9562530517578125 101.58750152587890625 97.41249847412109375 93.8249969482421875 90.52500152587890625 85.4375 78.90000152587890625 70.9499969482421875 64.36875152587890625 60.71875 60.53125 62.55625152587890625 65.0437469482421875 66.1999969482421875 64.6062469482421875 62.28125 59.625 57.93125152587890625 56.418750762939453125 56.043750762939453125 60.637500762939453125 65.71250152587890625 69.75624847412109375 74.97499847412109375 78.90625 82.2375030517578125 84.7375030517578125 86.91249847412109375 89.4562530517578125 91.36875152587890625 94.36875152587890625 98.8312530517578125 103.80625152587890625 109.97499847412109375 116.65000152587890625 124.3562469482421875 131.681243896484375 138.318756103515625 143.6999969482421875 146.618743896484375 147.6875 145.2062530517578125 142.3312530517578125 139.256256103515625
113.15000152587890625 109.65625 105.2312469482421875 101.53749847412109375 98.25624847412109375 94.3312530517578125 87.84375 79.02500152587890625 72.5 68.4562530517578125 66.68125152587890625 67.4187469482421875 68.5749969482421875 69.34375 66.15000152587890625 61.90000152587890625 58.012500762939453125 56.6875 55.90625 56.24375152587890625 62.1875 67.4187469482421875 71.27500152587890625 75.02500152587890625 79.0812530517578125 82.70624542236328125 85.125 87.0749969482421875 88.4875030517578125 89.9812469482421875 92.4562530517578125 95.96250152587890625 100.16249847412109375 105.0625 110.0187530517578125 115.7624969482421875 121.2687530517578125 125.3312530517578125 129.03125 130.600006103515625 130.381256103515625 127.2687530517578125 124.31874847412109375 119.3625030517578125
120.0625 116.15000152587890625 111.75 108.3249969482421875 105.3312530517578125 101.99375152587890625 96.6062469482421875 87.13124847412109375 80.7937469482421875 76.21250152587890625 73.34999847412109375 72.41249847412109375 71.6374969482421875 70.93125152587890625 67.53749847412109375 62.924999237060546875 58.90000152587890625 57.78125 57.325000762939453125 58.375 65.5124969482421875 70.86875152587890625 74.15625 77 79.7062530517578125 82.0437469482421875 83.625 85.94374847412109375 87.84999847412109375 89.3562469482421875 90.72499847412109375 93.30625152587890625 96.25 100.06874847412109375 104.18125152587890625 108.38124847412109375 112.0437469482421875 115.0812530517578125 116.8312530517578125 117.3625030517578125 115.25 111.7062530517578125 108.3125 104.15625
126.2312469482421875 122.1999969482421875 117.72499847412109375 113.8249969482421875 110.6062469482421875 106.84999847412109375 100.77500152587890625 93.3562469482421875 87.6687469482421875 83.74375152587890625 80.5812530517578125 77.52500152587890625 75.0124969482421875 71.97499847412109375 68.21875 63.987499237060546875 59.80625152587890625 59.012500762939453125 58.825000762939453125 59.84999847412109375 67.7624969482421875 73.5 76.4812469482421875 78.93125152587890625 78.75624847412109375 79.96250152587890625 83.27500152587890625 85.49375152587890625 87.75 88.7312469482421875 89.40625 90.4499969482421875 92.81874847412109375 95.2687530517578125 98.38124847412109375 101.7624969482421875 104.3312530517578125 106.88124847412109375 108.3625030517578125 106.41249847412109375 103.7312469482421875 101.0625 97.00624847412109375 88.15000152587890625
131.3625030517578125 126.9499969482421875 122.43125152587890625 118.22499847412109375 114.25 110.15625 104.5437469482421875 98.6999969482421875 94.2062530517578125 90.27500152587890625 86.71875 82.125 77.71875 73.53125 68.77500152587890625 64.6437530517578125 60.362499237060546875 59.456249237060546875 59.09999847412109375 59.887500762939453125 67.1687469482421875 73.15625 77.5187530517578125 80.63124847412109375 81.66875457763671875 83.13124847412109375 85.27500152587890625 86.7062530517578125 88.0124969482421875 87.59375 87.15000152587890625 87.6750030517578125 89.1125030517578125 90.93125152587890625 93.3625030517578125 96.375 98.8312530517578125 101.59375 103.0437469482421875 101.8625030517578125 97.4812469482421875 91.91249847412109375 87.55625152587890625 82.40625
134.0749969482421875 129.71875 124.7062530517578125 120.50624847412109375 116.40625 112.21250152587890625 107.9562530517578125 103.05625152587890625 98.54375457763671875 94.8000030517578125 91.27500152587890625 85.93125152587890625 80.71250152587890625 75.96250152587890625 70.97499847412109375 66.78749847412109375 62.34375 60.77500152587890625 59.78749847412109375 60.34375 67.19374847412109375 73.90000152587890625 79.6437530517578125 84.65625 88.0500030517578125 89.875 90.02500152587890625 89.4875030517578125 88.88124847412109375 86.83750152587890625 85.1687469482421875 84.71250152587890625 85.8000030517578125 87.90625 90.11875152587890625 92.65625 96 101.0437469482421875 105.56874847412109375 104.44374847412109375 98.96875 92.83750152587890625 88.65000152587890625 84.19374847412109375
135.412506103515625 130.743743896484375 126.1125030517578125 122.06874847412109375 118.0437469482421875 114.59375 110.7375030517578125 106.28749847412109375 102.31874847412109375 98.8625030517578125 94.7624969482421875 88.46250152587890625 82.81874847412109375 77.8312530517578125 73.21875 68.68125152587890625 63.637500762939453125 61.63124847412109375 60.24375152587890625 60.299999237060546875 66.6374969482421875 74.22499847412109375 81.8562469482421875 89.47499847412109375 94.3562469482421875 95.99375152587890625 95.0812530517578125 92.88124847412109375 90.21875 86.16249847412109375 83.2687530517578125 81.47499847412109375 81.93125152587890625 83.7937469482421875 85.25624847412109375 87.1062469482421875 92.875 99.3562469482421875 106.8874969482421875 107.93125152587890625 105.15625 98.81874847412109375 92.8125 86.61875152587890625
135.2062530517578125 130.787506103515625 127.11875152587890625 123.69374847412109375 119.8249969482421875 116.7687530517578125 113.49375152587890625 109.61875152587890625 105.9375 101.94374847412109375 97.50624847412109375 90.68125152587890625 84.1374969482421875 78.52500152587890625 73.7624969482421875 68.99375152587890625 63.53125 61.125 59.65000152587890625 59.65000152587890625 65.69374847412109375 73.6750030517578125 83.0437469482421875 93.125 100.22499847412109375 100.0812530517578125 98.4250030517578125 94.40625 89.75 84.5749969482421875 81.19374847412109375 79.7375030517578125 78.22499847412109375 77.65625 78.0749969482421875 82.2937469482421875 89.21875 101.2312469482421875 115.3937530517578125 115.61875152587890625 112.4812469482421875 105.2312469482421875 96.8625030517578125 90.34375
134.131256103515625 130.1687469482421875 127.3000030517578125 124.1750030517578125 120.72499847412109375 118.2624969482421875 115.30625152587890625 111.46250152587890625 107.7937469482421875 104.0124969482421875 99.63124847412109375 92.2624969482421875 85.2937469482421875 78.96875 73.75 68.58750152587890625 63.21250152587890625 60.28749847412109375 58.887500762939453125 58.481250762939453125 63.918750762939453125 71.3562469482421875 80.46250152587890625 90.72499847412109375 98.25 99.71875 99.49375152587890625 94.78125 88.625 81.94374847412109375 77.72499847412109375 75.93125152587890625 76.2375030517578125 77.1875 75.5625 74.47499847412109375 85.7062530517578125 100.1374969482421875 112.2375030517578125 117.1687469482421875 115.46250152587890625 109.25 101.5 95.1125030517578125
131.868743896484375 129.212493896484375 127.0749969482421875 124.65625 121.93125152587890625 119.5625 116.6750030517578125 113.21250152587890625 110.21250152587890625 106.11875152587890625 100.8874969482421875 93.5 85.9187469482421875 78.9875030517578125 73.46250152587890625 68.59375 63.393749237060546875 59.93125152587890625 58.19374847412109375 57.325000762939453125 61.856250762939453125 69.44374847412109375 76.34375 85.41249847412109375 92.4562530517578125 96.42499542236328125 96.5500030517578125 92.9187469482421875 87.72499847412109375 80.0500030517578125 74.2312469482421875 75.09375 79.46250152587890625 80.03749847412109375 79.06874847412109375 80 88.1437530517578125 98.66249847412109375 108.6750030517578125 114.7624969482421875 115.8312530517578125 113.8312530517578125 106.31874847412109375 100.1687469482421875
