data/historical-monthly-weather-data/wc2.1_cruts4.09_10m_prec_1962-12.asc
ncols        51
nrows        45
xllcorner    -63.500000000000
yllcorner    -7.500000000000
cellsize     0.166666666667
NODATA_value -9999
[rows 20 to 39 of 45, columns 0 to 44 of 51]
191.0187530517578125 191.100006103515625 191.7062530517578125 193.3874969482421875 195.9375 199.3562469482421875 202.3125 204.8937530517578125 207.8874969482421875 209.3937530517578125 208.8625030517578125 206.6125030517578125 203.53125 198.71875 191.3874969482421875 182.84375 174.568756103515625 167.475006103515625 162.5625 158.037506103515625 155.787506103515625 153.6750030517578125 152.556243896484375 156.9375 163.118743896484375 168.7687530517578125 173.350006103515625 173.600006103515625 170.4499969482421875 166.443756103515625 164.399993896484375 167.28125 171.912506103515625 178.243743896484375 185.4625091552734375 194.5187530517578125 206.46875 219.1437530517578125 227.9875030517578125 231.4562530517578125 229.5 222.962493896484375 218.5437469482421875 214.818756103515625 210.5812530517578125
193.818756103515625 193.212493896484375 195.0437469482421875 198.725006103515625 202.3874969482421875 206.131256103515625 209.962493896484375 213.3312530517578125 216 217.006256103515625 215.46875 212.4812469482421875 208.818756103515625 203.431243896484375 196.318756103515625 188.162506103515625 180.181243896484375 172.774993896484375 166.3937530517578125 160.743743896484375 156.6437530517578125 154.3249969482421875 153.993743896484375 158.625 165.4250030517578125 173.649993896484375 182.2062530517578125 184.2937469482421875 182.84375 181.2312469482421875 180.743743896484375 183 186.024993896484375 191.524993896484375 197.306243896484375 205.462493896484375 217.1937408447265625 230.2062530517578125 237.4187469482421875 238.28125 236.1687469482421875 230.3000030517578125 225.4562530517578125 221.5187530517578125 217.7624969482421875
197.4499969482421875 198.0812530517578125 199.725006103515625 203.649993896484375 208.475006103515625 213.587493896484375 217.568756103515625 221.818756103515625 225.4250030517578125 225.1062469482421875 222.3937530517578125 217.875 214.1687469482421875 208.837493896484375 201.4312591552734375 193.212493896484375 184.8937530517578125 176.4812469482421875 169.1750030517578125 162.03125 157.3125 154.1437530517578125 152.850006103515625 157.899993896484375 165.787506103515625 176.3562469482421875 188.46875 192.8562469482421875 193.15625 194.0625 195.7375030517578125 198.631256103515625 201.4499969482421875 204.7937469482421875 208.9375 214.3000030517578125 226.28125 243.15625 249.5500030517578125 247.850006103515625 244.1750030517578125 237.84375 232.787506103515625 228.5187530517578125 224.3562469482421875
203.7687530517578125 203.6687469482421875 204.975006103515625 209.2687530517578125 215.118743896484375 220.6437530517578125 225.65625 229.556243896484375 232.2687530517578125 230.71875 227.34375 223.15625 219.125 214.0124969482421875 205.9187469482421875 197.15625 188.568756103515625 179.649993896484375 171.1750030517578125 163.03125 156.8937530517578125 152.681243896484375 150.087493896484375 155.5 163.5 173.9562530517578125 186.443756103515625 195.03125 200.6812591552734375 204.493743896484375 209.056243896484375 212.712493896484375 216.5437469482421875 219.4875030517578125 223.03125 226.006256103515625 236.912506103515625 253.375 259.39373779296875 257.162506103515625 252.2687530517578125 245.4499969482421875 238.993743896484375 233.631256103515625 231.181243896484375
213.25 211.725006103515625 211.962493896484375 218.306243896484375 225.875 230.53125 234.4562530517578125 236.662506103515625 237.4875030517578125 236.1437530517578125 232.78125 228.087493896484375 223.6437530517578125 218.25 210.087493896484375 201.1374969482421875 192.0562591552734375 182.556243896484375 173.0687408447265625 163.9562530517578125 156.618743896484375 150.5999908447265625 147 151.8000030517578125 160.2375030517578125 171.5062408447265625 184.818756103515625 196.443756103515625 205.9187469482421875 213.5437469482421875 220.96875 226.6687469482421875 231.7062530517578125 235.181243896484375 237.881256103515625 242.2312469482421875 252.09375 262.587493896484375 267.10626220703125 266.25 261.20001220703125 253.5812530517578125 245.399993896484375 240.46875 236.256256103515625
227.90625 228.274993896484375 228.28125 233.587493896484375 238.443756103515625 241.493743896484375 243.1750030517578125 243.625 243.1437530517578125 240.625 236.625 232.3874969482421875 227.600006103515625 222.0749969482421875 214.131256103515625 205.125 195.443756103515625 185.3625030517578125 175.1687469482421875 165.131256103515625 157.59375 149.6437530517578125 143.7937469482421875 147.100006103515625 157.1374969482421875 169.875 185.0812530517578125 199.006256103515625 211.3625030517578125 221.631256103515625 231.3562469482421875 240.899993896484375 247.868743896484375 251.2062530517578125 254.5625 258.9375 267.08123779296875 275.32501220703125 278.58123779296875 278.149993896484375 273.100006103515625 262.36248779296875 251.40625 244.03125 241.46875
243.774993896484375 245.287506103515625 247.1999969482421875 251.1374969482421875 253.9312591552734375 254.46875 252.90625 250.725006103515625 247.743743896484375 244.7062530517578125 241.2062530517578125 236.6812591552734375 231.318756103515625 225.912506103515625 218.09375 209.568756103515625 200.212493896484375 189.9875030517578125 179.506256103515625 168.625 160.0437469482421875 151.0625 143.65625 145.59375 156.9812469482421875 170.3249969482421875 186.462493896484375 201.8625030517578125 216.7375030517578125 228.524993896484375 240.631256103515625 252.600006103515625 262.475006103515625 266.85626220703125 270.98126220703125 276.537506103515625 283.443756103515625 290.67498779296875 293.54998779296875 293.98748779296875 289.4375 275.118743896484375 259.04376220703125 249.162506103515625 252.3125
261.53125 264.587493896484375 267.54998779296875 270.42498779296875 270.98126220703125 268.75 264.38751220703125 258.6875 253.4812469482421875 248.6750030517578125 243.7937469482421875 239.125 234.78125 229.6999969482421875 222.193756103515625 213.600006103515625 204.96875 194.5124969482421875 184.1999969482421875 173.28125 164.4250030517578125 155.537506103515625 149.4187469482421875 152.806243896484375 162.181243896484375 174.4375 190.037506103515625 205.712493896484375 221.287506103515625 234.0812530517578125 246.712493896484375 259.006256103515625 270.04998779296875 278.024993896484375 284.743743896484375 291.57501220703125 299.443756103515625 307.399993896484375 311.431243896484375 313.73748779296875 310.90625 294.04998779296875 269.087493896484375 256.54998779296875 268.70001220703125
277.837493896484375 282.993743896484375 287.29998779296875 290.899993896484375 289.35626220703125 282.693756103515625 274.524993896484375 266.16876220703125 258.92498779296875 251.9812469482421875 246.556243896484375 242.3249969482421875 238 233.475006103515625 226.024993896484375 218.7062530517578125 210.53125 200.4499969482421875 190.100006103515625 179.3312530517578125 170.4375 161.962493896484375 156.725006103515625 160.5437469482421875 169.1437530517578125 180.256256103515625 195.2687530517578125 211.0625 227.0124969482421875 239.4875030517578125 251.787506103515625 263.8125 276.100006103515625 286.3125 296.131256103515625 305.287506103515625 315.33123779296875 324.3125 328.63751220703125 333.0625 334.3125 314.20623779296875 287.806243896484375 278.712493896484375 291.087493896484375
289.45001220703125 295.84375 302.34375 308.193756103515625 307.806243896484375 295.318756103515625 282.600006103515625 271.868743896484375 262.587493896484375 254.162506103515625 248.0500030517578125 243.4187469482421875 240.3249969482421875 236.943756103515625 230.65625 223.71875 216.6999969482421875 208.4562530517578125 198.5812530517578125 187.725006103515625 178.368743896484375 170.0124969482421875 164.21875 168.5 176.6687469482421875 187.0812530517578125 200.462493896484375 216.1374969482421875 231.443756103515625 244.037506103515625 256.337493896484375 268.48126220703125 282.73748779296875 295.16876220703125 307.475006103515625 318.36248779296875 330.375 340.931243896484375 346.40625 350.806243896484375 350.84375 337.71875 318.756256103515625 311.34375 314.3125
297.850006103515625 305.149993896484375 311.387481689453125 317.88751220703125 316.79376220703125 301.33123779296875 286.71875 273.818756103515625 263.11248779296875 255.09375 248.693756103515625 244.625 242.2687530517578125 239.306243896484375 233.899993896484375 228.5437469482421875 223.5124969482421875 215.399993896484375 207.0124969482421875 196.4812469482421875 186.5749969482421875 177.8125 172 176.2125091552734375 183.662506103515625 193.1437530517578125 206.1374969482421875 221.100006103515625 235.881256103515625 248.9375 261.26873779296875 273.64373779296875 288.83123779296875 303.787506103515625 318.01873779296875 331.34375 345.79998779296875 358.39373779296875 364.04998779296875 367.04376220703125 369.20001220703125 361.912506103515625 350.65625 341.01873779296875 340.056243896484375
304.068756103515625 310.068756103515625 314.318756103515625 315.92498779296875 311.79376220703125 299.368743896484375 285.712493896484375 272.17498779296875 261.931243896484375 253.5187530517578125 247.5749969482421875 244.806243896484375 243.4499969482421875 241.256256103515625 237.8249969482421875 233.875 228.4812469482421875 220.6875 212.5625 202.9375 193.6750030517578125 184.9812469482421875 178.65625 182.743743896484375 190.7062530517578125 199.381256103515625 211.5124969482421875 225.962493896484375 240.5437469482421875 253.9375 266.42498779296875 279.274993896484375 294.51873779296875 311.09375 327.850006103515625 344.48126220703125 359.98748779296875 373.868743896484375 380.57501220703125 385.256256103515625 392.20623779296875 391.475006103515625 388.04998779296875 384.743743896484375 388.48748779296875
307 309.66876220703125 310.20001220703125 310.118743896484375 305.743743896484375 294.568756103515625 281.33123779296875 268.375 258.181243896484375 250.631256103515625 247.506256103515625 245.631256103515625 245.65625 245.7062530517578125 243 239.1999969482421875 233.875 227.131256103515625 218.0500030517578125 209.1125030517578125 200.649993896484375 192.850006103515625 186.84375 190.3000030517578125 197.4375 205.8937530517578125 217.506256103515625 230.287506103515625 244.681243896484375 257.92498779296875 271.331268310546875 284.899993896484375 301.537506103515625 319.40625 337.79376220703125 355.681243896484375 373.09375 389.118743896484375 397.287506103515625 408.287506103515625 417.98748779296875 423.368743896484375 430.131256103515625 441.600006103515625 464.743743896484375
308.125 307.89373779296875 306.962493896484375 304.48126220703125 298.45623779296875 287.868743896484375 276.056243896484375 263.881256103515625 253.618743896484375 246.381256103515625 243.6750030517578125 245.649993896484375 248.125 248.625 247.337493896484375 244.0812530517578125 239.837493896484375 233.274993896484375 224.006256103515625 215.3625030517578125 207.5437469482421875 200.0187530517578125 194.037506103515625 197.212493896484375 203.2375030517578125 210.8125 222.399993896484375 235.006256103515625 249.1437530517578125 262.13751220703125 275.78125 290.556243896484375 308.48126220703125 327.787506103515625 346.98126220703125 365.918731689453125 385.712493896484375 402.149993896484375 414.98126220703125 429.42498779296875 443.28125 454.399993896484375 469.125 491.40625 523.03125
307.868743896484375 306.11248779296875 303.618743896484375 299.04998779296875 292.662506103515625 281.92498779296875 270.0625 258.225006103515625 246.8125 240.2312469482421875 239.899993896484375 244.725006103515625 250.9375 254.2937469482421875 253.693756103515625 250.8937530517578125 246.4375 239.431243896484375 230.850006103515625 221.375 214.5500030517578125 206.8312530517578125 201.7312469482421875 204.037506103515625 208.78125 215.6062469482421875 226.600006103515625 239.118743896484375 252.6374969482421875 265.993743896484375 280.25 295.57501220703125 314.881256103515625 335.76873779296875 355.96875 374.962493896484375 394.70623779296875 415.10626220703125 431.0625 446.337493896484375 463.53125 478.100006103515625 496.787506103515625 521.83123779296875 549.6624755859375
306.524993896484375 303.587493896484375 299.36248779296875 293.774993896484375 286.23748779296875 275.8125 263.42498779296875 250.787506103515625 238.5812530517578125 230.9499969482421875 233.587493896484375 243.556243896484375 254.462493896484375 260.037506103515625 260.5 258.037506103515625 253.4187469482421875 246.431243896484375 237.2624969482421875 227.6875 221.1062469482421875 214.931243896484375 209.4375 211.0749969482421875 215.287506103515625 220.7687530517578125 230.90625 242.15625 254.4499969482421875 268.53125 283.76873779296875 299.20001220703125 319.28125 339.8125 359.881256103515625 377.35626220703125 398.493743896484375 418.46875 434.29376220703125 450.756256103515625 468.881256103515625 486.1875 504.41876220703125 527.78125 548.40625
304.537506103515625 300.9375 295.98748779296875 290.100006103515625 282.65625 272.743743896484375 261.443756103515625 247.9250030517578125 233.006256103515625 220.649993896484375 229.0124969482421875 249.0749969482421875 261.41876220703125 266.66876220703125 267.662506103515625 265.243743896484375 260.881256103515625 253.3874969482421875 244.618743896484375 235.0749969482421875 228.4187469482421875 222.1624908447265625 216.962493896484375 217.837493896484375 220.7062530517578125 225.40625 233.9499969482421875 244.8000030517578125 256.60626220703125 271.243743896484375 286.76873779296875 302.662506103515625 322.800018310546875 343.92498779296875 363.5 381.92498779296875 401.41876220703125 420.056243896484375 434.193756103515625 450.23748779296875 467.774993896484375 484.993743896484375 503.375 525.13751220703125 539.85626220703125
302.36248779296875 298.86248779296875 294.20001220703125 288.26873779296875 281.868743896484375 272.54376220703125 263.212493896484375 251.493743896484375 238.0187530517578125 223.4875030517578125 245.256256103515625 267.818756103515625 274.76251220703125 276.9375 276.57501220703125 273.768768310546875 268.5625 261.36248779296875 251.8874969482421875 242.662506103515625 235.0437469482421875 228.587493896484375 223.8625030517578125 223.84375 225.5 229.162506103515625 237.6062469482421875 247.2312469482421875 258.01873779296875 273.32501220703125 288.63751220703125 305.131256103515625 325.23748779296875 346.28125 365.64373779296875 383.14373779296875 400.88751220703125 417.399993896484375 431.67498779296875 446.33123779296875 461.98748779296875 478.243743896484375 494.818756103515625 514.25 528.17498779296875
302.274993896484375 298.506256103515625 294.399993896484375 289.462493896484375 283.306243896484375 275.5 268.14373779296875 261.493743896484375 257.14373779296875 263.662506103515625 290.068756103515625 292.006256103515625 289.35626220703125 288.162506103515625 286.20623779296875 282.818756103515625 277.368743896484375 268.975006103515625 259.26251220703125 249.5500030517578125 241.212493896484375 233.9250030517578125 228.975006103515625 228.587493896484375 229.9812469482421875 233.037506103515625 239.943756103515625 248.6437530517578125 258.368743896484375 272.881256103515625 288.181243896484375 302.33123779296875 320.350006103515625 338.899993896484375 357.86248779296875 373.868743896484375 389.57501220703125 404.67498779296875 417.17498779296875 429.806243896484375 444.431243896484375 457.42498779296875 470.725006103515625 485.824981689453125 496.256256103515625
303.95001220703125 299.912506103515625 296.01251220703125 291.57501220703125 286.537506103515625 281.36248779296875 276.875 275.212493896484375 276.337493896484375 284.818756103515625 299.087493896484375 303.381256103515625 300.98748779296875 299.125 296.943756103515625 292.6875 286.618743896484375 278.381256103515625 267.524993896484375 256.943756103515625 246.4875030517578125 237.84375 232.118743896484375 230.806243896484375 232.662506103515625 235.9812469482421875 242.625 250.5 258.89373779296875 272.57501220703125 285.962493896484375 300.01873779296875 316.26873779296875 332.131256103515625 347.84375 361.056243896484375 375.73748779296875 388.91876220703125 399.75 410.100006103515625 421.51873779296875 432.443756103515625 443.88751220703125 455.76251220703125 464.42498779296875
