data/historical-monthly-weather-data/wc2.1_cruts4.09_10m_tmin_1970-08.asc
ncols        45
nrows        45
xllcorner    -63.500000000000
yllcorner    -7.500000000000
cellsize     0.166666666667
NODATA_value -9999
21.0 21.1875 21 21.1875 21.1875 21.6875 21.5625 21.3125 21.5 22 22 22 22 22 22 22 22 22 22 22 22 22 21.9375 22 21.9375 22 21.5625 21.125 21 21 21 21 21 20.9375 20.9375 20.9375 21 21 20.875 21 21 20.625 20 20 20 
21.125 21 21 21 21 21.25 21 21 21.4375 22 22 22 22 22 22 22 22 22 22 22 22 21.75 21.4375 21.75 21.875 22 21.9375 21.0625 21 21 21 21 21 20.5625 20.875 20.1875 20.5625 21 21 21 20.875 20.8125 20.5 20 20 
21.625 21.4375 21 21 21 21 21 21 21.25 22 22 22 22 22 22 22 22 22 22 22 21.8125 21.4375 21 21.0625 21.125 21.875 21.75 21 21 21.125 21 21 21 20.75 20.4375 20.875 20.9375 20.9375 21 21 20.875 20.625 20.5625 20 20 
21.375 21.3125 21.125 21 21 21 21 21 21.3125 22 22 22 22 22 22 22 22 22 22 21.8125 21.125 21 21.1875 21 21.0625 21.875 21.625 21.1875 21.5625 21.625 21.0625 21 21 21 21 21 21 20.875 20.875 21 21 20.875 20.4375 20.25 20 
21 21 21 21 21 21 21.1875 21 21.75 22 22 22 22 22 22 22 22 22 22 22 21.25 21.0625 21.75 21.3125 21.3125 21.875 21.9375 21.6875 21.3125 21.875 21.375 21 21 21 21 21 21 21 21 21 20.9375 21 21 20.6875 20.0625 
21 21 21 21 21.4375 21.3125 21.125 21.625 21.5 22 22 22 22 22 22 22 22 22 22 22 21.3125 21.25 21.3125 21.75 22 21.625 21.75 21.9375 21.3125 21.4375 21.3125 21 21 20.625 20.625 21 20.875 21 21 21 20.5 20.875 20.625 20.6875 20.9375 
21 21 21 21 21.3125 21.875 21.8125 21.75 22 22 22 22 22 22 22 22 22 22 22 22 21.875 21.6875 21.9375 22 22 22 21.375 21.75 21.6875 21.4375 21 21 21 20.9375 20.625 20.5 20.75 21 21 20.9375 21 20.9375 20.9375 20.8125 20.875 
21 21 21 21 21 21 21.75 22 22 22 22 22 22 22 22 22 22 22 22 21.9375 22 22 22 22 21.5 21.75 21.875 22 21.875 21.75 21.125 21 21 21 21 20.8125 20.9375 21 21 21 21 21 21 21 21 
21 21 21 21 21 21.125 21.4375 22 22 22 22 22 22 22 22 22 22 22 22 22 22.3125 22.0625 22.1875 21.875 21.25 21.375 21.9375 22 21.5625 21.125 21.0625 21 21 21 21 21 20.9375 20.5625 20.6875 21 21 21 21.125 21 21 
21.1875 21 21.3125 21.5 21.5 21.6875 21.625 22 22 22 22 22 22 22 22 22 22 22 22 22 22.0625 22.1875 22.3125 22 22 21.75 21.3125 21.6875 21.5 21.3125 21 21 21 21 21 21 21 20.5625 20.25 20.75 20.875 20.9375 21 21 21 
21 21 21.0625 21.875 22 22 22 22 22 22 22 22 22 22 22 22 22 22 22 21.8125 21.875 22 22 22 22 21.3125 21 21 21 21.4375 21.1875 21 21 21 21 21 21 20.9375 21 20.9375 21 21 20.9375 21 21.25 
21.3125 21.6875 21.9375 22 22 22 22 22 22 22 22 22 22 22 22 22 22 22 22 21.875 21.1875 21.375 21.5 21.875 21.875 21.125 21.125 21.125 21 21 21.25 21.1875 21 21 21 21 20.9375 20.8125 21 21 21 21 21 21.25 22 
22 22 22 22 22 22 22 22 22 22 22 22 22 22 22 22 22 22 22 22 22 21.75 21.375 21.1875 22 21.9375 21.6875 21.5 21.375 21 21 21.125 21.0625 21 21 21 21 20.875 21 21 21 21.0625 21.3125 22 21.4375 
22 22 22 22 22 22 22 22 22 22 22 22 22 22 22 22 22 22 22 22 22 22 22 21.625 21.75 22 22 22 21.9375 21.625 21.3125 21 21.25 21 21 21 21 20.9375 21 21 21.25 21.9375 22 21.5625 20.6875 
22 22 22 22 22 22 22 22 22 22 22 22 22 22 22.1875 22.25 22 22 22 22 22 22 21.875 22 21.375 21.0625 21.125 21.0625 21.125 21 21.25 21.8125 21 21 21 21.1875 21 20.9375 21 21 21.75 21.8125 21.1875 21 20.375 
22 22 22 22 22 22 22 22 22 22 22 22 22 22 22.0625 22.5625 22.4375 22 22 22 22 22 21.9375 21.625 21.875 21.0625 21 21 21 21 21 21.1875 21.0625 21.625 21.625 21.3125 21 21 21 21 21.0625 21 20.875 20.1875 20 
22 22 22 22 22 22 22 22 22 22 22 22 22 22 22 22 22.6875 22.5 22 22 22 22 22 21.9375 21.625 21.875 21.0625 21 21 21 21 21 21.1875 21.5625 21.375 21.1875 21 21 21 21 21 20.4375 20.125 20 20 
22 22 22 22 22 22 22 22 22 22 22 22 22 22 22 22 22.125 22.9375 22.25 22 22 22 22 22 21.6875 21.25 21.75 21.0625 21 21 21.1875 22 21.5625 21 21 21 21 21 20.9375 20.9375 20.9375 20.1875 20 20 20 
22 22 22 22 22 22 22 22 22 22 22 22 22 22 22 22.0625 22 22.25 22.6875 22.3125 22.3125 22 22 22 22 21.875 21.6875 21.8125 21.0625 21 21.5 21.6875 21.0625 21 21 21 21 21 20.625 20.5 20.25 20.125 20 20 20 
22 22 22 22 22 22 22 22 22 22 22 22 22 22 22.0625 22.4375 22.625 22.25 22.25 22.4375 22.1875 22.0625 22 22 22 22 22 22 22 21.9375 22 21.25 21 21 21 20.9375 20.625 20.6875 20.375 20 20 20.125 20 20 20 
22 22 22 22 22.3125 22 22 22 22 22 22 22 22 22.0625 22.75 22.625 22.375 22.6875 22.125 22.4375 22 22 22 22 21.875 21.625 22 22 22 21.875 21.4375 21 21 21 21 21 20.0625 20 20.0625 20 20 20 20 20 19.4375 
22 22.125 22.0625 22 22.1875 22.125 22 22 22 22 22 22 22 22 22 22 22 22.125 22 22 22 22 22 22 21.875 21.5 21.375 21.6875 21.5625 21 21 21 21 21 20.8125 20.6875 20.0625 20 20 20 20 19.6875 19.4375 19.1875 19 
22 22 22 22 22.0625 22.125 22 22 22 22 22 22 22 22 22 22 22 22 22 22 22 22 22 21.9375 21.4375 21 21.375 21.1875 21 21 21.0625 21 21 21 20.5 20.375 20.375 20 20 20 19.5625 19 19 19 18.9375 
22 22 22 22 22 22 22 22 22 22 22 22 22 22 22 22 22 22 22 22 22 22 22 21.5625 21 21.0625 21.25 21.0625 21.25 21 21 21 21 20.9375 20.1875 20.1875 20 20 20 19.6875 19.0625 19 19 19 18.3125 
22 22 22 22 22 22 22 22 22 22 22 22 22 22 22 22 22 22 22 22 22 22 21.9375 21 21.1875 21.125 21.1875 21.125 21.375 21 21 21 21 20.5 20 20 20 20 19.875 19 19 19 19 18.3125 18.5 
22 22 22 22 22 22 22 22 22 22 22 22 22 22 22 22 22 22 22 22 22 21.8125 21.3125 21.1875 21.3125 21.3125 21 21 21.0625 21 21 21 20.8125 20.0625 20 20 20 20 19.5625 19 19 19 19 18.9375 18.9375 
22 22 22 22 22 22 22 22 22 22 21.8125 22 22 22 22 22 22 22 22 22 21.8125 21.375 21.375 21.125 21 21 21 21 21 21 21 21 20.3125 20 20 20 20 19.25 19.0625 19 19 19 19 18.9375 18.4375 
22 22 22 22 22 22 22 22 22 22 21.6875 21.875 21.9375 21.625 22 22 22 22 22 21.9375 21 21.1875 21 21 21 21.125 21 21 21 21 20.5625 20.125 20 20 20 19.9375 19.875 19 19 19 19 18.8125 18.75 18.6875 18 
21.8125 22 22 22 22 22 22 22 22 21.1875 21.125 21.125 21.1875 21.5 21.3125 21.8125 22 22 21.75 21.375 21 21.125 21 21 21 21.125 21 21 21 20.5625 20 20 20 20 20 19.5625 19.25 19 19 19 19 19 19 18.0625 17.9375 
21.1875 21.4375 22 22 22 22 22 22 21.5 21.5625 21.125 21 21 21 21 21.5 22 21.6875 21.1875 21.4375 21.0625 21 21 21 21 21 21 21 21 20.125 20 20 20 19.875 19.125 19 19 18.875 19 19 18.875 18.75 18.625 18 17.9375 
21 21 21.875 22 21.9375 21.9375 21.8125 21.6875 21.5625 21.0625 21 21 21 21 21 21.4375 21.6875 21.0625 21.625 21.1875 21 21 21 21 21 21 21 21 21 20.375 20 20 20 19.4375 19 19 19 18.4375 18.6875 19 18.8125 18.1875 18.375 18 18 
21 21.25 22 21.875 21.125 21.75 21.125 21.0625 21 21 21 21 21 21 21 21 21.5625 21.5625 21.5 21 21 21 21 21 21 21 21 21 20.9375 20.1875 20 19.9375 19.6875 19.3125 19 19 19 18.5 19 18.75 18.25 18 18.0625 18 18 
21 21.625 21.9375 21.4375 21 21.375 21 21 21 21 21 21 21 21 21 21 21.25 21 21 21 21 21 21 21 21 21 21 21 20.75 20 20 19.4375 19.0625 19.0625 19 19 18.8125 18.625 19 18.3125 18 18 18 18 18 
21 21.375 21.125 21 21 21 21 21 21 21 21 21 21 21.25 21.0625 21.3125 21.125 21 21 21 21 21 21 21 21 21 20.875 20.5625 20.25 20 20 19 19 19 19 19 18.9375 18.8125 18.4375 18 18 18 17.75 18 17.8125 
21 21.25 21 21 21 21 21 21 21 21 21 21 21 21 21 21 21 21 21 21 21 21 21 21 21 21 20.4375 20 20 20 19.5625 19 19 19 19 19 19 18.375 18 18 18 18 17.9375 18 17.5625 
21 21 21 21 21 21 21 21 21 21 21.0625 21.1875 21 21 21 21 21 21 21 21 21 20.75 20.75 20.75 20.625 20.4375 20.1875 20 20 20 19.5 19 19 19 19 19.0625 18.875 18 18 18 18 18 18 18 17.5625 
21 21 21 21 21 21 21 21 21 21 21.25 21 21 21 21 21 21 21 20.9375 20.9375 20.75 20.375 20.0625 20.125 20.1875 20 20.0625 20 20 20 19.5625 19 19 19 19.0625 19.25 18.9375 18.1875 18 18 18 18 18 17.9375 17.0625 
21 21 21 21 21 21 21 21 21 21 21 21 21 21 21 21 20.9375 20.4375 20.25 20.25 20.0625 20.0625 20 20 20 20 20 20 20 19.5625 19.9375 19.6875 19.125 19.25 19.625 19 19 18.0625 18 17.625 17.875 17.8125 18 18 17.9375 
21 21 21 21 21 21 21 21 21 21 21 21 21 21 21 20.5625 20.125 20 20 20 20 20 20 20 20 20 20 20 19.625 19.0625 19.125 19.1875 19.4375 19.25 19 18.9375 18.6875 18 17.8125 17.75 17.75 17.125 17.375 17.9375 17.375 
21 21 21 21 21 21 21 21 21 21 21 21 21 21 20.5625 20 20 20 20 20 20 20 20 20 20 20 20 19.625 19 19 19.0625 19 18.75 18.75 18.3125 18 18 18 17.375 17.5625 17.6875 17 17 17.75 18 
20.4375 20.6875 21 21 21 21 21 21 21 20.9375 21 21 20.75 20.6875 20.125 20 20 20 20 20 20 20 20 20 19.875 19.75 20 19.375 19 19 19 18.375 18 18 17.8125 18 18 17.9375 17.125 17.125 17 17 17 17.4375 17.4375 
20 20.0625 20.5 20.5625 21 21 20.6875 20.5625 20.125 20.1875 20.25 20.0625 20 20 20 20 20 20 20 20 20 19.3125 19.4375 19.875 19 19.5 20 19.25 19 18.75 18.875 18.125 18 17.75 17.0625 17.6875 18 17.5 17 17 17 17 17 17 17.125 
20 20 20 20.375 20.625 20.125 20 20 20 20 20 20 20 20 20 20 20 20 20 19.8125 19.5625 19.1875 19.1875 19.125 19 19 19.1875 19 19 19 18.1875 18.4375 18 17.5625 17 17 17 17 17 17 17 17 17 17 17 
20 20 20 20.125 20 20 20 20 20 20 20 20 20 20 20 20 20 20 19.5625 19.0625 19 19 19 19.0625 19 19 19 19 19 18.3125 18.1875 18.125 18.0625 17.9375 17.125 16.5625 16.8125 16.9375 17 17 17 17 17 17 17 
20 20 20 20 20 20 20 20 20 20 20 20 20 20 20 20 20 20 19.375 19 19 19 19 19 19 19 19 19 18.8125 18.0625 18 18 18 18 17.4375 16.875 16.25 16.625 17 17 17 17 17 17 17 
