data/historical-monthly-weather-data/wc2.1_cruts4.09_10m_prec_2023-07.asc
ncols        51
nrows        45
xllcorner    -63.500000000000
yllcorner    -7.500000000000
cellsize     0.166666666667
NODATA_value -9999
[rows 0 to 18 of 45, columns 0 to 42 of 51]
305.75 300.068756103515625 293.48748779296875 292.587493896484375 287.35626220703125 282.837493896484375 278.08123779296875 270.850006103515625 269.59375 270.625 266.78125 262.70623779296875 257.3125 255.931243896484375 255.693756103515625 252.7312469482421875 249.318756103515625 240.46875 233.7312469482421875 230.337493896484375 227.9812469482421875 219.8874969482421875 213.412506103515625 207.350006103515625 203.7687530517578125 196.662506103515625 192.8562469482421875 189.600006103515625 184.1374969482421875 182.09375 172.7687530517578125 168.03125 168.462493896484375 165.4499969482421875 161.818756103515625 154.850006103515625 144.8937530517578125 142.625 133.149993896484375 124.91249847412109375 121.3000030517578125 118.08750152587890625 111.1750030517578125
291.78125 285.98748779296875 280.256256103515625 280.70001220703125 279.01873779296875 274.774993896484375 269.125 263.64373779296875 262.15625 259.70623779296875 255.03125 249.024993896484375 243.381256103515625 239.34375 235.3687591552734375 232.006256103515625 227.3625030517578125 220.381256103515625 215.693756103515625 211.681243896484375 203.9499969482421875 200.5625 196.625 195.21875 187.524993896484375 182.3562469482421875 179.875 177.9499969482421875 171.881256103515625 166.756256103515625 162.193756103515625 162.524993896484375 161.84375 162.1062469482421875 159.306243896484375 149.243743896484375 138.9812469482421875 133.6437530517578125 123.4499969482421875 116.3937530517578125 113.36875152587890625 107.5625 101.375
260.962493896484375 263.243743896484375 265.20623779296875 264.618743896484375 262.006256103515625 256.462493896484375 253 252.556243896484375 252.087493896484375 249.0812530517578125 244.0124969482421875 235.6374969482421875 231.71875 223.181243896484375 217.25 211.912506103515625 207.53125 200.725006103515625 194.899993896484375 192.368743896484375 185.625 183.40625 181.2624969482421875 178.9375 173.868743896484375 166.962493896484375 169.5124969482421875 167.056243896484375 162.8874969482421875 159.8000030517578125 156.243743896484375 151.399993896484375 151.712493896484375 154.412506103515625 146.9562530517578125 136.2312469482421875 129.4875030517578125 125.6875 115.21875 108.625 104.63124847412109375 99.74375152587890625 92.88124847412109375
233.881256103515625 233.4812469482421875 241.34375 248.006256103515625 245.9499969482421875 239.1374969482421875 234.9875030517578125 238.28125 241.40625 240.0625 230.568756103515625 221.837493896484375 215.75 211.2312469482421875 202.368743896484375 193.9499969482421875 187.0812530517578125 181.431243896484375 178.181243896484375 179.6125030517578125 174.6750030517578125 168.1125030517578125 165.5124969482421875 165.0124969482421875 161.7937469482421875 156.9499969482421875 156.524993896484375 151.53125 150.912506103515625 152.912506103515625 150.4250030517578125 145.5187530517578125 141.443756103515625 138.3249969482421875 132.787506103515625 129.4499969482421875 124.8125 115.9250030517578125 107.53749847412109375 100.34999847412109375 97.625 94.22499847412109375 87.78125
232.1125030517578125 223.493743896484375 216.274993896484375 224.0500030517578125 231.5625 224.568756103515625 223.318756103515625 225.9499969482421875 227.5 224.493743896484375 220.806243896484375 210.5687408447265625 203.868743896484375 197.4499969482421875 187.743743896484375 179.1875 171.09375 166.9875030517578125 160.837493896484375 160.8000030517578125 159.006256103515625 153.1062469482421875 149.5749969482421875 153.243743896484375 149.787506103515625 145.006256103515625 142.774993896484375 143.4250030517578125 142.443756103515625 140.837493896484375 140.5749969482421875 138.78125 137.181243896484375 132.96875 127.4875030517578125 119.69374847412109375 114.9499969482421875 109.09375 100.1687469482421875 94.3312530517578125 90.77500152587890625 85.34999847412109375 81.3562469482421875
216.1374969482421875 215.649993896484375 212.0749969482421875 197.443756103515625 208.2687530517578125 216.712493896484375 214.9875030517578125 214.59375 217.712493896484375 213.600006103515625 207.274993896484375 198.6999969482421875 192.556243896484375 181.681243896484375 175.15625 167.1062469482421875 157.212493896484375 150.5812530517578125 147.600006103515625 148.600006103515625 146.5749969482421875 143.056243896484375 141.943756103515625 140.193756103515625 139.7312469482421875 136.912506103515625 135.131256103515625 135.024993896484375 133.0812530517578125 131.868743896484375 131.6374969482421875 133.3000030517578125 130.125 128.6750030517578125 122.5187530517578125 116.71250152587890625 107.8249969482421875 102.78125 97.78125 93.77500152587890625 86.78749847412109375 83.1374969482421875 78.3125
203.8125 205.493743896484375 204.318756103515625 200.431243896484375 197.568756103515625 192.662506103515625 197.2624969482421875 201.3000030517578125 200.0187530517578125 198.2062530517578125 194.537506103515625 183.0749969482421875 179.125 170.5500030517578125 161.506256103515625 155.3249969482421875 148.4499969482421875 139.2312469482421875 132.7562408447265625 136.4812469482421875 134.5 131.274993896484375 129.193756103515625 130.443756103515625 129.6750030517578125 129.7624969482421875 131.0625 127.2375030517578125 123.80625152587890625 126.15625 125.18125152587890625 122.875 120.27500152587890625 121.09375 119.19374847412109375 112.33750152587890625 103.91249847412109375 98.0625 94.38124847412109375 91.3562469482421875 84.24375152587890625 79.09999847412109375 75.56874847412109375
195.2624969482421875 195.1062469482421875 196.806243896484375 197.681243896484375 198.756256103515625 200.7687530517578125 193.131256103515625 180.3625030517578125 175.5625 174.7624969482421875 173.0187530517578125 168.037506103515625 163.6437530517578125 155.5625 149.774993896484375 143.8125 136.2624969482421875 128.8625030517578125 123.625 121.06874847412109375 123.7624969482421875 123.6374969482421875 121.05625152587890625 122.0437469482421875 123.65625 120.72499847412109375 121.53749847412109375 117.15625 117.15625 116.34375 119.0500030517578125 117.25 116.11875152587890625 114.3562469482421875 111.46250152587890625 103.96250152587890625 97.1999969482421875 92.4499969482421875 87.0500030517578125 82.0437469482421875 76.8000030517578125 73.63124847412109375 70.2375030517578125
187.3000030517578125 189.368743896484375 189.881256103515625 193.96875 197.7062530517578125 195.3375091552734375 190.1999969482421875 183.3249969482421875 172.868743896484375 162.056243896484375 157.256256103515625 150.3562469482421875 151.53125 144.2624969482421875 138.8249969482421875 133.1875 128.7624969482421875 125.43125152587890625 124.74375152587890625 117.3312530517578125 114.9499969482421875 118.11875152587890625 116.25624847412109375 118.9375 119.72499847412109375 114.25 112.15000152587890625 113.90625 114.68125152587890625 113.21875 116.6437530517578125 112.3625030517578125 106.875 103.6750030517578125 102.3000030517578125 100.15625 96.49375152587890625 93.1750030517578125 86.2312469482421875 79.47499847412109375 73.6875 70.0625 67.33750152587890625
177.1999969482421875 182.087493896484375 185.1999969482421875 189.59375 193.3000030517578125 193.899993896484375 188.71875 182.412506103515625 174.193756103515625 166.7687530517578125 156.0437469482421875 143.375 141.1750030517578125 136.149993896484375 131.818756103515625 128.149993896484375 122 122.4812469482421875 122.5437469482421875 119.2687530517578125 116.16249847412109375 112.25624847412109375 108.56874847412109375 111.22499847412109375 110.9812469482421875 110.22499847412109375 108.21875 108.8874969482421875 108.05625152587890625 107.6750030517578125 109.2375030517578125 105.42499542236328125 102.6374969482421875 99.3562469482421875 96.77500152587890625 95.8874969482421875 93.75 91.30625152587890625 85.0437469482421875 80.49375152587890625 76.1125030517578125 71.1750030517578125 65.6875
171.006256103515625 177.6374969482421875 180.15625 185.837493896484375 188.96875 189.75 186.1437530517578125 176.2062530517578125 164.8937530517578125 157.806243896484375 151.3625030517578125 141.7937469482421875 131.068756103515625 127.84375 121.7312469482421875 118.0187530517578125 116.08750152587890625 116.96250152587890625 117.24375152587890625 119.4187469482421875 119.9562530517578125 114.5437469482421875 106.46250152587890625 100.4562530517578125 105.21250152587890625 110.47499847412109375 109.2937469482421875 107.59999847412109375 103.03125 102.65625 102.78125 102.24375152587890625 100.5625 96.6687469482421875 95.58750152587890625 93.6875 92 87.6437530517578125 85.74375152587890625 80.3000030517578125 74.1062469482421875 68.7937469482421875 65.1750030517578125
165.5500030517578125 171.056243896484375 174.243743896484375 180.2312469482421875 184.5437469482421875 185.412506103515625 183.5187530517578125 174.375 160.8562469482421875 149.181243896484375 141.399993896484375 136.125 123.90625 118.25 117.09999847412109375 111.6999969482421875 109.97499847412109375 110.91249847412109375 112.02500152587890625 116.08750152587890625 120.71250152587890625 117.3625030517578125 112.9875030517578125 104.84375 102.9812469482421875 99.71875 99.3625030517578125 100.56874847412109375 98.7624969482421875 97.8312530517578125 95.41249847412109375 95.03749847412109375 94.86875152587890625 93.5 93.9375 93.5500030517578125 90.6062469482421875 89.23125457763671875 82.3249969482421875 77.40000152587890625 71.2062530517578125 67.59999847412109375 61.27500152587890625
155.4375 163.8937530517578125 168.806243896484375 172.087493896484375 174.318756103515625 175.5124969482421875 171.8000030517578125 162.1374969482421875 150.3249969482421875 142.5749969482421875 136.399993896484375 128.71875 122.4187469482421875 109.43125152587890625 104.93125152587890625 104.96250152587890625 103.5500030517578125 105.63124847412109375 107.28125 109.34375 111.90625 109.72499847412109375 108.22499847412109375 102.6062469482421875 95.6875 92.71875 93.6999969482421875 95.68125152587890625 95.00624847412109375 93.22499847412109375 90.78125 87.8249969482421875 89.52500152587890625 89.3312530517578125 89.59375 90.125 90.72499847412109375 91.4875030517578125 88.33750152587890625 79.5749969482421875 70.46875 65.1875 56.97499847412109375
147.3312530517578125 155.4499969482421875 160.337493896484375 162.431243896484375 163.3000030517578125 161.8874969482421875 157.681243896484375 150.0500030517578125 143.725006103515625 134.34375 127.84375 121.8312530517578125 113.375 104.16249847412109375 93.81874847412109375 95.9187469482421875 94.09375 97.0437469482421875 97.72499847412109375 100.40625 101.80625152587890625 102.1374969482421875 101.4875030517578125 98.2062530517578125 92.25 88.4187469482421875 87.96250152587890625 87.33750152587890625 86.81874847412109375 85.69374847412109375 87.05625152587890625 85.80625152587890625 84.6062469482421875 84.5437469482421875 85.4812469482421875 89.2937469482421875 93.6687469482421875 97.5625 96.125 86.2937469482421875 70.28125 60.90625 57.956249237060546875
142.0812530517578125 148.024993896484375 150.725006103515625 153.28125 152.149993896484375 149.2312469482421875 148.4812469482421875 141.381256103515625 133.90625 125.4499969482421875 119.0500030517578125 112.21875 106.02500152587890625 99.27500152587890625 86.4187469482421875 85.34999847412109375 84.5812530517578125 86.78125 88.2375030517578125 91.52500152587890625 94.81874847412109375 95.125 95.0749969482421875 95.09375 92.8000030517578125 90.46875 89.6062469482421875 87.53125 87.59375 87.40625 84.5187530517578125 84.29999542236328125 86.47499847412109375 84.875 81.6437530517578125 84.18125152587890625 93.5187530517578125 102.71875 102.5500030517578125 91.84375 79.78125 71.5187530517578125 71.72499847412109375
133.912506103515625 139.837493896484375 142.693756103515625 142.912506103515625 142.462493896484375 142.2312469482421875 136.9812469482421875 130.8874969482421875 124.63124847412109375 119.0625 111.6750030517578125 105.75 100.375 94.1125030517578125 84.13124847412109375 72.43125152587890625 73.90000152587890625 77.5500030517578125 78.6687469482421875 82.38124847412109375 85.00624847412109375 87.8000030517578125 89.78749847412109375 94.65000152587890625 94.59999847412109375 92.1875 89.44374847412109375 85.47499847412109375 85.8625030517578125 86.22499847412109375 88.7375030517578125 85.0187530517578125 82.47499847412109375 79.81874847412109375 77.84375 87.6437530517578125 95.1999969482421875 102.9499969482421875 106.0437469482421875 103.03125 95.09999847412109375 86.59375 79.86875152587890625
126.3249969482421875 132.1437530517578125 135.225006103515625 136.475006103515625 136.725006103515625 132.693756103515625 129.537506103515625 124.1062469482421875 118.4499969482421875 113.1687469482421875 106.8562469482421875 100.07500457763671875 93.6999969482421875 89.25624847412109375 85.28749847412109375 76.90625 68.55625152587890625 68.3312530517578125 73.21875 76.2624969482421875 78.43125152587890625 81.81874847412109375 86.875 94.31874847412109375 97.8125 89.83750152587890625 83.84999847412109375 80.75 83.06874847412109375 86.08750152587890625 89.16249847412109375 91.00624847412109375 87.81874847412109375 85.74375152587890625 92.5437469482421875 97.4187469482421875 107.0749969482421875 119.0437469482421875 125.08124542236328125 112.6750030517578125 101.90625 90.77500152587890625 79.77500152587890625
119.52500152587890625 126.7937469482421875 128.15625 130.3625030517578125 130.1999969482421875 124.93125152587890625 120.9375 117 111.80625152587890625 104.0625 98.6125030517578125 94.9875030517578125 89.5 85.3874969482421875 83.4812469482421875 79.30625152587890625 72.18125152587890625 63.325000762939453125 69.1999969482421875 71.46250152587890625 73.40000152587890625 76.2312469482421875 83.81874847412109375 90.41249847412109375 93.0437469482421875 85.49375152587890625 79.28125 78.1999969482421875 81.5124969482421875 82.74375152587890625 81.58750152587890625 82.4499969482421875 94.50624847412109375 99.0124969482421875 98.43125152587890625 107.8125 120.21875 126.63124847412109375 127.09375 116.65000152587890625 99.84375 88.75 78.2937469482421875
113.3125 120.08750152587890625 120.0187530517578125 120.8625030517578125 122.11875152587890625 118.5124969482421875 113.2375030517578125 110.53749847412109375 106.5812530517578125 99.8312530517578125 94.4375 88.83124542236328125 84.86875152587890625 82.6437530517578125 78.3249969482421875 76.6437530517578125 72.91249847412109375 66.71250152587890625 62.83750152587890625 63.71250152587890625 68.7687530517578125 76.9499969482421875 71.25 78.84999847412109375 82.5625 82.3312530517578125 79.4499969482421875 77.13124847412109375 80.81874847412109375 83.3125 84.11875152587890625 86.96875 95.7624969482421875 97.8874969482421875 100.4562530517578125 107.83750152587890625 113.15625 116.24375152587890625 116.99375152587890625 105.5749969482421875 94.5812530517578125 83.125 74.97499847412109375
