data/historical-monthly-weather-data/wc2.1_cruts4.09_10m_prec_1952-08.asc
ncols        45
nrows        45
xllcorner    -63.500000000000
yllcorner    -7.500000000000
cellsize     0.166666666667
NODATA_value -9999
[rows 19 to 37 of 45, columns 0 to 43 of 45]
124.16249847412109375 124.03749847412109375 124.18125152587890625 125.5187530517578125 125.5625 126.4250030517578125 125.9875030517578125 124.53749847412109375 124.65625 122.3249969482421875 118.75 112.99375152587890625 103.1062469482421875 93.0500030517578125 85.375 77.4375 67.5500030517578125 65.71875 66.9499969482421875 72.03125 74.3562469482421875 80.5437469482421875 92.90000152587890625 101.96250152587890625 107.58750152587890625 108.6750030517578125 106.5749969482421875 101.0124969482421875 92.6750030517578125 81.375 76.4250030517578125 84.9187469482421875 92.2062530517578125 101.2687530517578125 110.9250030517578125 115.0812530517578125 116.41249847412109375 116.71250152587890625 111.74375152587890625 102.8874969482421875 90.90000152587890625 82.0500030517578125 75.43125152587890625 69.47499847412109375
115.6687469482421875 118.6750030517578125 121.71875 123.8625030517578125 123.03749847412109375 124.08750152587890625 125.375 125.5749969482421875 126.3562469482421875 124.2312469482421875 121.78125 117.74375152587890625 107.4875030517578125 96.8000030517578125 87.4499969482421875 79.2375030517578125 70.96875 66.48125457763671875 69.24375152587890625 72.625 79.3625030517578125 88.06874847412109375 97.83750152587890625 107.15625 115.4562530517578125 114.5187530517578125 106.8874969482421875 100.61875152587890625 94.66249847412109375 90.125 88.3000030517578125 91.8125 94.96250152587890625 99.6875 108.0437469482421875 111.3312530517578125 114.5437469482421875 114.6999969482421875 108.7375030517578125 101.08750152587890625 90.34999847412109375 82.84999847412109375 76.81874847412109375 70.28125
111.25624847412109375 112.75 117.00624847412109375 121.4375 123.1374969482421875 123.625 126.56874847412109375 126.05625152587890625 127.9375 125.9812469482421875 126.22499847412109375 126.14374542236328125 122.68125152587890625 112.56874847412109375 101.38124847412109375 89.08750152587890625 82.93125152587890625 78.8000030517578125 79.49375152587890625 82.44374847412109375 84.31874847412109375 91.03749847412109375 100.65625 108.5500030517578125 113.66249847412109375 114.59375 115.1999969482421875 107.875 102.6999969482421875 97.4875030517578125 94.16249847412109375 93.40625 95.06874847412109375 98.80625152587890625 101.3874969482421875 104.69374847412109375 109.8312530517578125 112.4812469482421875 107.96250152587890625 99.9875030517578125 90.1687469482421875 82.7312469482421875 75.6125030517578125 71.0625
107.2375030517578125 112.41249847412109375 118.3249969482421875 121.7687530517578125 124.78749847412109375 125.9812469482421875 125.8000030517578125 125.0500030517578125 128.8562469482421875 131.8249969482421875 135.84375 139.15625 140.4812469482421875 131.6312408447265625 117.08750152587890625 103.1875 93.1875 88.8625030517578125 88.43125152587890625 89.3625030517578125 91.59375 97.6125030517578125 105.22499847412109375 107.18125152587890625 114.02500152587890625 118.3125 118.15625 114.30625152587890625 107.2062530517578125 99.3125 94.83750152587890625 93.78125 94.2687530517578125 94.50624847412109375 94.6125030517578125 93.6750030517578125 98.84999847412109375 106.59375 105.4562530517578125 97.4499969482421875 89.3874969482421875 81.4499969482421875 74.6999969482421875 69.94374847412109375
106.69374847412109375 113.94374847412109375 121.2624969482421875 122.3625030517578125 124.15000152587890625 125.9187469482421875 127.96250152587890625 129.7375030517578125 129.681243896484375 134.524993896484375 140.037506103515625 149.125 153.556243896484375 143.40625 128.9250030517578125 115.16249847412109375 105.15625 99.58750152587890625 97.5 98.24375152587890625 100.21875 104.75624847412109375 109.03749847412109375 112.5812530517578125 116.45624542236328125 117.69374847412109375 119.6125030517578125 112.9250030517578125 107.15625 101 96.9187469482421875 94.2624969482421875 93.8625030517578125 91.1125030517578125 89.53125 86.93125152587890625 90.68125152587890625 98.49375152587890625 98.9562530517578125 92.56874847412109375 85.27500152587890625 78.7312469482421875 72.3625030517578125 67.3000030517578125
108.4812469482421875 115.90000152587890625 122.6750030517578125 126.59999847412109375 129.162506103515625 129.84375 130.318756103515625 132.28125 134.493743896484375 139.2062530517578125 142.84375 148.4812469482421875 151.712493896484375 144.7624969482421875 133.84375 123.3562469482421875 114.6875 108.61875152587890625 105.6875 105.83750152587890625 107.6687469482421875 110.3125 113.63124847412109375 116.00624847412109375 116.59375 119.1374969482421875 116.2937469482421875 110.57500457763671875 105.2062530517578125 100.3874969482421875 95.86875152587890625 92.44374847412109375 91.4562530517578125 90.0812530517578125 87.6125030517578125 84.9375 87.74375152587890625 90.3312530517578125 90.3000030517578125 86.6437530517578125 80.875 75.97499847412109375 70.74375152587890625 66.50624847412109375
112.88124847412109375 120.2375030517578125 123.6374969482421875 129.2312469482421875 130.162506103515625 130.850006103515625 131.5250091552734375 134.818756103515625 134.8125 137 140.662506103515625 144.399993896484375 145.881256103515625 139.568756103515625 133.712493896484375 125.33750152587890625 119.1125030517578125 114.7375030517578125 110.8312530517578125 111.65625 113.65000152587890625 114.81874847412109375 118.26874542236328125 117.38124847412109375 116.47499847412109375 116.7687530517578125 114.15625 108.5812530517578125 104.01250457763671875 100.0187530517578125 95.09375 91.6687469482421875 89.28125 87.2312469482421875 84.59999847412109375 83.96250152587890625 84.875 84.5749969482421875 84.6125030517578125 80.5812530517578125 76.44374847412109375 72.4562530517578125 68.81874847412109375 65.8000030517578125
116.15625 120.6062469482421875 124.78749847412109375 128.493743896484375 129.868743896484375 130.462493896484375 132.806243896484375 133.693756103515625 132.1374969482421875 135.8125 139.375 138.4499969482421875 137.5437469482421875 133.0625 129.9875030517578125 124.25 120.3312530517578125 116.33750152587890625 114.4375 113.15000152587890625 112.91249847412109375 115.24375152587890625 116.7624969482421875 117.1999969482421875 115.6437530517578125 112.4250030517578125 110.8249969482421875 105.9187469482421875 100.6750030517578125 95.96875 92.625 88.2624969482421875 86.7375030517578125 84.9499969482421875 81.81874847412109375 81.1374969482421875 79.8874969482421875 79.50624847412109375 77.8562469482421875 74.34999847412109375 70.78749847412109375 68.00624847412109375 66.7375030517578125 63.512500762939453125
121.2624969482421875 120.27500152587890625 124.1374969482421875 127.56874847412109375 129.8562469482421875 129.087493896484375 130.8625030517578125 132.09375 131.9375 133.8312530517578125 133.6187591552734375 131.381256103515625 129.5437469482421875 127.08750152587890625 123.8937530517578125 121.03125 119.6125030517578125 116.69374847412109375 115.38124847412109375 113.84999847412109375 113.875 112.86875152587890625 116.06874847412109375 115.40625 112.59375 108.03125 106.1062469482421875 102.34999847412109375 97.9250030517578125 93.69374847412109375 89.25 84.72499847412109375 83.28749847412109375 80.80625152587890625 79.59999847412109375 77.59375 75.2624969482421875 74.1437530517578125 73.08750152587890625 70.75624847412109375 67.4187469482421875 66.0187530517578125 65.125 64.71875
121.90625 122.84375 124.09375 126.7937469482421875 126.16249847412109375 125.8874969482421875 126 125.72499847412109375 128.6125030517578125 128.318756103515625 127.7937469482421875 124.69374847412109375 122.0812530517578125 120.2624969482421875 118.8312530517578125 117.31874847412109375 117.88124847412109375 116.55625152587890625 115.43125152587890625 114.75624847412109375 114.13124847412109375 113.0437469482421875 114.58750152587890625 111.96250152587890625 109.52500152587890625 104.1125030517578125 102.27500152587890625 98.1374969482421875 93.4812469482421875 89.44374847412109375 84.9812469482421875 81.3249969482421875 78.625 75.8000030517578125 74.9375 74.4499969482421875 72.90000152587890625 71.7062530517578125 70.6999969482421875 67.83750152587890625 63.668750762939453125 62.90000152587890625 63.299999237060546875 64.71250152587890625
118.6750030517578125 120.1374969482421875 120.5625 119.8562469482421875 120.03749847412109375 120.41249847412109375 119.96250152587890625 121.7687530517578125 122.3249969482421875 121.0500030517578125 121.08750152587890625 119.0124969482421875 116.25 113.78749847412109375 112.90000152587890625 111.90625 111.2624969482421875 112.5749969482421875 114.28749847412109375 111.7687530517578125 110.61875152587890625 111.1750030517578125 112.4375 108.81874847412109375 104.71875 101.4812469482421875 97.25 92.8937530517578125 86.81874847412109375 82.91875457763671875 79.58750152587890625 76.9187469482421875 74.34999847412109375 72.34999847412109375 71.47499847412109375 70.125 70.66249847412109375 70.21250152587890625 68.58750152587890625 67.6875 65.46875 64.1999969482421875 62.575000762939453125 62.93125152587890625
114.40625 114.4562530517578125 112.6687469482421875 113.47499847412109375 116.4562530517578125 115.8874969482421875 116.1687469482421875 115.875 115.1687469482421875 113.9187469482421875 112.83750152587890625 113.1750030517578125 112.53749847412109375 110.08750152587890625 107.18125152587890625 106.0812530517578125 107.3249969482421875 109.0187530517578125 111.5812530517578125 110.8125 109.05625152587890625 106.4875030517578125 106.6687469482421875 103.1687469482421875 98.84999847412109375 96.24375152587890625 90.7062530517578125 86.97499847412109375 82.25 79.03749847412109375 76.41249847412109375 73.31874847412109375 70.375 68.69374847412109375 68.9187469482421875 67.43125152587890625 67.66249847412109375 67.5749969482421875 67.8937530517578125 68.6687469482421875 66.8125 63.325000762939453125 60.75 61.862499237060546875
108.9562530517578125 109.13124847412109375 107.1687469482421875 107.33750152587890625 110.53749847412109375 110.2062530517578125 109.875 108.31874847412109375 108.0437469482421875 107.4812469482421875 106.55625152587890625 106.1374969482421875 104.44374847412109375 103.5187530517578125 101.91249847412109375 103.2687530517578125 103.25 104.28749847412109375 105.33750152587890625 105.77500152587890625 104.7624969482421875 104.68125152587890625 102.58750152587890625 96.80625152587890625 93.2375030517578125 90.1875 85.1125030517578125 81.5749969482421875 76.8000030517578125 73.5500030517578125 71.91249847412109375 68.8312530517578125 66.43125152587890625 65.41249847412109375 63.78125 62.28125 62.643749237060546875 63.174999237060546875 64.2312469482421875 65.33750152587890625 63.84999847412109375 60.543750762939453125 59.15000152587890625 58.53125
98.9562530517578125 98.40625 97.5812530517578125 98.56874847412109375 99.36875152587890625 98.7062530517578125 99.59375 99.31874847412109375 98.4187469482421875 99.15000152587890625 101.03749847412109375 99.19374847412109375 97.3937530517578125 97.9875030517578125 96.53125 97.68125152587890625 97.43125152587890625 98.9499969482421875 99.46875 99.6374969482421875 98.4875030517578125 97.58750152587890625 96.05625152587890625 93.125 89.59375 85.21250152587890625 80.59375 74.8312530517578125 70.91249847412109375 67.81874847412109375 66.5500030517578125 63.81874847412109375 61.575000762939453125 60.03125 58.65000152587890625 57.293750762939453125 57.5 57.53125 58.49375152587890625 59.518749237060546875 58.106250762939453125 56.237499237060546875 54.93125152587890625 53.825000762939453125
88.8125 89.625 88.90625 90.7062530517578125 88.41249847412109375 88.8937530517578125 90.6062469482421875 90.7375030517578125 90.1062469482421875 90.375 91.43125152587890625 91.53125 91.9250030517578125 89.7312469482421875 89.875 89.4375 90.3874969482421875 90.84999847412109375 90.8937530517578125 91.90000152587890625 91.4812469482421875 90.75624847412109375 90.09375 86.5625 84.19374847412109375 80.75624847412109375 75.8562469482421875 69.80625152587890625 66.7062530517578125 64.36875152587890625 62.612499237060546875 59.84999847412109375 56.78749847412109375 54.41249847412109375 53.418750762939453125 52.22499847412109375 52.18125152587890625 51.78125 52.65625 52.737499237060546875 52.93125152587890625 52.08750152587890625 50.768749237060546875 49.34375
80.4250030517578125 80.75 80.78125 80.5437469482421875 80.02500152587890625 80.53749847412109375 81.6687469482421875 82.22499847412109375 80.66249847412109375 82 83.21875 84.8937530517578125 84.4187469482421875 84.6687469482421875 84.4562530517578125 84.5625 84.80625152587890625 84.80625152587890625 84.74375152587890625 85.59999847412109375 85.5812530517578125 84.5 83 80.74375152587890625 78.03125 75.63124847412109375 70.7937469482421875 65.34375 62.512500762939453125 60.6875 57.9375 54.862499237060546875 52.00624847412109375 49.293750762939453125 47.81874847412109375 46.6875 45.762500762939453125 45.950000762939453125 46.96875 47.13124847412109375 46.799999237060546875 46.28125 45.90625 44.956249237060546875
73.03125 73.6374969482421875 73.0187530517578125 72.53749847412109375 72.5 71.9812469482421875 72.2375030517578125 71.8312530517578125 71.36875152587890625 73.0437469482421875 75.78749847412109375 76.90000152587890625 78.52500152587890625 79.21875 79.47499847412109375 80.2687530517578125 79.6374969482421875 80.4812469482421875 79.33750152587890625 79.53749847412109375 79.875 80.5124969482421875 78.74375152587890625 76.77500152587890625 73.625 70.5812530517578125 65.8312530517578125 62.549999237060546875 58.5625 56.05625152587890625 53.424999237060546875 50.65000152587890625 46.55625152587890625 44.518749237060546875 42.53125 40.793750762939453125 40.831249237060546875 41.049999237060546875 41.237499237060546875 42.043750762939453125 41.93125152587890625 42.36875152587890625 41.299999237060546875 40.793750762939453125
64.30625152587890625 64.7687530517578125 64.19374847412109375 64.38124847412109375 64.5437469482421875 64.53125 64.75 65.0500030517578125 64.0812530517578125 64.33750152587890625 69.1374969482421875 73.125 75.4875030517578125 75.7624969482421875 76.66249847412109375 76.00624847412109375 75.3000030517578125 75.27500152587890625 74.78749847412109375 73.99375152587890625 74.34375 75.02500152587890625 73.9187469482421875 72.46250152587890625 70.16249847412109375 66.1750030517578125 62.481250762939453125 58.96250152587890625 54.15000152587890625 51.737499237060546875 49.66249847412109375 46.5 42.96250152587890625 40.018749237060546875 37.981250762939453125 36.71250152587890625 36.71250152587890625 37.21875 37.243747711181640625 37.96875 37.72499847412109375 38.15000152587890625 37.237499237060546875 37.0625
57.15625 57.856250762939453125 57.00624847412109375 58.02500152587890625 58.61875152587890625 58.331249237060546875 58.487499237060546875 58.543750762939453125 59.018749237060546875 59.137500762939453125 67.2312469482421875 71.83750152587890625 72.19374847412109375 73.69374847412109375 74.8000030517578125 73.625 71.7937469482421875 70.6374969482421875 71.3125 70.2937469482421875 70.3249969482421875 69.9250030517578125 69.125 67.86875152587890625 66.02500152587890625 63.362499237060546875 60.049999237060546875 56.737499237060546875 52.762500762939453125 49.737499237060546875 46.66249847412109375 44.3125 41.1875 36.96875 34.293750762939453125 32.856250762939453125 33.66249847412109375 34.424999237060546875 34.77500152587890625 35.393749237060546875 33.956249237060546875 33.59999847412109375 33.15000152587890625 32.856250762939453125
