data/historical-monthly-weather-data/wc2.1_cruts4.09_10m_prec_2009-05.asc
ncols        45
nrows        45
xllcorner    -63.500000000000
yllcorner    -7.500000000000
cellsize     0.166666666667
NODATA_value -9999
[rows 0 to 19 of 45, columns 0 to 43 of 45]
252.7687530517578125 240.1875 231.118743896484375 226.7062530517578125 220.4875030517578125 214.8937530517578125 206.9562530517578125 200.75 196.587493896484375 194.399993896484375 191.6750030517578125 191.09375 192.21875 194.40625 199.743743896484375 206.837493896484375 212.96875 218.125 225.037506103515625 233.0437469482421875 236.931243896484375 239.787506103515625 245.881256103515625 251.90625 259.63751220703125 269.6875 282.524993896484375 297.8125 310.337493896484375 322.20001220703125 329.381256103515625 339.162506103515625 350.14373779296875 359.45001220703125 368.681243896484375 378.03125 385.5625 389.33123779296875 390.600006103515625 393.556243896484375 393.1875 393.07501220703125 389.36248779296875 390.568756103515625
256.962493896484375 243.431243896484375 237.2312469482421875 234.1125030517578125 230.931243896484375 226.381256103515625 218.7937469482421875 213.0187530517578125 209.5625 205.0749969482421875 201.8249969482421875 200.3125 199.3562469482421875 199.3249969482421875 202.649993896484375 206.8249969482421875 211.443756103515625 218.431243896484375 229.587493896484375 240.59375 245.5 250.087493896484375 255.131256103515625 263.16876220703125 270.39373779296875 278.33123779296875 291.48126220703125 305.01251220703125 317.11248779296875 325.51251220703125 331.524993896484375 343.568756103515625 351.46875 362.875 371.125 375.82501220703125 386.11248779296875 391.35626220703125 395.443756103515625 392.462493896484375 391.85626220703125 396.212493896484375 392.506256103515625 387.78125
256.725006103515625 246.024993896484375 241.381256103515625 236.6374969482421875 231.3937530517578125 228.90625 225.6437530517578125 223.21875 221.0187530517578125 217.0500030517578125 213.181243896484375 209.912506103515625 206.9875030517578125 203.8625030517578125 205.975006103515625 209.5625 211.78125 215.625 223.837493896484375 233.006256103515625 237.8312530517578125 244 249.5500030517578125 257.86248779296875 266.143768310546875 277.36248779296875 291.8125 303.76251220703125 313.61248779296875 321.087493896484375 326.806243896484375 335.837493896484375 347.662506103515625 356.64373779296875 367.3125 372.243743896484375 381.67498779296875 389.506256103515625 392.943756103515625 394.412506103515625 398.73126220703125 396.975006103515625 396.51873779296875 392.306243896484375
252.568756103515625 241.037506103515625 240.6437530517578125 234.850006103515625 229.412506103515625 228.006256103515625 227.7687530517578125 229.3125 231.46875 229.3937530517578125 224.0187530517578125 219.024993896484375 212.681243896484375 208.0437469482421875 208.756256103515625 210.2937469482421875 210.40625 211.6374969482421875 216.2375030517578125 224.225006103515625 232.100006103515625 237.056243896484375 241.443756103515625 251.5500030517578125 261.412506103515625 272.125 287.068756103515625 297.10626220703125 306.51873779296875 316 321.88751220703125 329.774993896484375 339.412506103515625 347.649993896484375 355.443756103515625 367.881256103515625 380.225006103515625 389.04998779296875 394.850006103515625 399.318756103515625 402.806243896484375 405.73748779296875 400.375 395.068756103515625
263.25 248.75 235.2375030517578125 228.4812469482421875 224.3562469482421875 223.8874969482421875 226.6999969482421875 231.4812469482421875 238.212493896484375 239.943756103515625 232.0124969482421875 222.9875030517578125 217.306243896484375 212.274993896484375 211.59375 210.90625 208.8937530517578125 207.6999969482421875 209.2312469482421875 215.65625 223.3375091552734375 227.756256103515625 231.537506103515625 245.2937469482421875 255.287506103515625 266.837493896484375 276.875 289.96875 300.399993896484375 307.975006103515625 315.368743896484375 321.04376220703125 329.51251220703125 341.10626220703125 351.1875 361.850006103515625 376.943756103515625 390.07501220703125 399.118743896484375 404.66876220703125 411.850006103515625 410.01251220703125 405.73748779296875 402.837493896484375
264.85626220703125 250.34375 235.212493896484375 218.774993896484375 215.149993896484375 218.2312469482421875 221.056243896484375 224.0187530517578125 231.975006103515625 235.662506103515625 229.662506103515625 220.3312530517578125 216.868743896484375 213.5625 210.693756103515625 211.1750030517578125 207.3125 203.318756103515625 203.5812530517578125 209.0500030517578125 215.381256103515625 221.3874969482421875 227.8874969482421875 237.3937530517578125 248.225006103515625 259.48748779296875 269.662506103515625 280.35626220703125 292.04998779296875 300.58123779296875 308.318756103515625 316.33123779296875 324.95623779296875 335.96875 345.84375 359.48126220703125 373.787506103515625 387.40625 403.375 411.71875 416.837493896484375 416.875 412.100006103515625 409.087493896484375
267.806243896484375 251.274993896484375 235.318756103515625 219.3874969482421875 208.625 207.03125 208.5124969482421875 210.625 211.287506103515625 215.7937469482421875 215.84375 213.0187530517578125 212.8937530517578125 212.118743896484375 210.75 209.7312469482421875 208.7624969482421875 204.9187469482421875 202.28125 205.6125030517578125 210.0625 214.912506103515625 219.1125030517578125 230.1125030517578125 241.6687469482421875 254.725006103515625 263.243743896484375 272.76251220703125 280.975006103515625 290.475006103515625 299.70001220703125 306.26873779296875 314.100006103515625 325.274993896484375 337.04376220703125 353.70001220703125 367.600006103515625 382.58123779296875 401.256256103515625 415.48748779296875 420.71875 418.306243896484375 414.60626220703125 414.462493896484375
269.412506103515625 251.4187469482421875 234.96875 220.8125 209.375 206.912506103515625 200.975006103515625 191.5187530517578125 186.368743896484375 192.8625030517578125 201.4562530517578125 205.2687530517578125 209.931243896484375 210.931243896484375 210.75 211.006256103515625 209.899993896484375 206.524993896484375 202.256256103515625 200.318756103515625 206.350006103515625 210.125 214.53125 222.225006103515625 234.8000030517578125 242.868743896484375 253.8937530517578125 261.89373779296875 270.36248779296875 280.25 289.568756103515625 296.45623779296875 306.087493896484375 314.881256103515625 324.08123779296875 339.46875 356.13751220703125 374.5 391.149993896484375 401.65625 413.681243896484375 413.11248779296875 412.431243896484375 409.212493896484375
268.76251220703125 250.84375 236.193756103515625 221.368743896484375 209.118743896484375 204.712493896484375 198.125 189.7375030517578125 180.8125 179.4250030517578125 188.475006103515625 197.725006103515625 206.993743896484375 209.337493896484375 208.256256103515625 208.1125030517578125 206.4812469482421875 204.600006103515625 202.837493896484375 197.1374969482421875 198.4875030517578125 204.6687469482421875 206.381256103515625 218.8937530517578125 226.6875 233.625 241.587493896484375 252.7312469482421875 264.71875 272.91876220703125 284.17498779296875 289.85626220703125 293.70001220703125 299.63751220703125 310.96875 327.5625 345.118743896484375 364.068756103515625 383.787506103515625 393.587493896484375 401.66876220703125 402 406.837493896484375 409.806243896484375
266.88751220703125 250.4875030517578125 236.4812469482421875 223.34375 209.375 204.537506103515625 198.59375 191.556243896484375 187.6750030517578125 188.1750030517578125 192.493743896484375 195.9375 206.256256103515625 208.8625030517578125 207.368743896484375 203.306243896484375 199.7624969482421875 198.125 197.6062469482421875 195.875 195.7624969482421875 196.9812469482421875 199.6875 210 215.818756103515625 222.6999969482421875 230.3249969482421875 241.28125 254.7375030517578125 266.493743896484375 273.75 278.193756103515625 285.068756103515625 291.818756103515625 299.625 315.29376220703125 331.462493896484375 350.850006103515625 371.34375 388.9375 403.537506103515625 409.54376220703125 405.524993896484375 401.33123779296875
264.9375 250.131256103515625 235.9250030517578125 223.787506103515625 210.4187469482421875 206.2312469482421875 200.8874969482421875 193.0124969482421875 191.0187530517578125 193.693756103515625 198.5812530517578125 204.1374969482421875 205.6999969482421875 209.306243896484375 204.037506103515625 197.225006103515625 192.087493896484375 191.399993896484375 191.0500030517578125 191.9562530517578125 198.5 197.181243896484375 196.287506103515625 195.443756103515625 206.056243896484375 215.90625 223.59375 233.962493896484375 243.5 252.2687530517578125 261.41876220703125 268.125 274.23748779296875 280.425018310546875 287.11248779296875 299.375 315.056243896484375 335.46875 360.15625 381.36248779296875 398.931243896484375 403.51251220703125 408.568756103515625 400.149993896484375
265.318756103515625 249.774993896484375 236.7375030517578125 225.0500030517578125 213.4250030517578125 207.1875 203.931243896484375 198.9875030517578125 199.337493896484375 199.7624969482421875 204.0124969482421875 209.4812469482421875 204.9499969482421875 204.5124969482421875 200.2062530517578125 191.8125 186.2687530517578125 185.7312469482421875 186.506256103515625 190.2937469482421875 199.493743896484375 202.2312469482421875 200.4562530517578125 197.337493896484375 198.7624969482421875 202.8874969482421875 209.193756103515625 219.537506103515625 231.443756103515625 239.725006103515625 245.318756103515625 251.712493896484375 257.756256103515625 263.66876220703125 272.98748779296875 288.42498779296875 305.912506103515625 323.6875 345.41876220703125 367.83123779296875 389.068756103515625 394.943756103515625 393.60626220703125 374.10626220703125
266.5625 249.524993896484375 236.431243896484375 225.4562530517578125 213.90625 209.6437530517578125 204.8874969482421875 199.806243896484375 201.3562469482421875 205.03125 208.631256103515625 209.912506103515625 205.912506103515625 195.368743896484375 189.1062469482421875 184.412506103515625 179.0749969482421875 179.1125030517578125 180.024993896484375 184.006256103515625 195.712493896484375 198.2375030517578125 197.493743896484375 194.25 185.600006103515625 185.9875030517578125 197.9187469482421875 209.34375 222.131256103515625 231.1687469482421875 234.774993896484375 237.131256103515625 241.75 246.4875030517578125 256.381256103515625 274.412506103515625 293.29998779296875 314.5625 339.53125 361.46875 379.537506103515625 386.63751220703125 374.125 360.443756103515625
262.01251220703125 246.375 234.9875030517578125 224.1624908447265625 214.381256103515625 209.212493896484375 204.212493896484375 200.287506103515625 203.6062469482421875 207.2312469482421875 206.8625030517578125 203.5749969482421875 197.3312530517578125 188.75 176.181243896484375 173.725006103515625 168.8625030517578125 168.21875 170.681243896484375 175.1687469482421875 184.8312530517578125 189.1374969482421875 190.5187530517578125 190.1374969482421875 185.193756103515625 184.1125030517578125 191.399993896484375 199.46875 210.493743896484375 216.899993896484375 223.7062530517578125 224.9187469482421875 229.087493896484375 233.8625030517578125 241.96875 262.475006103515625 285.61248779296875 310.3125 337.28125 355.61248779296875 359.850006103515625 355 358.46875 364.662506103515625
256.412506103515625 242.7624969482421875 232.5687408447265625 221.8249969482421875 211.7937469482421875 207.350006103515625 204.756256103515625 202.3312530517578125 203.631256103515625 204.306243896484375 202.71875 197.125 188.15625 178.493743896484375 163.818756103515625 160.5625 157.5437469482421875 159.2937469482421875 161.7062530517578125 165.28125 175.21875 181.943756103515625 186.868743896484375 192.712493896484375 194.868743896484375 196.46875 199.7937469482421875 205.4375 212.0812530517578125 215.8562469482421875 215.0625 214.693756103515625 221.431243896484375 222.25 225.0187530517578125 241.975006103515625 275.506256103515625 306.993743896484375 331.100006103515625 343.95623779296875 346.15625 349.95623779296875 364.01251220703125 367.65625
249.962493896484375 236.4875030517578125 228.2375030517578125 219.0749969482421875 209.037506103515625 206.3249969482421875 204.5500030517578125 201.9562530517578125 201.3562469482421875 201.8625030517578125 198.7062530517578125 190.9812469482421875 180.931243896484375 171.7312469482421875 159.462493896484375 147.256256103515625 146.868743896484375 152.024993896484375 153 156.3874969482421875 166.53125 177.712493896484375 187.4812469482421875 197.8249969482421875 202.5812530517578125 204.125 206.068756103515625 208.600006103515625 213.34375 217.40625 219.431243896484375 217.225006103515625 213.412506103515625 209.725006103515625 210.681243896484375 239.681243896484375 265.662506103515625 294.21875 321.04998779296875 341.03125 350.225006103515625 353.25 359.45623779296875 354.899993896484375
244.899993896484375 232.381256103515625 223 215.34375 207.9375 203.9812469482421875 201.274993896484375 198.274993896484375 198.681243896484375 198.4499969482421875 195.868743896484375 188.4187469482421875 177.118743896484375 166.4250030517578125 156.4250030517578125 146.65625 136.7624969482421875 140.8000030517578125 144.431243896484375 148.431243896484375 159.149993896484375 171.100006103515625 185.1437530517578125 200.6125030517578125 210.5 206.712493896484375 206.2750091552734375 209.0500030517578125 213.3249969482421875 216.912506103515625 219.9375 221.3312530517578125 218.993743896484375 217.337493896484375 230.068756103515625 247.8249969482421875 273.556243896484375 301.64373779296875 333.95001220703125 345.462493896484375 351.85626220703125 350.100006103515625 345.649993896484375 345.4375
237.6062469482421875 226.7687530517578125 218.6062469482421875 210.1750030517578125 202.7624969482421875 200.774993896484375 196.9187469482421875 192.90625 192.2062530517578125 192.618743896484375 190.46875 185.0625 172.6500091552734375 163.5124969482421875 154.25 145.75 136.537506103515625 130.3312530517578125 138.4499969482421875 141.2687530517578125 151.306243896484375 164.1437530517578125 178.6125030517578125 194.899993896484375 206.868743896484375 206.712493896484375 203.506256103515625 208.556243896484375 213.9250030517578125 214.287506103515625 209.962493896484375 207.381256103515625 222.337493896484375 231.5625 240.2062530517578125 268.681243896484375 294.631256103515625 312.475006103515625 334.381256103515625 346.743743896484375 342.618743896484375 338.78125 334.681243896484375 335.493743896484375
230.181243896484375 219.975006103515625 211.4499969482421875 204.8937530517578125 198.462493896484375 194.975006103515625 191.818756103515625 188.78125 188.2624969482421875 189.7062530517578125 186.71875 176.712493896484375 166.5 158.6125030517578125 150.2062530517578125 143.568756103515625 136.96875 128.975006103515625 127.6437530517578125 131.162506103515625 141.806243896484375 156.7062530517578125 162.462493896484375 179.725006103515625 192.243743896484375 201.1875 204.881256103515625 206.1062469482421875 211.6374969482421875 211.837493896484375 210.40625 214.162506103515625 227.243743896484375 236.71875 248.9499969482421875 273.07501220703125 290.774993896484375 304.45001220703125 324.725006103515625 330.831268310546875 328.587493896484375 322.82501220703125 323.45001220703125 328.35626220703125
221.9499969482421875 212.5749969482421875 205.09375 196.943756103515625 191.1687469482421875 191.056243896484375 188.962493896484375 185.7062530517578125 185.318756103515625 184.7687530517578125 183.78125 177.5 170.2312469482421875 159.993743896484375 150.2624969482421875 138.318756103515625 128.625 127.70000457763671875 125.3125 126.68125152587890625 132.40625 143.618743896484375 157.743743896484375 169.962493896484375 179.40625 184.962493896484375 192.4250030517578125 201.256256103515625 203.431243896484375 201.931243896484375 205.6062469482421875 220.7312469482421875 229.9875030517578125 237.412506103515625 252.162506103515625 271.98126220703125 288.11248779296875 301.375 311.943756103515625 318.431243896484375 312.774993896484375 307.225006103515625 313.26873779296875 318.9375
