data/historical-monthly-weather-data/wc2.1_cruts4.09_10m_prec_1967-07.asc
ncols        51
nrows        45
xllcorner    -63.500000000000
yllcorner    -7.500000000000
cellsize     0.166666666667
NODATA_value -9999
[rows 19 to 37 of 45, columns 0 to 42 of 51]
58.19374847412109375 55.450000762939453125 52.237499237060546875 49.1875 46.11875152587890625 46.043750762939453125 44.00624847412109375 43.268749237060546875 44.21875 44.081249237060546875 43.78749847412109375 42.36875152587890625 39.33750152587890625 36.512500762939453125 33.174999237060546875 29.706249237060546875 27.506250381469726562 29.712499618530273438 28.125 27.631250381469726562 27.09375 30.03125 34.36875152587890625 36.737499237060546875 37.41249847412109375 36.075000762939453125 35.84375 37.21250152587890625 37.231250762939453125 37.34999847412109375 39.9375 44.97499847412109375 44.80625152587890625 43.83750152587890625 43.487499237060546875 45.13124847412109375 45.52500152587890625 44.918750762939453125 44.325000762939453125 41.96875 37.88124847412109375 34.75624847412109375 33.762500762939453125
50.112499237060546875 50.462497711181640625 49.33750152587890625 45.325000762939453125 41.55625152587890625 41.41249847412109375 40.268749237060546875 39.81874847412109375 40.38124847412109375 40.856250762939453125 40.268749237060546875 39.28125 37.418750762939453125 34.737499237060546875 31.649999618530273438 28.84375 27.15625 27.206249237060546875 27.981250762939453125 26.681249618530273438 29.049999237060546875 31.9375 35.30625152587890625 38.11875152587890625 38.674999237060546875 36.893749237060546875 34.637500762939453125 35.575000762939453125 37.08750152587890625 38.44374847412109375 42.262500762939453125 45.93125152587890625 43.8125 43.11875152587890625 42.737499237060546875 43.549999237060546875 43.86875152587890625 42.331249237060546875 40.625 38.15000152587890625 35.356250762939453125 33.643749237060546875 31.887500762939453125
46.21250152587890625 43.78749847412109375 43.325000762939453125 40.97499847412109375 38.231250762939453125 36.643749237060546875 35.9375 35.606250762939453125 36.612499237060546875 37.19374847412109375 37.53125 35.887500762939453125 34.231250762939453125 33.66249847412109375 32.049999237060546875 29.325000762939453125 28.450000762939453125 27.962499618530273438 28.200000762939453125 28.143749237060546875 28.956249237060546875 31.556249618530273438 34.80625152587890625 35.706249237060546875 35.362499237060546875 34.512500762939453125 35.549999237060546875 35.11875152587890625 37.78749847412109375 40.96250152587890625 43.40625 45.28749847412109375 43.46875 41.862499237060546875 40.21875 41.299999237060546875 41.40000152587890625 40.06874847412109375 38.4375 36.38124847412109375 34.03749847412109375 32.5625 31.125
42.356250762939453125 42 40.418750762939453125 37.43125152587890625 34.46250152587890625 33.512500762939453125 31.34375 31.087499618530273438 32.5625 34.63124847412109375 35.58750152587890625 34.53749847412109375 34.262500762939453125 33.549999237060546875 32.643749237060546875 31.081249237060546875 28.931249618530273438 27.875 27.737499237060546875 28.40625 30.831251144409179688 32.24375152587890625 34.13124847412109375 34.78125 35.612499237060546875 34.325000762939453125 34 35.200000762939453125 36.58750152587890625 38.924999237060546875 41.49375152587890625 44.106250762939453125 41.96875 39.25624847412109375 38.11875152587890625 37.58750152587890625 38.0625 36.40625 35.831249237060546875 34.668750762939453125 32.81874847412109375 30.806249618530273438 29.524999618530273438
37.31874847412109375 38.28749847412109375 37.59375 34.28125 31.193750381469726562 29.918750762939453125 29.78125 29.243749618530273438 29.887500762939453125 30.875 32.28749847412109375 34.09375 34.44374847412109375 34.84375 33.02500152587890625 31.399999618530273438 29.024999618530273438 29.018749237060546875 28.743749618530273438 29.975000381469726562 31.1875 33.581249237060546875 35.137500762939453125 36.74375152587890625 37.068752288818359375 35.424999237060546875 35.887500762939453125 35.02500152587890625 35.63124847412109375 37.61875152587890625 40.22499847412109375 42.293750762939453125 39.40625 36.137500762939453125 35.762500762939453125 34.1875 34.549999237060546875 33.950000762939453125 33.36875152587890625 32.143749237060546875 30.831249237060546875 29.1875 28.274999618530273438
33.72499847412109375 35.21875 34.88124847412109375 31.774999618530273438 28.799999237060546875 27.4375 27.34375 27.206249237060546875 28.006250381469726562 29.75 31.368749618530273438 31.868749618530273438 34.143749237060546875 34.793750762939453125 32.90000152587890625 30.549999237060546875 29.043750762939453125 29.424999237060546875 29.774999618530273438 30.518749237060546875 32.293750762939453125 34.143749237060546875 37.143749237060546875 37.71875 36.80625152587890625 37.049999237060546875 35.456249237060546875 34.56874847412109375 34.356250762939453125 36.106250762939453125 36.90625 37.65625 36.31874847412109375 33.668750762939453125 31.912500381469726562 31.337499618530273438 31.625 30.53125 30.393749237060546875 29.768749237060546875 28.3125 27.549999237060546875 27
31.924999237060546875 33.33750152587890625 31.149999618530273438 28.568750381469726562 25.643749237060546875 24.962499618530273438 25.0625 25.125 25.78125 26.493749618530273438 29.456249237060546875 31.21875 32.450000762939453125 33.887500762939453125 32.56874847412109375 30.787500381469726562 29.09375 29.481250762939453125 30.231248855590820312 30.6875 33.299999237060546875 35.4375 38.18125152587890625 38.78125 37.52500152587890625 36.40625 35.456249237060546875 33.93125152587890625 32.74375152587890625 33.206249237060546875 33.69374847412109375 33.71875 31.774999618530273438 30.075000762939453125 29.40625 28.931249618530273438 28.756250381469726562 28.149999618530273438 27.912500381469726562 27.412500381469726562 26.950000762939453125 25.8125 25.168750762939453125
27.34375 27.174999237060546875 26.331249237060546875 24.768749237060546875 22.681249618530273438 22.731250762939453125 23.306249618530273438 23.537500381469726562 23.987499237060546875 26.293750762939453125 28.931249618530273438 31.231250762939453125 33.293750762939453125 34.4375 32.950000762939453125 32.018749237060546875 30.443750381469726562 30.1875 31.118749618530273438 32.06874847412109375 33.643749237060546875 35.90000152587890625 39.05625152587890625 40.53125 38.38124847412109375 35.856250762939453125 34.68125152587890625 33.53125 32.43125152587890625 31.399999618530273438 31.868749618530273438 30.462499618530273438 28.168750762939453125 27.893749237060546875 26.612499237060546875 26.600000381469726562 25.600000381469726562 25.012500762939453125 25.118749618530273438 25.106250762939453125 25.212499618530273438 24.625 23.787500381469726562
22.924999237060546875 21.5 21.149999618530273438 20.862499237060546875 19.825000762939453125 20.424999237060546875 21.287500381469726562 21.799999237060546875 23.206249237060546875 25.356250762939453125 27.681249618530273438 30.043750762939453125 32.77500152587890625 34.65000152587890625 33.19374847412109375 31.931249618530273438 30.868749618530273438 30.924999237060546875 30.862499237060546875 32.05625152587890625 34.5 36.237499237060546875 37.668750762939453125 38.893749237060546875 37.856250762939453125 35.66249847412109375 34.362499237060546875 33.174999237060546875 31.981250762939453125 31.487499237060546875 31.043750762939453125 30.243749618530273438 27.712499618530273438 25.700000762939453125 24.356250762939453125 24.056249618530273438 23.012500762939453125 22.543750762939453125 22.881250381469726562 23.5 23.59375 23.931249618530273438 22.75
18.762500762939453125 17.21875 17.481250762939453125 17.037500381469726562 17.081249237060546875 17.737499237060546875 18.712499618530273438 20.012500762939453125 21.637500762939453125 24.100000381469726562 26.362499237060546875 29.15625 32.424999237060546875 35.16249847412109375 34.02500152587890625 32.737499237060546875 32.11875152587890625 31.231250762939453125 31.53125 32.512500762939453125 34.299999237060546875 35.8125 37.47499847412109375 37.66249847412109375 36.81874847412109375 35.125 33.90000152587890625 32.731250762939453125 32.46875 31.799999237060546875 30.762500762939453125 29.881250381469726562 26.887500762939453125 24.243749618530273438 22.512500762939453125 21.981250762939453125 21.043750762939453125 20.462499618530273438 20.700000762939453125 20.737499237060546875 21.393749237060546875 21.1875 20.799999237060546875
16.299999237060546875 15.287500381469726562 15.475000381469726562 15.399999618530273438 15.399999618530273438 16.443750381469726562 17.443750381469726562 19.243749618530273438 21.412500381469726562 23.581249237060546875 26.012500762939453125 29.524999618530273438 32.862499237060546875 35.15000152587890625 34.59999847412109375 33.80625152587890625 33.00624847412109375 32.78749847412109375 32.4375 32.83750152587890625 34.793750762939453125 35.981250762939453125 37.5 36.86875152587890625 36.25 35.05625152587890625 33.6875 32.81874847412109375 32.52500152587890625 31.356250762939453125 30.262500762939453125 28.837499618530273438 25.756250381469726562 23.225000381469726562 21.056249618530273438 20.137500762939453125 19.743749618530273438 18.643749237060546875 18.162500381469726562 18.15625 18.700000762939453125 18.71875 18.387500762939453125
14.587499618530273438 13.550000190734863281 13.34375 13.962499618530273438 14.449999809265136719 15.8125 16.975000381469726562 18.524999618530273438 20.850000381469726562 23.28125 26.03125 29.25 33.418750762939453125 35.081249237060546875 34.65000152587890625 34.65625 35.125 33.71875 32.549999237060546875 33.581249237060546875 35.52500152587890625 36.55625152587890625 37.362499237060546875 36.05625152587890625 34.96875 34.96250152587890625 33.768749237060546875 32.34999847412109375 31.28125 30.418750762939453125 29.21875 28.024999618530273438 25.206249237060546875 22.693750381469726562 20.337499618530273438 18.868749618530273438 17.943750381469726562 17.231250762939453125 16.237499237060546875 15.449999809265136719 15.506250381469726562 15.962499618530273438 15.756250381469726562
13.243749618530273438 11.787500381469726562 11.768750190734863281 12.274999618530273438 13.168749809265136719 14.800000190734863281 16.443750381469726562 17.987499237060546875 20.549999237060546875 22.75 25.6875 29.612499237060546875 32.96875 36.09375 36.293750762939453125 36.38124847412109375 36.49375152587890625 35.02500152587890625 33.34375 34.325000762939453125 35.168750762939453125 36.262500762939453125 36.456249237060546875 35.143749237060546875 34.8125 33.918750762939453125 32.97499847412109375 32.3125 30.625 29.568750381469726562 28.706249237060546875 27.243749618530273438 24.256250381469726562 21.737499237060546875 19.568750381469726562 17.799999237060546875 16.831249237060546875 15.118749618530273438 14.1875 13.78125 13.574999809265136719 13.518750190734863281 13.274999618530273438
13.399999618530273438 11.993749618530273438 11.762499809265136719 12.118749618530273438 12.887499809265136719 14.393750190734863281 16.143749237060546875 17.806249618530273438 19.893749237060546875 22.893749237060546875 26.399999618530273438 29.631250381469726562 33.40625 37.27500152587890625 38.206249237060546875 37.924999237060546875 37.424999237060546875 37.206249237060546875 36.18125152587890625 36.5625 36.75624847412109375 36.6875 36.09999847412109375 35.28749847412109375 35.25 34.09375 33.643749237060546875 32.34999847412109375 31.350000381469726562 29.543750762939453125 28.118749618530273438 26.243749618530273438 23.049999237060546875 20.737499237060546875 18.924999237060546875 17.524999618530273438 15.668749809265136719 13.981249809265136719 13.100000381469726562 12.912500381469726562 12.524999618530273438 12.431249618530273438 11.743749618530273438
13.699999809265136719 12.475000381469726562 12.399999618530273438 12.631250381469726562 13.006250381469726562 13.962499618530273438 15.475000381469726562 16.71875 19.481250762939453125 22.03125 25.59375 29.662500381469726562 34.02500152587890625 37.43125152587890625 38.700000762939453125 38.575000762939453125 38.981250762939453125 38.43125152587890625 37.387500762939453125 37.293750762939453125 37.737499237060546875 36.65000152587890625 36.637500762939453125 36.00624847412109375 34.90000152587890625 33.59999847412109375 33.08750152587890625 32.58750152587890625 31.475000381469726562 29.587499618530273438 27.768749237060546875 25.418750762939453125 22.318750381469726562 20.287500381469726562 18.350000381469726562 16.612499237060546875 14.512499809265136719 12.962499618530273438 12.418749809265136719 11.918749809265136719 11.53125 11.46875 11.175000190734863281
14.243749618530273438 12.78125 12.962499618530273438 12.993749618530273438 13.40625 14.28125 15.275000572204589844 16.368749618530273438 18.299999237060546875 20.90625 24.65625 29.549999237060546875 35.231250762939453125 39.418750762939453125 39.94374847412109375 40.25 40.5 39.50624847412109375 38.99375152587890625 37.987499237060546875 38.08750152587890625 37.918750762939453125 37.16249847412109375 36.21875 34.93125152587890625 33.393749237060546875 32.91249847412109375 32.387500762939453125 31.200000762939453125 27.818750381469726562 25.893749237060546875 24.393749237060546875 21.818750381469726562 19.643749237060546875 17.337499618530273438 15.59375 13.912500381469726562 12.649999618530273438 11.824999809265136719 11.03125 10.418749809265136719 10.043749809265136719 10.15625
15.574999809265136719 14.4375 14.756250381469726562 14.462499618530273438 14.693750381469726562 15.275000572204589844 16.131250381469726562 16.9375 18.524999618530273438 20.493749618530273438 23.893749237060546875 29.181249618530273438 35.72499847412109375 38.96250152587890625 40.706249237060546875 41.456249237060546875 42.200000762939453125 40.75 39.256252288818359375 38.43125152587890625 36.799999237060546875 37.387500762939453125 36.16249847412109375 34.97499847412109375 33.25 33.012500762939453125 32.53749847412109375 32.00624847412109375 30.762500762939453125 27.506250381469726562 25.350000381469726562 23.918750762939453125 21.356250762939453125 19.368749618530273438 17.21875 15.293749809265136719 13.875 12.556249618530273438 11.987500190734863281 11.212499618530273438 10.287500381469726562 10.012499809265136719 9.6187496185302734375
16.600000381469726562 15.90625 16.049999237060546875 15.649999618530273438 15.78125 16.524999618530273438 17.125 17.674999237060546875 18.700000762939453125 19.575000762939453125 23 28.618749618530273438 34.3125 37.75 40.38124847412109375 41.86875152587890625 42.46875 40.53749847412109375 38.90625 38.15625 36.27500152587890625 35.387500762939453125 34.4375 33.9375 32.36875152587890625 31.825000762939453125 31.487499237060546875 30.71875 29.600000381469726562 27.287500381469726562 24.84375 22.756250381469726562 20.337499618530273438 18.543750762939453125 16.618749618530273438 14.6875 13.356249809265136719 12.587499618530273438 12.193750381469726562 11.237500190734863281 10.181249618530273438 9.8500003814697265625 9.3874998092651367188
16.700000762939453125 16.456249237060546875 16.243749618530273438 16.431249618530273438 16.59375 17.212499618530273438 17.768749237060546875 18.1875 19.118749618530273438 19.512500762939453125 24.28125 29.537500381469726562 33.637500762939453125 37.081249237060546875 40.137500762939453125 41.956249237060546875 41.512500762939453125 40.88124847412109375 38.61875152587890625 37.549999237060546875 36.15625 34.74375152587890625 33.02500152587890625 32.65000152587890625 31.84375 31.118749618530273438 30.487499237060546875 29.793748855590820312 28.799999237060546875 26.168750762939453125 22.837499618530273438 21.212499618530273438 19.106250762939453125 17.65625 15.568750381469726562 13.743749618530273438 13.137499809265136719 12.368749618530273438 11.9375 11.106249809265136719 10.162500381469726562 10.0625 9.5062503814697265625
