data/historical-monthly-weather-data/wc2.1_cruts4.09_10m_prec_1956-07.asc
ncols        45
nrows        45
xllcorner    -63.500000000000
yllcorner    -7.500000000000
cellsize     0.166666666667
NODATA_value -9999
[rows 0 to 18 of 45, columns 0 to 43 of 45]
331.149993896484375 318.056243896484375 305.86248779296875 300.068756103515625 290.100006103515625 281.40625 272.73126220703125 261.89373779296875 257.375 255.09375 248.399993896484375 242.5500030517578125 235.7062530517578125 232.6374969482421875 231.524993896484375 228.087493896484375 224.3312530517578125 216.4875030517578125 210.625 207.8125 206.1062469482421875 199.193756103515625 194.037506103515625 190.837493896484375 190.1125030517578125 186.2624969482421875 186.875 188.193756103515625 187.475006103515625 191.6437530517578125 188.125 189.1999969482421875 196.0374908447265625 198.9499969482421875 200.806243896484375 197.84375 190.6374969482421875 193.21875 184.9187469482421875 177.993743896484375 177.631256103515625 178.0625 172.931243896484375 170.5812530517578125
321.337493896484375 308.88751220703125 298.100006103515625 294.28125 288.51251220703125 280.78125 271.837493896484375 263.256256103515625 258.774993896484375 253.368743896484375 246.0374908447265625 238.2687530517578125 231.0437469482421875 225.5 220.6374969482421875 216.5 211.350006103515625 205.087493896484375 201.118743896484375 197.774993896484375 190.9250030517578125 188.15625 185.1125030517578125 186.1374969482421875 181.337493896484375 179.0749969482421875 180.556243896484375 182.65625 180.8000030517578125 181.662506103515625 183.256256103515625 190.1750030517578125 195.556243896484375 201.9499969482421875 204.600006103515625 198.125 191.006256103515625 190.1374969482421875 181.1875 176.4187469482421875 177.756256103515625 174.78125 171.1125030517578125 165.787506103515625
297.29998779296875 294.29376220703125 291.90625 286.90625 279.931243896484375 270.443756103515625 263.381256103515625 259.524993896484375 255.881256103515625 249.681243896484375 241.59375 231.212493896484375 225.368743896484375 215.2624969482421875 208.5500030517578125 202.5687408447265625 197.6750030517578125 191.274993896484375 185.9250030517578125 183.818756103515625 177.9562530517578125 176.5124969482421875 175.40625 175.9375 173.993743896484375 170.1062469482421875 176.381256103515625 177.5187530517578125 177.056243896484375 179.5187530517578125 181.5437469482421875 181.743743896484375 187.7937469482421875 196.868743896484375 193.0625 185.475006103515625 183.0812530517578125 184.618743896484375 175.4250030517578125 171.6687469482421875 172.0437469482421875 170.493743896484375 165.40625 162.0812530517578125
276.64373779296875 271.08123779296875 275.54998779296875 278.61248779296875 271.96875 260.556243896484375 252.2312469482421875 251.96875 251.8249969482421875 247.0437469482421875 234.09375 222.943756103515625 214.6999969482421875 208.28125 198.6875 189.71875 182.4562530517578125 176.875 173.6875 175.243743896484375 171.2937469482421875 165.818756103515625 164.53125 167.306243896484375 167.5812530517578125 166.037506103515625 168.9499969482421875 166.850006103515625 169.6750030517578125 177.056243896484375 179.462493896484375 178.7937469482421875 179.006256103515625 180.256256103515625 178.2624969482421875 180.46875 181.068756103515625 175.306243896484375 169.368743896484375 165.037506103515625 168.0124969482421875 169.0187530517578125 164.3562469482421875 160.350006103515625
285.475006103515625 269.993743896484375 256.61248779296875 261.03125 265.256256103515625 253.03125 247.368743896484375 246.1374969482421875 244.162506103515625 237.4250030517578125 230.1437530517578125 217.0437469482421875 207.84375 199.2624969482421875 188.6999969482421875 179.53125 170.931243896484375 166.568756103515625 160.212493896484375 160.15625 159.4812469482421875 154.8000030517578125 152.8375091552734375 160.2062530517578125 160.5500030517578125 159.125 159.71875 163.40625 165.399993896484375 167.8937530517578125 172.1125030517578125 174.46875 177.3249969482421875 176.774993896484375 174.4562530517578125 170.34375 170.65625 169.149993896484375 162.5187530517578125 160.6875 162.5812530517578125 159.693756103515625 159.2687530517578125 157.9875030517578125
278.662506103515625 272.850006103515625 263.07501220703125 240.0187530517578125 248.181243896484375 253.4250030517578125 246.625 241.3874969482421875 241.0812530517578125 232.8562469482421875 222.4812469482421875 210.7375030517578125 201.875 188.375 180.5687408447265625 171.4250030517578125 160.475006103515625 153.131256103515625 149.5437469482421875 150.3125 149.59375 147.6374969482421875 148.350006103515625 150.1062469482421875 153.443756103515625 154.09375 154.943756103515625 157.493743896484375 158.0500030517578125 160.462493896484375 164.181243896484375 170.318756103515625 170.3312530517578125 172.5437469482421875 168.493743896484375 166.3812408447265625 159.756256103515625 158.625 158.09375 159.4375 155.350006103515625 155.431243896484375 153.006256103515625 150.0187530517578125
276.01873779296875 272.79998779296875 265.1875 254.4187469482421875 245.375 234.0812530517578125 234.337493896484375 233.993743896484375 228.6374969482421875 222.90625 215.2375030517578125 200.024993896484375 193.337493896484375 181.8937530517578125 170.9124908447265625 163.212493896484375 154.8562469482421875 144.3312530517578125 136.787506103515625 140.125 139.6437530517578125 138.1750030517578125 138.087493896484375 142.8937530517578125 145.774993896484375 149.4562530517578125 153.6750030517578125 151.6437530517578125 150.118743896484375 156.524993896484375 158.8874969482421875 159.46875 159.21875 163.493743896484375 164.350006103515625 159.818756103515625 153 149.8125 151.125 153.9375 149.65625 146.600006103515625 146.181243896484375 143.1125030517578125
277.41876220703125 271.193756103515625 266.850006103515625 261.51873779296875 256.59375 253.118743896484375 237.725006103515625 216.693756103515625 207.1937408447265625 202.712493896484375 197.337493896484375 189.125 181.8249969482421875 170.6750030517578125 162.725006103515625 154.725006103515625 145.1999969482421875 136.162506103515625 129.5124969482421875 126.1374969482421875 130.662506103515625 132.649993896484375 132.2062530517578125 136.6999969482421875 142.149993896484375 142.212493896484375 145.631256103515625 142.587493896484375 144.9250030517578125 146.9250030517578125 153.5437469482421875 154.256256103515625 155.212493896484375 155.2062530517578125 153.8625030517578125 147.4499969482421875 141.975006103515625 139.5500030517578125 137.75 136.8312530517578125 135.087493896484375 134.9875030517578125 134.1687469482421875 130.756256103515625
276.6875 272.40625 266.056243896484375 264.875 263.20623779296875 253.90625 241.28125 227.037506103515625 210.256256103515625 193.631256103515625 184.53125 173.8125 172.725006103515625 162.037506103515625 154.0437469482421875 145.993743896484375 139.443756103515625 134.399993896484375 132.25 123.5 122.6999969482421875 128.2937469482421875 128.649993896484375 135.1437530517578125 139.65625 136.649993896484375 136.34375 140.462493896484375 143.4812469482421875 144.1062469482421875 151.0124969482421875 147.899993896484375 142.462493896484375 139.881256103515625 139.9499969482421875 140.25 138.65625 137.84375 133.556243896484375 129.5187530517578125 126.50624847412109375 125.22499847412109375 125.22499847412109375 120.90625
271.78125 270.537506103515625 267.662506103515625 266.79998779296875 265.100006103515625 259.618743896484375 246.6062469482421875 232.6999969482421875 218.118743896484375 205.006256103515625 188.318756103515625 170.28125 164.931243896484375 156.475006103515625 149.3000030517578125 143.024993896484375 134.1437530517578125 132.9812469482421875 131.443756103515625 126.8125 125.2937469482421875 123.28125 121.56874847412109375 127.97499847412109375 131.2687530517578125 133.7624969482421875 133.306243896484375 135.8937530517578125 136.5500030517578125 137.90625 141.75 138.524993896484375 136.15625 133 130.9187469482421875 132.34375 132.287506103515625 132.1125030517578125 128.618743896484375 127.9250030517578125 127.1437530517578125 123.6750030517578125 118.59375 111.74375152587890625
271.818756103515625 272.01873779296875 268.09375 269.100006103515625 266.537506103515625 261.318756103515625 250.287506103515625 231.34375 212.3874969482421875 199.5187530517578125 187.6999969482421875 172.875 157.0062408447265625 150.4562530517578125 140.837493896484375 134.1750030517578125 129.743743896484375 128.8249969482421875 127.30625152587890625 128.3249969482421875 130.787506103515625 127.21250152587890625 120.5812530517578125 116.99375152587890625 126.0625 135.84375 136.2062530517578125 135.625 131.28125 132.068756103515625 133.443756103515625 133.931243896484375 132.5812530517578125 128.2624969482421875 127.8125 127.3562469482421875 127.4187469482421875 124.09999847412109375 126.6999969482421875 124.4187469482421875 120.4875030517578125 116.1875 114.28125 104.9812469482421875
268.556243896484375 266.256256103515625 263.537506103515625 265.475006103515625 264.975006103515625 260.256256103515625 251.806243896484375 233.899993896484375 211.7624969482421875 192.7624969482421875 179.318756103515625 169.931243896484375 152.2437591552734375 142.818756103515625 138.9187469482421875 130.037506103515625 125.63124847412109375 124.6750030517578125 123.91249847412109375 126.8562469482421875 133.506256103515625 131.8937530517578125 129.2312469482421875 123.15000152587890625 124.34375 123.3562469482421875 124.2624969482421875 126.78749847412109375 125.50624847412109375 125.1062469482421875 122.80625152587890625 123.0749969482421875 123.52500152587890625 122.41249847412109375 123.83750152587890625 125.2312469482421875 123.375 124.03749847412109375 119.125 117.1374969482421875 112.6374969482421875 111.03749847412109375 104.4250030517578125 94.2624969482421875
256.712493896484375 258.63751220703125 258.993743896484375 257.399993896484375 254.3937530517578125 250.712493896484375 240.1750030517578125 221.8937530517578125 202.037506103515625 188.149993896484375 176.743743896484375 164.4187469482421875 154.149993896484375 135.7624969482421875 127.6437530517578125 125.1437530517578125 120.96250152587890625 121.2375030517578125 120.9812469482421875 121.5812530517578125 125.6125030517578125 124.78125 124.9375 121.43125152587890625 116.24375152587890625 115.3000030517578125 117.3937530517578125 120.41249847412109375 120.13124847412109375 118.3125 115.56874847412109375 112.21875 114.9375 115.25 116.3249969482421875 118.7312469482421875 121.5 124.93125152587890625 125.1875 117.5124969482421875 108.5187530517578125 104.125 94.3937530517578125 87.6062469482421875
247.5749969482421875 248.631256103515625 249.4250030517578125 246.6062469482421875 242.118743896484375 235.225006103515625 224.5625 209.462493896484375 197.1125030517578125 181.0187530517578125 169.2624969482421875 159.21875 146.375 132.6437530517578125 117.1062469482421875 117.18125152587890625 112.4875030517578125 113.80625152587890625 112.40625 113.68125152587890625 116.02500152587890625 117.58750152587890625 118.2624969482421875 117.11875152587890625 112.7312469482421875 110.3249969482421875 110.25624847412109375 109.63124847412109375 109.1374969482421875 107.8000030517578125 109.59375 108.11875152587890625 107.0437469482421875 107.4562530517578125 109.28749847412109375 115.78749847412109375 123.40000152587890625 130.9875030517578125 133.6687469482421875 124.6687469482421875 105.5187530517578125 94.80625152587890625 93.44374847412109375 98.7937469482421875
241.625 239.149993896484375 236.9812469482421875 235.475006103515625 228.5500030517578125 219.818756103515625 214.5437469482421875 200.3937530517578125 186.725006103515625 172.1437530517578125 160.7687530517578125 149.8562469482421875 140.125 129.693756103515625 110.7375030517578125 106.99375152587890625 103.7937469482421875 104.3125 103.91249847412109375 105.84999847412109375 109.99375152587890625 111.05625152587890625 111.90000152587890625 113.94374847412109375 113.38124847412109375 112.36875152587890625 111.46250152587890625 108.7687530517578125 108.74375152587890625 108.40000152587890625 104.72499847412109375 104.4375 107.5749969482421875 106.1374969482421875 102.8000030517578125 107.71250152587890625 121.88124847412109375 136.662506103515625 141.337493896484375 131.53125 118.7687530517578125 109.90625 113.72499847412109375 109.6062469482421875
230.1875 228.0437469482421875 226.631256103515625 222.0625 216.6374969482421875 212.287506103515625 200.649993896484375 188.212493896484375 176.625 166.306243896484375 153.806243896484375 144.3249969482421875 135.850006103515625 126.11875152587890625 110.63124847412109375 93.24375152587890625 93.0187530517578125 95.59375 94.8249969482421875 97.38124847412109375 100.4250030517578125 103.96875 106.72499847412109375 113.94374847412109375 115.4375 113.8000030517578125 110.25624847412109375 105.03125 105.1687469482421875 105.3312530517578125 108.15000152587890625 103.4375 100.83750152587890625 98.1875 96.49375152587890625 110.7062530517578125 122.7375030517578125 135.912506103515625 145.118743896484375 146.631256103515625 140.6875 131.618743896484375 124.625 114.28749847412109375
219.493743896484375 217.568756103515625 217.056243896484375 214.5625 210.6437530517578125 200.7687530517578125 192.537506103515625 181.1999969482421875 170.631256103515625 160.9562530517578125 150.087493896484375 139.5187530517578125 129.756256103515625 122.5749969482421875 115.03749847412109375 101.625 88.65625 86.3312530517578125 90.41249847412109375 92.18125152587890625 94.33750152587890625 98.22499847412109375 104.1999969482421875 113.94374847412109375 119.1062469482421875 110.125 102.375 98.0187530517578125 100.3312530517578125 103.55625152587890625 106.84999847412109375 108.77500152587890625 105.53125 103.75624847412109375 112.9562530517578125 121.44374847412109375 136.6062469482421875 155.8562469482421875 169.868743896484375 159.125 149.568756103515625 136.493743896484375 122.58750152587890625 114.5625
209.90625 211.131256103515625 208.3937530517578125 207.975006103515625 203.8625030517578125 192.3625030517578125 183.0437469482421875 174.1875 164.2937469482421875 150.943756103515625 141.2687530517578125 135.1999969482421875 126.66249847412109375 119.96875 115.2937469482421875 107.4375 95.83750152587890625 82.19374847412109375 87.69374847412109375 88.5812530517578125 89.9562530517578125 92.53749847412109375 100.9250030517578125 108.99375152587890625 112.4875030517578125 103.5187530517578125 95.47499847412109375 93.5500030517578125 96.9187469482421875 97.90625 96.08750152587890625 96.78749847412109375 111.6687469482421875 118 118.55625152587890625 132.725006103515625 151.6750030517578125 164.068756103515625 170.7624969482421875 162.8625030517578125 144.7937469482421875 131.8125 118.83750152587890625 110.99375152587890625
201.056243896484375 202.306243896484375 197.7624969482421875 195.725006103515625 194.3625030517578125 185.7312469482421875 174.649993896484375 167.850006103515625 159.7687530517578125 147.6999969482421875 138.006256103515625 129.056243896484375 122.71250152587890625 118.75 110.66249847412109375 106.34999847412109375 99.3125 88.90000152587890625 81.77500152587890625 81.03749847412109375 85.8312530517578125 94.4812469482421875 86.03749847412109375 94.78749847412109375 98.9812469482421875 98.375 94.25624847412109375 90.84999847412109375 94.52500152587890625 96.8937530517578125 97.30625152587890625 100.28125 111.3125 114.94374847412109375 119.38124847412109375 131.125 141.1374969482421875 149.0187530517578125 155.4250030517578125 145.600006103515625 135.3874969482421875 121.9499969482421875 112.5187530517578125 105.4375
