data/historical-monthly-weather-data/wc2.1_cruts4.09_10m_prec_1980-01.asc
ncols        51
nrows        45
xllcorner    -63.500000000000
yllcorner    -7.500000000000
cellsize     0.166666666667
NODATA_value -9999
[rows 20 to 39 of 45, columns 0 to 43 of 51]
165.5500030517578125 160.6374969482421875 159.631256103515625 160.149993896484375 161.337493896484375 166.899993896484375 173.59375 179.3000030517578125 186.0500030517578125 191.8000030517578125 196.40625 198.162506103515625 201.212493896484375 204.7624969482421875 198.131256103515625 185.53125 176.524993896484375 172.4875030517578125 172.7062530517578125 173.181243896484375 177.9749908447265625 182.2624969482421875 185.2375030517578125 185.7624969482421875 186.2624969482421875 186.962493896484375 186.8625030517578125 187.068756103515625 187.1875 188.7062530517578125 186.399993896484375 180.6062469482421875 168.5187530517578125 155.96875 145.399993896484375 153 166.1437530517578125 175.243743896484375 179.0124969482421875 176.8625030517578125 170.818756103515625 165.493743896484375 162.506256103515625 160.65625
163.875 158.1374969482421875 157.1437530517578125 158.493743896484375 161.09375 167.181243896484375 173.975006103515625 181.03125 187.6750030517578125 190.4875030517578125 191.381256103515625 188.412506103515625 187.15625 188.0749969482421875 185.7062530517578125 179.5625 175.212493896484375 173.0749969482421875 172.625 173.243743896484375 175.3249969482421875 178.681243896484375 182.131256103515625 182.837493896484375 183.5749969482421875 184.84375 186.53125 185.5 183.7375030517578125 183.118743896484375 179.1437530517578125 173.5500030517578125 164.506256103515625 156.975006103515625 151.912506103515625 158.587493896484375 171.693756103515625 182.412506103515625 185.881256103515625 181.756256103515625 173.943756103515625 167.1437530517578125 162.556243896484375 159.243743896484375
162.537506103515625 156.899993896484375 154.8249969482421875 156.0437469482421875 159.6062469482421875 167.118743896484375 174.381256103515625 182.087493896484375 189.9375 189.506256103515625 184.962493896484375 176.8937530517578125 171.5625 172.225006103515625 174.4250030517578125 174.131256103515625 172.25 171.59375 171.381256103515625 171.5500030517578125 173.2312469482421875 175.2062530517578125 177.131256103515625 177.4499969482421875 179.3249969482421875 182.118743896484375 184.5749969482421875 183.225006103515625 180.193756103515625 177.5124969482421875 173.28125 168.975006103515625 164.7937469482421875 160.7375030517578125 159.381256103515625 165.25 177.899993896484375 192.6437530517578125 194.506256103515625 185.212493896484375 175.28125 167.8312530517578125 161.0187530517578125 156.649993896484375
162.5187530517578125 156.375 153.2062530517578125 154.443756103515625 158.756256103515625 166.1374969482421875 174.037506103515625 181.625 187.881256103515625 185.4875030517578125 178.8562469482421875 170.1125030517578125 160.1875 163.1875 168.774993896484375 170.662506103515625 170.2624969482421875 170.1875 170.193756103515625 170.375 170.693756103515625 171.618743896484375 172.6750030517578125 172.493743896484375 174.90625 177.7312469482421875 181.2937469482421875 179.8312530517578125 176.9875030517578125 176.0500030517578125 174.100006103515625 172.34375 169.1374969482421875 166.193756103515625 165.274993896484375 170.037506103515625 179.306243896484375 190.493743896484375 191.6999969482421875 182.9499969482421875 173.1875 165.587493896484375 159.225006103515625 154.9375
163.4937591552734375 157.431243896484375 152.8937530517578125 155.1999969482421875 160.850006103515625 167.3562469482421875 173.787506103515625 179.6875 183.149993896484375 181.8125 176.8000030517578125 170.3000030517578125 164.9250030517578125 166.181243896484375 168.6125030517578125 170.2687530517578125 170.3625030517578125 170.90625 170.2937469482421875 168.899993896484375 168.2624969482421875 167.475006103515625 167.306243896484375 166.4499969482421875 168.337493896484375 172.037506103515625 175.0124969482421875 176.318756103515625 175.443756103515625 177.25 178.3125 179.4875030517578125 175.4375 171.962493896484375 169.9250030517578125 171.443756103515625 176.1374969482421875 179.0625 179.693756103515625 175.15625 167.6125030517578125 161.431243896484375 156.2312469482421875 153.431243896484375
167.8625030517578125 164.1062469482421875 160.1374969482421875 161.462493896484375 164.162506103515625 169.537506103515625 174.337493896484375 177.6750030517578125 179.693756103515625 178.899993896484375 176.5124969482421875 174.0187530517578125 171.850006103515625 172.40625 172.243743896484375 172.4499969482421875 172.443756103515625 172.649993896484375 171.6062469482421875 169.1187591552734375 167.6750030517578125 164.4875030517578125 162.524993896484375 159.9562530517578125 162.193756103515625 166.850006103515625 171.787506103515625 174.274993896484375 175.7937469482421875 178.3562469482421875 183.1437530517578125 186.625 182.6062469482421875 176.774993896484375 172.78125 171.1437530517578125 170.96875 169.318756103515625 169.0625 165.9187469482421875 160.6374969482421875 155.7937469482421875 151.1875 149.59375
171.2062530517578125 168.118743896484375 166.53125 166.9875030517578125 167.975006103515625 171.975006103515625 175.7687530517578125 177.3125 178.693756103515625 179.5124969482421875 179.118743896484375 179.1999969482421875 179.462493896484375 180.7062530517578125 179.3375091552734375 178.631256103515625 177.9375 177.6062469482421875 176.662506103515625 173.0187530517578125 169.59375 166.3000030517578125 161.6374969482421875 157.96875 161.78125 166.350006103515625 171.506256103515625 175.2062530517578125 178.2249908447265625 182.381256103515625 188.662506103515625 192.84375 188.0749969482421875 179.850006103515625 172.1062469482421875 168.462493896484375 165.337493896484375 160.6999969482421875 159.118743896484375 156.9812469482421875 152.6750030517578125 148.6999969482421875 145.712493896484375 145.568756103515625
175.506256103515625 172.09375 172.056243896484375 172.59375 173.256256103515625 175.4562530517578125 177.600006103515625 178.3312530517578125 179.8625030517578125 180.84375 181.6750030517578125 183.9812469482421875 185.868743896484375 188.03125 186.431243896484375 185.225006103515625 183.8937530517578125 184.587493896484375 182.131256103515625 178.868743896484375 175.9187469482421875 171.162506103515625 168.6374969482421875 165.318756103515625 166.6125030517578125 169.443756103515625 174.0749969482421875 177.631256103515625 181.3125 187.1125030517578125 193.006256103515625 197.0812530517578125 190.2312469482421875 179.5437469482421875 169.75 164.25 158.6125030517578125 152.9875030517578125 151.7375030517578125 149.431243896484375 146.443756103515625 144.131256103515625 141.6687469482421875 143.3312530517578125
179.068756103515625 176.1750030517578125 176.8000030517578125 178.3249969482421875 179.03125 179.6999969482421875 179.475006103515625 180.0625 181.212493896484375 182.75 184.725006103515625 188.193756103515625 191.8000030517578125 196.1062469482421875 194.9187469482421875 194.024993896484375 194.056243896484375 193.3562469482421875 191.087493896484375 187.524993896484375 183.787506103515625 179.15625 176.6999969482421875 173.912506103515625 173.4499969482421875 174.443756103515625 178.5 181.9812469482421875 186.2375030517578125 191.881256103515625 196.818756103515625 199.8874969482421875 190.975006103515625 179.056243896484375 167.681243896484375 160.181243896484375 153.537506103515625 146.78125 145.756256103515625 143.681243896484375 140.21875 139.587493896484375 140.53125 146.806243896484375
184.3000030517578125 181.618743896484375 183.381256103515625 185.725006103515625 185.9499969482421875 184.475006103515625 182.59375 182.5062408447265625 183.59375 185.0187530517578125 188.0749969482421875 193.4250030517578125 198.78125 204.2937469482421875 205.087493896484375 204.9812469482421875 205.125 205.0812530517578125 203.71875 199.1687469482421875 194.8312530517578125 191.318756103515625 188.2062530517578125 184.8312530517578125 183.75 184.0437469482421875 187.125 190.0812530517578125 193.8312530517578125 197.431243896484375 201.125 202.4375 191.6374969482421875 179.2624969482421875 166.5187530517578125 157.631256103515625 149.0812530517578125 141.6875 139.506256103515625 137.34375 135.0500030517578125 136.399993896484375 139.6374969482421875 146.5187530517578125
188.2624969482421875 185.881256103515625 186.8000030517578125 189.2375030517578125 190.287506103515625 186.681243896484375 184.6374969482421875 183.725006103515625 185.09375 187.475006103515625 191.693756103515625 198.399993896484375 205.399993896484375 211.618743896484375 214.350006103515625 215.6062469482421875 217.34375 217.993743896484375 216.6875 212.118743896484375 207.024993896484375 202.7687530517578125 200.225006103515625 196.337493896484375 194.087493896484375 194.4875030517578125 197.0500030517578125 199.3874969482421875 202.881256103515625 204.131256103515625 205.681243896484375 205.1750030517578125 192.875 179.3937530517578125 165.662506103515625 155.2375030517578125 144.975006103515625 136.618743896484375 134.0437469482421875 131.412506103515625 129.618743896484375 132.1687469482421875 136.4250030517578125 141.6687469482421875
191 188.3125 188.5 189.506256103515625 189.1374969482421875 186.65625 185.8187408447265625 184.443756103515625 186.381256103515625 189.4875030517578125 194.3874969482421875 202.2687530517578125 210.8562469482421875 219.368743896484375 223.8625030517578125 226.5437469482421875 228.25 228.4812469482421875 226.131256103515625 222.4562530517578125 217.28125 213.1687469482421875 211.0124969482421875 206.912506103515625 205.3062591552734375 204.96875 206.587493896484375 208.9812469482421875 211.024993896484375 211.2624969482421875 210.556243896484375 207.8937530517578125 194.6875 180.131256103515625 165.4562530517578125 153.181243896484375 142.212493896484375 131.618743896484375 127.5437469482421875 124.6125030517578125 123.6750030517578125 126.86875152587890625 131.4812469482421875 137.7375030517578125
196.0437469482421875 193.3312530517578125 193.274993896484375 193.2375030517578125 191.4375 189.381256103515625 187.78125 186.7375030517578125 187.943756103515625 192.431243896484375 199.3000030517578125 208.506256103515625 219.787506103515625 230.9000091552734375 235.850006103515625 239.1812591552734375 241.0500030517578125 239.681243896484375 236.556243896484375 233.25 228.787506103515625 225.0500030517578125 222.625 220.131256103515625 218.4250030517578125 218.350006103515625 219.5187530517578125 220.3874969482421875 221.868743896484375 221.100006103515625 217.8562469482421875 212.149993896484375 198.2687530517578125 183.212493896484375 167.243743896484375 154.15625 141.556243896484375 129.65625 123.49375152587890625 120.3625030517578125 117.8000030517578125 120.11875152587890625 124.0749969482421875 129.7624969482421875
200.8249969482421875 198.3000030517578125 197.4499969482421875 196.631256103515625 193.681243896484375 191.787506103515625 190.2687530517578125 188.8125 190.15625 193.9562530517578125 201.7062530517578125 214.8937530517578125 229.3249969482421875 241.5812530517578125 247.6999969482421875 251.3562469482421875 254.53125 252.8125 248.162506103515625 243.7062530517578125 239.943756103515625 236.9375 234.8937530517578125 232.59375 231.256256103515625 230.84375 231.3625030517578125 232.712493896484375 234.368743896484375 230.524993896484375 225.587493896484375 217.943756103515625 202.6437530517578125 186.912506103515625 170.118743896484375 155.600006103515625 141.2312469482421875 127.4250030517578125 120.31874847412109375 115.1687469482421875 110.49375152587890625 111.46875 114.0749969482421875 118.2624969482421875
206.975006103515625 203.8125 202.3125 200.0124969482421875 197.03125 195.131256103515625 192.600006103515625 190.625 190.243743896484375 194.524993896484375 204.693756103515625 220.875 239.8937530517578125 255.056243896484375 261.54376220703125 264.850006103515625 267.6875 264.46875 259.25 253.1062469482421875 250.399993896484375 247.96875 246.3125 244.1687469482421875 243.4250030517578125 242.2687530517578125 243.4812469482421875 245.3000030517578125 246.475006103515625 240.1437530517578125 232.9250030517578125 224.1374969482421875 208.131256103515625 190.7937469482421875 172.9499969482421875 157.03125 140.9375 126.95000457763671875 118.19374847412109375 110.4812469482421875 103.9250030517578125 102.6687469482421875 103.25624847412109375 105
216.03125 212.3000030517578125 210.1374969482421875 207.274993896484375 203.962493896484375 200.59375 197.7062530517578125 194.0625 192.1687469482421875 195.21875 207.118743896484375 227.6437530517578125 250.100006103515625 267.14373779296875 274.6875 278.649993896484375 280.493743896484375 276.475006103515625 270.46875 263.712493896484375 260.225006103515625 258.368743896484375 256.23126220703125 254.225006103515625 253.962493896484375 254.368743896484375 255.625 257.86248779296875 259.375 251.475006103515625 243.09375 232.4875030517578125 216.6374969482421875 199.118743896484375 180.6750030517578125 163.631256103515625 148.381256103515625 133.3625030517578125 122.8249969482421875 114.02500152587890625 106.41249847412109375 103.59999847412109375 101.9250030517578125 101.5437469482421875
225.5187530517578125 221.6125030517578125 218.399993896484375 215.1687469482421875 211.493743896484375 207.9562530517578125 205.0500030517578125 200.1750030517578125 195.524993896484375 193.84375 209.84375 239.0187530517578125 262.6875 277.712493896484375 286.5625 291.51873779296875 293.45623779296875 288.600006103515625 281.712493896484375 273.9375 270.46875 267.07501220703125 265.118743896484375 263.743743896484375 264.51873779296875 266.3125 268.16876220703125 271.34375 272.962493896484375 263.96875 253.65625 241.631256103515625 225.850006103515625 208.318756103515625 189.493743896484375 172.2687530517578125 156.024993896484375 140.068756103515625 128.8000030517578125 118.5749969482421875 109.28749847412109375 104.75 101.6062469482421875 99.0187530517578125
234.5 230.375 226.725006103515625 223.7687530517578125 220.431243896484375 217.943756103515625 214.8125 210.53125 206.6125030517578125 203.100006103515625 231.131256103515625 261.91876220703125 279.649993896484375 291.01251220703125 299.4375 304.306243896484375 305.5 300.76251220703125 293.743743896484375 285.34375 280.40625 275.506256103515625 272.625 272.037506103515625 273.78125 277.024993896484375 279.024993896484375 282.65625 284.85626220703125 275.806243896484375 263.88751220703125 250.068756103515625 234.368743896484375 217.493743896484375 198.6999969482421875 181.287506103515625 163.899993896484375 147.774993896484375 135.7624969482421875 124.33124542236328125 113.6750030517578125 107.94374847412109375 102.72499847412109375 97.94374847412109375
241.34375 235.7750091552734375 233.006256103515625 230.4187469482421875 228 226.5124969482421875 224.71875 224.993743896484375 230.1374969482421875 246.2937469482421875 280.70001220703125 292.100006103515625 298.912506103515625 306.35626220703125 312.618743896484375 315.71875 316.837493896484375 310.66876220703125 302.67498779296875 294.149993896484375 286.54376220703125 280.649993896484375 277.375 277.131256103515625 278.943756103515625 282.42498779296875 285.51251220703125 289.85626220703125 293.23126220703125 286.54376220703125 275.90625 263.26873779296875 248.118743896484375 231.2937469482421875 215.350006103515625 198.0749969482421875 180.287506103515625 164.25 151.4187469482421875 138.912506103515625 127.97499847412109375 121.88124847412109375 116.3937530517578125 112.1062469482421875
248.15625 242.6500091552734375 239.693756103515625 236.7312469482421875 236.2624969482421875 236.806243896484375 237.743743896484375 242.7624969482421875 254 272.806243896484375 294.84375 308.743743896484375 315.693756103515625 321.9375 325.92498779296875 328.36248779296875 328.40625 322.087493896484375 311.993743896484375 301.96875 290.79376220703125 284.193756103515625 280.40625 280.29376220703125 282.96875 286.631256103515625 290.756256103515625 296.45001220703125 300.36248779296875 295.16876220703125 286.21875 276.837493896484375 264.181243896484375 248.4875030517578125 231.931243896484375 214.837493896484375 197.212493896484375 180.9187469482421875 167.4187469482421875 154.21875 143.15625 137.03125 131.34375 127.18125152587890625
