data/historical-monthly-weather-data/wc2.1_cruts4.09_10m_prec_1990-08.asc
ncols        45
nrows        45
xllcorner    -63.500000000000
yllcorner    -7.500000000000
cellsize     0.166666666667
NODATA_value -9999
[rows 19 to 37 of 45, columns 0 to 43 of 45]
114.77500152587890625 116.84999847412109375 117.625 119.3000030517578125 119.52500152587890625 119.3562469482421875 117.7937469482421875 115.3249969482421875 114.375 111.24375152587890625 107.00624847412109375 100.74375152587890625 90.96250152587890625 81.21875 73.7624969482421875 66.2375030517578125 57.200000762939453125 55.043750762939453125 55.450000762939453125 58.99375152587890625 60.00624847412109375 63.987499237060546875 72.8874969482421875 80.55625152587890625 85.8562469482421875 87.71875 87.58750152587890625 84.65625 79.24375152587890625 70.68125152587890625 67.4375 76.00624847412109375 82.8312530517578125 91.15000152587890625 99.9875030517578125 103.5 104.38124847412109375 104.25 99.1125030517578125 90.5437469482421875 79.21875 70.40625 63.637500762939453125 57.706249237060546875
105.02500152587890625 109.84375 113.15000152587890625 115.36875152587890625 114.6125030517578125 114.5749969482421875 114.56874847412109375 113.61875152587890625 113.38124847412109375 110.6062469482421875 107.5500030517578125 103.0187530517578125 93.18125152587890625 83.13124847412109375 74.34375 66.74375152587890625 59.1875 54.875 56.59375 58.762500762939453125 63.50624847412109375 69.7062530517578125 76.78749847412109375 84.8125 92.46250152587890625 92.91249847412109375 88.44374847412109375 85.05625152587890625 81.7312469482421875 79.19374847412109375 78.9812469482421875 83.41249847412109375 86.6750030517578125 91.2687530517578125 99.1687469482421875 101.93125152587890625 104.5500030517578125 104.24375152587890625 98.03125 90.28125 79.8874969482421875 72.28125 66.05625152587890625 59.59999847412109375
99.15625 102.4812469482421875 106.6999969482421875 110.7937469482421875 112.2312469482421875 111.6125030517578125 113.04375457763671875 111.46250152587890625 112.3125 109.84375 109.28749847412109375 108.3625030517578125 104.5500030517578125 95.1750030517578125 84.9375 73.9375 68.18125152587890625 64.19374847412109375 64.18125152587890625 65.99375152587890625 67.00624847412109375 71.8312530517578125 79.0625 86.15625 91.4187469482421875 93.50624847412109375 95.9812469482421875 91.90625 89.5124969482421875 86.6062469482421875 85.30625152587890625 86.1374969482421875 88.19374847412109375 92.03125 94.7312469482421875 97.5625 101.99375152587890625 103.97499847412109375 98.9375 90.73125457763671875 80.9499969482421875 73.3937530517578125 66.2624969482421875 61.53125
93.8000030517578125 100.2624969482421875 105.75624847412109375 108.75624847412109375 111.21250152587890625 111.2062530517578125 109.8562469482421875 108.13124847412109375 110.71875 112.66249847412109375 115.4562530517578125 117.50624847412109375 117.875 109.71875 96.7624969482421875 84.5124969482421875 75.6750030517578125 71.5625 70.61875152587890625 70.8312530517578125 72.3125 76.7937469482421875 82.6999969482421875 85.2687530517578125 92.06874847412109375 97.0749969482421875 99.11875152587890625 98.18125152587890625 94.2937469482421875 89.2062530517578125 87.03125 87.7312469482421875 88.8312530517578125 89.5437469482421875 89.99375152587890625 88.8625030517578125 93.41249847412109375 100.21875 98.21250152587890625 89.78125 81.4499969482421875 73.41249847412109375 66.5749969482421875 61.68125152587890625
91.06874847412109375 98.88124847412109375 105.40625 106.28749847412109375 107.65000152587890625 108.36875152587890625 109.19374847412109375 109.875 109.3312530517578125 113.03125 117.22499847412109375 124.38124847412109375 127.61249542236328125 118.65000152587890625 105.84375 93.72499847412109375 84.84375 79.7624969482421875 77.49375152587890625 77.55625152587890625 78.8874969482421875 82.28749847412109375 85.65625 89.6687469482421875 94.2937469482421875 96.99375152587890625 100.8937530517578125 97.66249847412109375 95.0500030517578125 91.5812530517578125 89.8249969482421875 89.1999969482421875 89.6125030517578125 87.59999847412109375 86.6062469482421875 83.90000152587890625 87.21250152587890625 94.2624969482421875 93.71250152587890625 86.625 78.8312530517578125 71.8937530517578125 65.24375152587890625 59.950000762939453125
90.33750152587890625 97.77500152587890625 103.65000152587890625 106.9375 108.9812469482421875 108.96875 108.7312469482421875 109.80625152587890625 111.34999847412109375 115.02500152587890625 117.84375 122.4250030517578125 124.9875030517578125 119.0812530517578125 109.2687530517578125 99.8312530517578125 92.0749969482421875 86.59375 83.68125152587890625 83.28749847412109375 84.56874847412109375 86.53749847412109375 89.2375030517578125 92.4875030517578125 94.6437530517578125 98.59375 98.65000152587890625 96.2937469482421875 94.06874847412109375 91.8625030517578125 89.71250152587890625 88.40625 88.40625 87.8937530517578125 86.15000152587890625 83.375 85.875 88.0187530517578125 86.96250152587890625 82.34999847412109375 75.8000030517578125 70.22499847412109375 64.43125152587890625 59.75
91.96250152587890625 98.97499847412109375 101.875 106.44374847412109375 107.11875152587890625 107.34999847412109375 107.5 109.85625457763671875 109.75624847412109375 111.5187530517578125 114.5500030517578125 117.84999847412109375 119.34375 114.3312530517578125 108.76250457763671875 101.08750152587890625 95.3125 91.18125152587890625 87.52500152587890625 87.6875 89.1125030517578125 89.98125457763671875 92.8562469482421875 93.67499542236328125 94.80625152587890625 97.0500030517578125 97.3562469482421875 95.1750030517578125 93.7375030517578125 92.28749847412109375 89.84999847412109375 88.58750152587890625 87.38124847412109375 86.3562469482421875 84.5625 83.8562469482421875 84.5812530517578125 83.9499969482421875 82.93125152587890625 77.86875152587890625 72.74375152587890625 67.84375 63.362499237060546875 59.668750762939453125
93.86875152587890625 98.28749847412109375 101.69374847412109375 104.56874847412109375 105.5437469482421875 105.75 107.3125 107.78125 106.6374969482421875 109.78749847412109375 112.9562530517578125 112.93125152587890625 112.97499847412109375 109.8625030517578125 106.59375 101.0124969482421875 97.00624847412109375 93.03125 90.80625152587890625 89.15625 88.7937469482421875 90.49375152587890625 91.8000030517578125 93.7375030517578125 94.3562469482421875 93.74375152587890625 94.93125152587890625 93.38124847412109375 91.375 89.24375152587890625 88.21875 86.02500152587890625 85.8312530517578125 85.22499847412109375 83.0812530517578125 82.53125 81.28125 80.77500152587890625 78.125 73.52500152587890625 68.91249847412109375 64.9499969482421875 62.450000762939453125 58.28125
97.4375 97.25624847412109375 100.2687530517578125 102.8249969482421875 104.44374847412109375 103.56874847412109375 104.7062530517578125 105.50624847412109375 105.66249847412109375 107.5749969482421875 107.90000152587890625 107.24375152587890625 107.02500152587890625 105.97499847412109375 102.6374969482421875 99.36875152587890625 97.3312530517578125 94.0500030517578125 92.08750152587890625 90.09375 89.84999847412109375 88.84375 91.40625 92.46875 92.11249542236328125 90.36875152587890625 91.28125 90.78125 89.5124969482421875 87.77500152587890625 85.66249847412109375 83.28749847412109375 83.28125 82.11875152587890625 82.11875152587890625 80.4187469482421875 78.2312469482421875 77.1437530517578125 75.1437530517578125 71.6999969482421875 67.19374847412109375 64.34999847412109375 61.950000762939453125 60.15000152587890625
97.8249969482421875 99.0124969482421875 99.8000030517578125 101.6062469482421875 100.7937469482421875 100.28749847412109375 100.09375 99.72499847412109375 102.4187469482421875 102.71250152587890625 102.9562530517578125 101.96250152587890625 101.44374847412109375 101.28749847412109375 99.50624847412109375 97.3562469482421875 96.94374847412109375 94.8125 92.8562469482421875 91.38124847412109375 90.51250457763671875 89.34375 90.53749847412109375 90.0187530517578125 89.9187469482421875 87.4187469482421875 88.40625 87.53125 86.08750152587890625 84.43125152587890625 82.19374847412109375 80.625 79.4875030517578125 78.08750152587890625 78.50624847412109375 78.6062469482421875 77.4562530517578125 76.4812469482421875 74.58750152587890625 70.53749847412109375 65.1374969482421875 62.78125 61.481250762939453125 61.21250152587890625
97.75 99.03125 98.8874969482421875 97.7312469482421875 97.29999542236328125 97.0124969482421875 96.09375 97.1125030517578125 97.91249847412109375 97.40625 98.09999847412109375 97.95000457763671875 97.3874969482421875 96.73749542236328125 95.7312469482421875 94.34999847412109375 93.21875 93.2937469482421875 93.625 90.59999847412109375 89.13124847412109375 89.13750457763671875 89.9562530517578125 88.49375152587890625 86.86875152587890625 85.9875030517578125 84.78125 83.5187530517578125 80.5124969482421875 78.8562469482421875 77.59999847412109375 76.8874969482421875 75.9812469482421875 75.5500030517578125 76.1687469482421875 75.6062469482421875 77.02500152587890625 77.15000152587890625 74.75 73.0124969482421875 69.72499847412109375 66.83750152587890625 63.53125 62.356250762939453125
97.2375030517578125 96.9812469482421875 94.68125152587890625 94.53749847412109375 96.17499542236328125 94.78749847412109375 94.08750152587890625 93.125 92.8562469482421875 92.30625152587890625 92.0500030517578125 93.84999847412109375 95.0500030517578125 94.46875 92.0625 90.96875 91.7687530517578125 92.21250152587890625 93.2937469482421875 91.61875152587890625 89.5 86.77500152587890625 86.5749969482421875 84.9562530517578125 82.93125152587890625 82.34999847412109375 79.7937469482421875 78.81874847412109375 76.83750152587890625 75.7312469482421875 75.08124542236328125 73.90625 72.71875 72.75 74.74375152587890625 74.28749847412109375 75.7062530517578125 76.53125 76.59999847412109375 76.9499969482421875 74.18125152587890625 68.90625 64.65625 64.41249847412109375
95.86875152587890625 95.3874969482421875 92.66249847412109375 91.75 93.3937530517578125 91.8937530517578125 90.3874969482421875 88.13124847412109375 88.0812530517578125 87.96250152587890625 87.71250152587890625 88.8249969482421875 89.03749847412109375 89.7375030517578125 88.71250152587890625 90.13124847412109375 90.15000152587890625 90.125 89.9375 89.28749847412109375 87.625 86.8000030517578125 84.58750152587890625 80.8937530517578125 79.22499847412109375 78.0500030517578125 75.68125152587890625 74.68125152587890625 72.40625 71.1125030517578125 71.27500152587890625 69.9875030517578125 69.40000152587890625 70.2624969482421875 70.3562469482421875 70.1062469482421875 71.91249847412109375 73.7375030517578125 74.94374847412109375 75.9499969482421875 73.81874847412109375 68.8562469482421875 65.9875030517578125 64.0500030517578125
91.8000030517578125 90.53125 88.6999969482421875 88.47499847412109375 88.0625 86.16249847412109375 85.65000152587890625 84.30625152587890625 83.1687469482421875 83.55625152587890625 85.09375 84.6750030517578125 84.47499847412109375 86.2624969482421875 85.58750152587890625 87.1125030517578125 87.1875 87.69374847412109375 87.0749969482421875 86.2312469482421875 84.41249847412109375 82.8874969482421875 81.11875152587890625 79.65000152587890625 77.8625030517578125 75.38124847412109375 73.19374847412109375 69.96875 68.2312469482421875 66.68125152587890625 66.78125 65.46250152587890625 65.0749969482421875 65.4187469482421875 65.8562469482421875 65.8562469482421875 67.5812530517578125 69.0187530517578125 70.44374847412109375 71.75 69.9812469482421875 66.93125152587890625 64.49375152587890625 62.28749847412109375
87.3937530517578125 87.30625152587890625 85.4812469482421875 86.0437469482421875 82.7375030517578125 81.8249969482421875 82.02500152587890625 80.88124847412109375 79.3562469482421875 78.72499847412109375 79.0187530517578125 79.8562469482421875 81.25 80.28749847412109375 81.22499847412109375 81.5749969482421875 83 82.6437530517578125 81.69374847412109375 81.6125030517578125 80.5 79.1125030517578125 78.05625152587890625 75.93125152587890625 74.9499969482421875 73.1437530517578125 70.52500152587890625 66.8000030517578125 65.66249847412109375 64.45000457763671875 63.631252288818359375 61.93125152587890625 60.68125152587890625 60.174999237060546875 61.05625152587890625 61.30625152587890625 62.84999847412109375 63.84375 65.43125152587890625 65.8625030517578125 66.375 64.8874969482421875 62.71250152587890625 60.393749237060546875
84.13124847412109375 83.53125 82.40000152587890625 80.99375152587890625 79.3000030517578125 78.40000152587890625 78.0625 77.21250152587890625 74.3000030517578125 74.125 74.09999847412109375 76.00624847412109375 76.25 77.19374847412109375 77.90000152587890625 78.96875 79.9375 79.22499847412109375 78.1875 78.0749969482421875 77.31874847412109375 75.65625 73.83750152587890625 72.6374969482421875 71.22499847412109375 70.14374542236328125 67.36875152587890625 63.99375152587890625 62.90625 61.856250762939453125 59.66249847412109375 57.25624847412109375 56.16249847412109375 55.268749237060546875 55.612499237060546875 55.90625 56.362499237060546875 58.112499237060546875 60.081249237060546875 60.83750152587890625 60.856250762939453125 60.081249237060546875 59.34999847412109375 57.90000152587890625
80.96250152587890625 80.8312530517578125 79.11249542236328125 77.53125 76.40000152587890625 74.46250152587890625 73.3312530517578125 71.55625152587890625 69.6125030517578125 69.78125 71.15625 72.0812530517578125 73.66249847412109375 74.4812469482421875 75.375 76.9499969482421875 76.90625 77.02500152587890625 75.0500030517578125 74.41249847412109375 74.0749969482421875 74.06874847412109375 72 70.8562469482421875 68.77500152587890625 66.8000030517578125 63.83750152587890625 62.38124847412109375 59.94374847412109375 57.84999847412109375 55.487499237060546875 53.137500762939453125 50.606250762939453125 50.34999847412109375 50.012500762939453125 49.41249847412109375 50.924999237060546875 52.56874847412109375 53.5 55.081249237060546875 55.43125152587890625 56.106250762939453125 54.71875 54.0625
75.72499847412109375 75.66249847412109375 74.09375 73.3562469482421875 72.59999847412109375 71.2062530517578125 70.06874847412109375 69.05625152587890625 66.53749847412109375 65.34999847412109375 68.84999847412109375 72.13124847412109375 73.86875152587890625 73.6875 74.9250030517578125 74.8249969482421875 74.4875030517578125 73.8125 72.53749847412109375 71.02500152587890625 70.8249969482421875 70.94374847412109375 69.52500152587890625 68.6062469482421875 67.03749847412109375 63.91249847412109375 61.762500762939453125 59.84375 56.28749847412109375 54.0625 51.99375152587890625 49.012500762939453125 46.99375152587890625 45.65625 45.09375 44.950000762939453125 46.28749847412109375 48.1875 48.856250762939453125 50.325000762939453125 50.52500152587890625 51.362499237060546875 50.375 50.34999847412109375
71.90000152587890625 72.2624969482421875 70.3562469482421875 70.75 70.5500030517578125 68.8125 67.60625457763671875 66.3000030517578125 65.25624847412109375 63.9375 71.09375 74.625 73.7312469482421875 74.19374847412109375 75.38124847412109375 74.4499969482421875 72.7312469482421875 70.9499969482421875 70.8874969482421875 69.21250152587890625 68.78749847412109375 67.94374847412109375 66.875 65.9250030517578125 64.5 62.41249847412109375 60.418750762939453125 58.5 55.59999847412109375 52.49375152587890625 49.206249237060546875 46.893749237060546875 45.237499237060546875 42.40000152587890625 41.02500152587890625 40.53749847412109375 42.74375152587890625 44.887500762939453125 45.956249237060546875 47.325000762939453125 45.91249847412109375 45.80625152587890625 45.53125 45.487499237060546875
