data/historical-monthly-weather-data/wc2.1_cruts4.09_10m_prec_1956-03.asc
ncols        51
nrows        45
xllcorner    -63.500000000000
yllcorner    -7.500000000000
cellsize     0.166666666667
NODATA_value -9999
[rows 0 to 19 of 45, columns 0 to 44 of 51]
107.19374847412109375 98.61875152587890625 101.21875 108.6437530517578125 115.59999847412109375 125.94374847412109375 134.3249969482421875 141.8125 148.0749969482421875 156.6125030517578125 167.8937530517578125 178.3000030517578125 188.8000030517578125 196.618743896484375 203.537506103515625 210.0749969482421875 219.1125030517578125 223.056243896484375 229.90625 236.306243896484375 243.3125 249.131256103515625 255.46875 256.57501220703125 259.693756103515625 261.91876220703125 259.556243896484375 259.70623779296875 258.493743896484375 254.5 254.4375 251.8125 253.274993896484375 257.149993896484375 260.850006103515625 268.57501220703125 275.91876220703125 284 293.868743896484375 302.556243896484375 311.5625 319.475006103515625 325.65625 332.82501220703125 335.5
107.6437530517578125 97.03125 99.81874847412109375 105.31874847412109375 111.30625152587890625 120.71875 128.7624969482421875 136.962493896484375 146.149993896484375 155.8249969482421875 167.0187530517578125 176.618743896484375 186.181243896484375 194.40625 201.443756103515625 208.8562469482421875 217.399993896484375 222.78125 227.850006103515625 233.1437530517578125 238.375 243.21875 248.837493896484375 250.7312469482421875 252.8562469482421875 255.100006103515625 254.09375 256.11248779296875 255.9187469482421875 253.2687530517578125 252.03125 252.3874969482421875 254.743743896484375 262.04998779296875 266.399993896484375 276.375 286.86248779296875 296.45001220703125 306.61248779296875 315.112518310546875 325.100006103515625 332.66876220703125 338.51251220703125 344.89373779296875 348.131256103515625
112.6875 102.9499969482421875 105.2062530517578125 109.53749847412109375 113.65000152587890625 120.8125 128.475006103515625 136.4875030517578125 145.5 155.2624969482421875 163.8937530517578125 171.837493896484375 180.6374969482421875 188.6437530517578125 196.0749969482421875 204.912506103515625 213.618743896484375 219.962493896484375 225.068756103515625 230.506256103515625 235.7062530517578125 240.84375 244.818756103515625 247.46875 250.09375 251.131256103515625 251.8249969482421875 254.75 255.0187530517578125 253.006256103515625 253.625 254.9250030517578125 259.556243896484375 265.57501220703125 273.89373779296875 283.243743896484375 295.600006103515625 308.63751220703125 319.143768310546875 329.64373779296875 339.9375 346.45623779296875 351.443756103515625 356.006256103515625 360.36248779296875
117.6687469482421875 109.7062530517578125 112.2687530517578125 115 117.5500030517578125 121.8000030517578125 127.3000030517578125 133.78125 142.912506103515625 151.618743896484375 158.2624969482421875 164.274993896484375 171.0749969482421875 178.274993896484375 186.8000030517578125 196.212493896484375 206.912506103515625 214.7375030517578125 221.34375 227.2624969482421875 233.1374969482421875 236.9562530517578125 239.1437530517578125 241.6875 244.3937530517578125 245.8125 247.9812469482421875 250.03125 251.6999969482421875 252.15625 252.6687469482421875 256.8125 262.1875 269.01251220703125 277.806243896484375 290.681243896484375 305.318756103515625 320.443756103515625 333.59375 344.46875 353.587493896484375 360.34375 364.912506103515625 367.73748779296875 371.46875
126.28749847412109375 118.24375152587890625 118.25 120.11875152587890625 121.2312469482421875 122.9250030517578125 125.0812530517578125 129.3249969482421875 138.1125030517578125 146.5437469482421875 150.787506103515625 154.756256103515625 160.6999969482421875 168.537506103515625 177.056243896484375 187.756256103515625 198.806243896484375 208.2624969482421875 214.9187469482421875 220.7312469482421875 226.7375030517578125 229.65625 232.693756103515625 235.9375 238.5500030517578125 240.6999969482421875 242.493743896484375 245.6374969482421875 250.8000030517578125 250.75 253.587493896484375 257.087493896484375 265.462493896484375 274.28125 284.26251220703125 299.274993896484375 315.46875 331.899993896484375 346.91876220703125 357.98748779296875 368.975006103515625 373.462493896484375 376.568756103515625 379.70001220703125 381.20623779296875
134.5500030517578125 127.92499542236328125 128.787506103515625 129.193756103515625 128.443756103515625 129.6374969482421875 131.037506103515625 133.9499969482421875 141.774993896484375 149.8125 151.412506103515625 154.431243896484375 160.5625 167.243743896484375 175.78125 185.8125 196.34375 204.3125 210.7312469482421875 215.412506103515625 221.068756103515625 225.743743896484375 230.1374969482421875 234.0187530517578125 237.90625 242.337493896484375 245.0812530517578125 247.8562469482421875 251.712493896484375 253.306243896484375 255.4875030517578125 259.837493896484375 267.54998779296875 279.875 292.59375 308.14373779296875 327.368743896484375 345.39373779296875 361.375 374.85626220703125 384.131256103515625 388.524993896484375 390.98126220703125 392.84375 392.524993896484375
142.1062469482421875 136.46875 137.162506103515625 136.59375 134.75 134.837493896484375 135.337493896484375 136.037506103515625 139.6125030517578125 143.5749969482421875 147.506256103515625 152.462493896484375 159.024993896484375 165.90625 174.2062530517578125 183.3562469482421875 192.774993896484375 198.34375 202.7624969482421875 208.350006103515625 214.15625 220.818756103515625 226.34375 232.087493896484375 238.125 243.493743896484375 247.125 249.9812469482421875 252.399993896484375 253.1437530517578125 257.70001220703125 261.96875 270.8125 282.48126220703125 296.86248779296875 315.181243896484375 334.86248779296875 354.774993896484375 375.07501220703125 387.75 394.04376220703125 398.475006103515625 400.46875 401.98748779296875 403.48126220703125
147.8625030517578125 143.15625 142.975006103515625 142.524993896484375 141.3312530517578125 140.46875 138.318756103515625 135.037506103515625 133.6687469482421875 136.0500030517578125 142.1750030517578125 149.493743896484375 157.462493896484375 165.024993896484375 172.537506103515625 180.71875 187.725006103515625 191.037506103515625 194.4812469482421875 199.3125 207.006256103515625 215.1624908447265625 222.725006103515625 229.774993896484375 238.7312469482421875 244.649993896484375 247.59375 250.46875 252.056243896484375 252.9499969482421875 256.26251220703125 263.21875 272.350006103515625 284.83123779296875 299.98126220703125 319.0625 340.08123779296875 360.92498779296875 380.57501220703125 393.006256103515625 400.76873779296875 404.73748779296875 406.53125 407.443756103515625 407.10626220703125
153.475006103515625 149.243743896484375 149.2937469482421875 148.9375 147.34375 145.912506103515625 142.943756103515625 138.2562408447265625 133.375 133.7937469482421875 142.3625030517578125 151.8562469482421875 161.556243896484375 168.9562530517578125 175.212493896484375 181.5812530517578125 186.6750030517578125 189.681243896484375 194.0625 198.9499969482421875 205.59375 215.443756103515625 223.899993896484375 235.0124969482421875 244.3000030517578125 249.4875030517578125 249.9250030517578125 250.6875 252.818756103515625 253.0687408447265625 256.912506103515625 264.03125 273.73748779296875 285.962493896484375 300.34375 320.5 343.58123779296875 364.5625 383.850006103515625 396.462493896484375 404.98748779296875 408.493743896484375 410.65625 410.993743896484375 406.931243896484375
159.1999969482421875 155.412506103515625 155.1750030517578125 154.712493896484375 153.5812530517578125 152.2312469482421875 149.75 145.7062530517578125 142.6999969482421875 143.6750030517578125 149.806243896484375 157.625 167.131256103515625 174.850006103515625 179.0124969482421875 183.1062469482421875 186.65625 189.5500030517578125 193.5 198.3874969482421875 205.6062469482421875 216.3000030517578125 227.6875 241.3312530517578125 249.3249969482421875 253.9812469482421875 253.5625 252.712493896484375 252.65625 252.0437469482421875 255.1374969482421875 263.65625 274.79998779296875 288.26251220703125 302.662506103515625 322.375 344.75 366.868743896484375 386.600006103515625 401.13751220703125 411.32501220703125 415.23748779296875 414.33123779296875 409.287506103515625 405.25
164.912506103515625 161.837493896484375 161.149993896484375 160.837493896484375 160.381256103515625 159.875 158.118743896484375 154.693756103515625 153.7062530517578125 155.53125 159.7624969482421875 166.600006103515625 174.2375030517578125 181.6687469482421875 183.8249969482421875 185.1437530517578125 186.537506103515625 189.2375030517578125 192.368743896484375 197.024993896484375 206.056243896484375 217.6687469482421875 231.943756103515625 244.600006103515625 255.78125 257.931243896484375 256.181243896484375 255.9875030517578125 254.3625030517578125 252.399993896484375 256.21875 263.76251220703125 274.774993896484375 288.34375 303.4375 322.568756103515625 344.225006103515625 366.412506103515625 386.63751220703125 403.86248779296875 415.20001220703125 416.96875 413.33123779296875 406.462493896484375 400.743743896484375
170.625 167.993743896484375 167.399993896484375 167.5749969482421875 166.868743896484375 167.6437530517578125 167.4562530517578125 165.4562530517578125 165.681243896484375 167.4812469482421875 170.8874969482421875 175.3125 180.162506103515625 185.3625030517578125 188.2624969482421875 189.28125 188.9375 190.8562469482421875 193.7062530517578125 197.7062530517578125 205.4875030517578125 218.0749969482421875 234.7312469482421875 251.443756103515625 260.78125 258.14373779296875 255.28125 254.9250030517578125 255.868743896484375 257.087493896484375 258.65625 264.337493896484375 274.26873779296875 286.70001220703125 300.53125 320.975006103515625 343.32501220703125 365.48126220703125 385.20623779296875 404.38751220703125 417.51251220703125 416.76251220703125 408.01873779296875 393.600006103515625 382.5625
176.3562469482421875 173.8000030517578125 173.6125030517578125 173.412506103515625 173.34375 175.149993896484375 175.649993896484375 175.350006103515625 176.375 179.306243896484375 183.306243896484375 185.493743896484375 188.34375 189.975006103515625 191.993743896484375 192.6875 191.9250030517578125 193.8937530517578125 197.006256103515625 199.6750030517578125 205.1750030517578125 217.375 233.4812469482421875 247.6187591552734375 251.40625 250.2312469482421875 252.756256103515625 255.100006103515625 257.850006103515625 260.45001220703125 262.618743896484375 265.693756103515625 273.53125 284.70001220703125 297.649993896484375 316.61248779296875 338.818756103515625 361.287506103515625 382.88751220703125 404.46875 420.475006103515625 416.6875 397.85626220703125 378.693756103515625 363.42498779296875
180.975006103515625 179.0437469482421875 178.912506103515625 178.868743896484375 179.4812469482421875 180.993743896484375 182.96875 184.8312530517578125 187.9187469482421875 191.524993896484375 195.225006103515625 195.8625030517578125 196.0124969482421875 196.65625 195.8312530517578125 196.443756103515625 195.506256103515625 196.962493896484375 199.475006103515625 202.6750030517578125 209.712493896484375 219.962493896484375 232.087493896484375 241.1999969482421875 244.9000091552734375 247.1750030517578125 251.0124969482421875 254.556243896484375 258.10626220703125 261.57501220703125 265.381256103515625 268.26873779296875 273.11248779296875 281.118743896484375 292.631256103515625 312.01251220703125 334.95001220703125 356.774993896484375 377.6875 398.118743896484375 413.23748779296875 402.725006103515625 386.100006103515625 371.32501220703125 358.21875
183.3249969482421875 181.03125 181.462493896484375 182.8125 184.25 186.493743896484375 189.96875 193.412506103515625 196.881256103515625 200.837493896484375 205.0500030517578125 205.006256103515625 204.350006103515625 203.90625 201.649993896484375 201.6687469482421875 200.5500030517578125 202.587493896484375 204.46875 207.306243896484375 214.649993896484375 223.381256103515625 232.618743896484375 239.806243896484375 245 249.9499969482421875 254.0437469482421875 257.806243896484375 262.25 266.443756103515625 268.23748779296875 269.95623779296875 274.381256103515625 277.84375 285.73126220703125 306.23748779296875 330.287506103515625 351.818756103515625 367.568756103515625 379.98748779296875 385.568756103515625 381.881256103515625 376.662506103515625 366.350006103515625 356.53125
183.8874969482421875 182.243743896484375 183.6875 185.7937469482421875 188.212493896484375 192.5187530517578125 196.59375 200.587493896484375 205.6999969482421875 210.7375030517578125 214.4562530517578125 214.537506103515625 213.506256103515625 212.0437469482421875 209.850006103515625 207.868743896484375 206.243743896484375 208.193756103515625 209.774993896484375 212.787506103515625 219.03125 226.1687469482421875 233.8125 240.024993896484375 245.3000030517578125 251.3625030517578125 256.38751220703125 261.48748779296875 267.60626220703125 271.912506103515625 274.71875 275.51873779296875 276.86248779296875 279.41876220703125 284.98748779296875 310.01251220703125 331.67498779296875 345.25 354.506256103515625 362.475006103515625 366.193756103515625 366.73126220703125 365.32501220703125 359.818756103515625 352.23126220703125
184.46875 183.7375030517578125 185.256256103515625 188.3874969482421875 192.0812530517578125 197.256256103515625 203.2312469482421875 208.3937530517578125 213.943756103515625 219.625 223.462493896484375 223.850006103515625 222.8937530517578125 220.28125 218.850006103515625 215.774993896484375 211.8000030517578125 212.34375 214.5812530517578125 217.0749969482421875 222.5187530517578125 228.943756103515625 235.90625 241.5 247.1875 252.006256103515625 257.84375 264.51251220703125 270.787506103515625 276.962493896484375 280.95623779296875 282.29998779296875 284.068756103515625 289.712493896484375 305.90625 327.45001220703125 339.70001220703125 344.84375 346.85626220703125 349.41876220703125 353.993743896484375 355.962493896484375 354.587493896484375 351.556243896484375 347.274993896484375
182.8874969482421875 182.875 185.806243896484375 190.0749969482421875 194.53125 200.28125 206.462493896484375 212.78125 219.4562530517578125 225.7937469482421875 230.931243896484375 232.931243896484375 231.743743896484375 230.2375030517578125 228.2062530517578125 224.03125 219.65625 215.556243896484375 219.399993896484375 221.524993896484375 226.975006103515625 231.90625 236.7937469482421875 241.7062530517578125 247.0187530517578125 253.556243896484375 258.806243896484375 267 275.46875 282.23748779296875 285.60626220703125 282.806243896484375 285.962493896484375 296.193756103515625 317.4375 346.95001220703125 347.90625 343.98748779296875 341.625 344.01873779296875 345.493743896484375 346.9375 346.95001220703125 344.78125 341.0625
180.6062469482421875 181.4375 184.9875030517578125 190.100006103515625 195.9562530517578125 203.09375 210.2062530517578125 217.2312469482421875 224.381256103515625 231.587493896484375 237.59375 238.6687469482421875 239.8625030517578125 239.9875030517578125 236.399993896484375 231.1312408447265625 225.5749969482421875 220.71875 220.75 223.1374969482421875 229 234.0625 234.524993896484375 239.5500030517578125 245.6999969482421875 253.056243896484375 260.10626220703125 267.64373779296875 277.21875 285.818756103515625 290.75 285.037506103515625 282.962493896484375 285.39373779296875 299.76873779296875 324.743743896484375 331.21875 332.774993896484375 335.399993896484375 337.212493896484375 339.600006103515625 339.91876220703125 340.46875 339.58123779296875 336.5625
176.8000030517578125 179.1437530517578125 183.568756103515625 189.631256103515625 196.7312469482421875 205.4812469482421875 213.78125 221.75 229.65625 236.8874969482421875 243.0124969482421875 244.4250030517578125 247.09375 249.25 243.399993896484375 234.4250030517578125 226.131256103515625 224.368743896484375 222.9499969482421875 224.131256103515625 226.7937469482421875 228.850006103515625 231.78125 236.087493896484375 242.1125030517578125 248.962493896484375 257 266.29998779296875 274.65625 281.20623779296875 283.931243896484375 280.943756103515625 272.1875 263.85626220703125 262.331268310546875 281.76251220703125 304.54376220703125 317.725006103515625 326.23126220703125 331.75 334.337493896484375 334.64373779296875 336.037506103515625 336.23748779296875 334.61248779296875
