data/historical-monthly-weather-data/wc2.1_cruts4.09_10m_prec_1967-06.asc
ncols        45
nrows        45
xllcorner    -63.500000000000
yllcorner    -7.500000000000
cellsize     0.166666666667
NODATA_value -9999
[rows 0 to 18 of 45, columns 0 to 43 of 45]
313.67498779296875 313.21875 312.899993896484375 322.774993896484375 328.006256103515625 335.225006103515625 335.881256103515625 334.4375 327.350006103515625 331.493743896484375 338.32501220703125 339.306243896484375 340.506256103515625 337.51251220703125 331.649993896484375 327.51251220703125 320.475006103515625 312.493743896484375 304.07501220703125 299.5 300.5 292.39373779296875 285.818756103515625 274.8125 265.943756103515625 258.649993896484375 254.787506103515625 253.068756103515625 244.40625 236.3562469482421875 223.6437530517578125 217.524993896484375 214.8125 207.881256103515625 201.818756103515625 197.3000030517578125 192.375 189.056243896484375 182.056243896484375 177.306243896484375 175.3125 177.056243896484375 172.443756103515625 170.1062469482421875
304.03125 303.8125 310.71875 318.73126220703125 329.399993896484375 336.48748779296875 337.024993896484375 335.13751220703125 336.506256103515625 340.162506103515625 343.318756103515625 341.45623779296875 333.368743896484375 327.568756103515625 319.287506103515625 312.82501220703125 303.212493896484375 291.70623779296875 282.274993896484375 278.58123779296875 277.35626220703125 270.38751220703125 266.36248779296875 258.868743896484375 250.6125030517578125 242.7249908447265625 239.774993896484375 235.8000030517578125 228.5812530517578125 217.193756103515625 209.006256103515625 207.181243896484375 202.5812530517578125 197.850006103515625 193.65625 186.287506103515625 182.443756103515625 178.100006103515625 172.1062469482421875 168.4937591552734375 169.0625 163.6875 164.431243896484375 162.524993896484375
283.54376220703125 291.16876220703125 298.118743896484375 301.76251220703125 313.42498779296875 324.71875 329.78125 338.274993896484375 341.53125 344.868743896484375 344.462493896484375 337.149993896484375 330.3125 316.63751220703125 305.48126220703125 296.70623779296875 284.475006103515625 274.0625 265.725006103515625 260.118743896484375 259.41876220703125 258.443756103515625 253.6062469482421875 250.4250030517578125 238.743743896484375 229.493743896484375 230.4187469482421875 224.4250030517578125 214.3874969482421875 209.037506103515625 199.3312530517578125 193.943756103515625 188.537506103515625 184.931243896484375 178.1875 167.006256103515625 164.399993896484375 162.15625 157.162506103515625 154.306243896484375 156.212493896484375 153.6374969482421875 152.6687469482421875 150.25
261.350006103515625 263.506256103515625 275.90625 285.368743896484375 293.487518310546875 305.46875 317.91876220703125 330.07501220703125 339.36248779296875 345.743743896484375 341.76873779296875 330.318756103515625 317.91876220703125 302.899993896484375 291.82501220703125 281.631256103515625 265.79376220703125 257.493743896484375 250.149993896484375 252.4375 249.5625 242.625 239.7937469482421875 238.28125 226.4250030517578125 217.53125 215.3937530517578125 207.4312591552734375 201.7624969482421875 197.4187469482421875 190.1875 182.212493896484375 176.100006103515625 167.6687469482421875 160.7312469482421875 157.662506103515625 154.5437469482421875 149.3312530517578125 143.9875030517578125 141.1999969482421875 141.556243896484375 142.9250030517578125 142.1750030517578125 139.6999969482421875
259.58123779296875 258.04376220703125 254.162506103515625 265.82501220703125 281.20001220703125 289.75 303.70001220703125 322.756256103515625 339.23748779296875 347.625 342.8125 320.36248779296875 307.01873779296875 293.381256103515625 278.006256103515625 266.100006103515625 253.0625 240.024993896484375 232.9187469482421875 233.3125 230.34375 227.743743896484375 226.125 223.037506103515625 211.9187469482421875 204.600006103515625 199.7687530517578125 197.7687530517578125 192.837493896484375 184.712493896484375 180.600006103515625 175.1750030517578125 166.78125 159.46875 154.59375 146.931243896484375 142.3874969482421875 138.6875 132.337493896484375 127.86875152587890625 128.2937469482421875 129.6875 130.631256103515625 131.381256103515625
243.162506103515625 245.975006103515625 244.337493896484375 238.806243896484375 257.23748779296875 277.61248779296875 288.681243896484375 304.493743896484375 325.443756103515625 336.53125 326.100006103515625 305.98748779296875 294.006256103515625 281.29998779296875 264.287506103515625 252.818756103515625 239.193756103515625 227.6062469482421875 224.3312530517578125 222.537506103515625 222.3125 218.625 215.4187469482421875 207.462493896484375 201.3125 195.506256103515625 189.037506103515625 187.1750030517578125 183.256256103515625 175.96875 174.125 169.2937469482421875 163.181243896484375 153.9562530517578125 144.5812530517578125 141.3249969482421875 133.3562469482421875 124.03125 120.71875 120.19374847412109375 117.4499969482421875 119.6750030517578125 119.0812530517578125 119.375
232.681243896484375 232.475006103515625 232.5 232.337493896484375 234.274993896484375 243.46875 254.9250030517578125 276.79998779296875 287.48748779296875 297.70001220703125 296.16876220703125 282.88751220703125 276.60626220703125 268.59375 254.2375030517578125 242.40625 232.431243896484375 222.225006103515625 214.100006103515625 213.5124969482421875 207.3562469482421875 204.475006103515625 199.962493896484375 195.8249969482421875 194.4499969482421875 188.9562530517578125 182.125 178.0124969482421875 174.100006103515625 173.743743896484375 167.337493896484375 159.9499969482421875 152.1374969482421875 146.3000030517578125 141.1125030517578125 132.8937530517578125 121.34999847412109375 113.78125 109.50624847412109375 109.1062469482421875 105.96875 106.7062530517578125 107.90625 108.34375
219.9375 215.2375030517578125 216.4187469482421875 222.8937530517578125 226 238.399993896484375 238.0812530517578125 238.5812530517578125 238.649993896484375 252.46875 261.225006103515625 259.225006103515625 257.79376220703125 251.9000091552734375 245.0437469482421875 234.9875030517578125 222.337493896484375 214.225006103515625 206.2687530517578125 199.212493896484375 203.7312469482421875 197.506256103515625 191.40625 186.7624969482421875 185.412506103515625 178.1750030517578125 173 169.068756103515625 165.631256103515625 161.3000030517578125 161.993743896484375 154.412506103515625 147.100006103515625 139.3625030517578125 129.6875 120.44374847412109375 111.25624847412109375 103.2375030517578125 96.5749969482421875 92.93125152587890625 91.1875 93.75624847412109375 92.6062469482421875 91.34999847412109375
207.34375 205.15625 204.037506103515625 207.881256103515625 212.9812469482421875 219.181243896484375 227.600006103515625 232.9250030517578125 224.6750030517578125 221.899993896484375 227.350006103515625 231.306243896484375 238.71875 236.693756103515625 232.725006103515625 223.4375 220.368743896484375 215.8937530517578125 210.71875 200.6437530517578125 191.4562530517578125 193.725006103515625 182.9875030517578125 183.912506103515625 177.96875 171.96875 166.9375 164.9812469482421875 165.212493896484375 159.787506103515625 160.4499969482421875 146.462493896484375 133.5 124.66249847412109375 119.09999847412109375 114.3874969482421875 107.11875152587890625 100.2937469482421875 93.3249969482421875 87.0500030517578125 82.58750152587890625 81.03749847412109375 83.4187469482421875 82.03749847412109375
195.868743896484375 194.6875 194.5 197.9187469482421875 202.03125 206.962493896484375 213.6687469482421875 215.2687530517578125 216.274993896484375 215.7687530517578125 214.412506103515625 208.25 218.3000030517578125 221.506256103515625 221.4187469482421875 218.28125 213.5437469482421875 216.6875 213.1875 207.975006103515625 194.787506103515625 187.149993896484375 174.8874969482421875 172.7375030517578125 165.75 163.712493896484375 159.899993896484375 156.462493896484375 153.4875030517578125 152.34375 150.274993896484375 139.9812469482421875 130.7375030517578125 122.4562530517578125 113.50624847412109375 107.125 101.40625 95.8937530517578125 90.0437469482421875 86.3937530517578125 82.6750030517578125 80.6374969482421875 76.4250030517578125 71.78125
187.618743896484375 185.0625 184.75 186.6437530517578125 188.537506103515625 195.774993896484375 197.5124969482421875 199.375 203.3249969482421875 205.75 207.568756103515625 203.3249969482421875 201.756256103515625 206.587493896484375 207.3874969482421875 207.787506103515625 206.2375030517578125 205.1875 207.2937469482421875 210.0437469482421875 208.524993896484375 194.806243896484375 175.0124969482421875 155.9499969482421875 156.056243896484375 162.149993896484375 159.943756103515625 153.3249969482421875 146.875 143.568756103515625 140.5437469482421875 133.1374969482421875 125.7624969482421875 118.25624847412109375 110.40000152587890625 101.6687469482421875 95.9812469482421875 89.2624969482421875 86.8874969482421875 81.90625 77.3562469482421875 73.8249969482421875 71.52500152587890625 64.86875152587890625
177.84375 176.431243896484375 178.868743896484375 178.118743896484375 180.537506103515625 183.90625 190.193756103515625 193.59375 196.475006103515625 193.4812469482421875 197.96875 197.056243896484375 187.8249969482421875 192.212493896484375 199.0749969482421875 198.9875030517578125 198 199.350006103515625 204.212493896484375 215.181243896484375 215.34375 204.1875 182.743743896484375 158.4250030517578125 152.0124969482421875 150.3874969482421875 145.681243896484375 142.8125 140.5124969482421875 135.431243896484375 127.0187530517578125 123.59999847412109375 117.8874969482421875 109.16249847412109375 104.2062530517578125 99.5500030517578125 95.47499847412109375 89.74375152587890625 82.80625152587890625 79.9812469482421875 75.6374969482421875 71.4187469482421875 64.15000152587890625 54.47499847412109375
172.1062469482421875 169.837493896484375 170.7062530517578125 170.118743896484375 173.287506103515625 174.59375 178.837493896484375 182.34375 182.5124969482421875 182.962493896484375 185.6687469482421875 187.46875 185.337493896484375 176.8625030517578125 179.5625 184 185.625 190.306243896484375 189.3125 198.5749969482421875 203.3625030517578125 194.556243896484375 179.431243896484375 159.65625 143.40625 139.1062469482421875 138.03125 136.318756103515625 135.21875 132.381256103515625 122.99375152587890625 115.00624847412109375 112.08750152587890625 102.6999969482421875 97.7312469482421875 95.0124969482421875 93.94374847412109375 90.21250152587890625 88.46250152587890625 82.4375 74.05625152587890625 68.5749969482421875 58.325000762939453125 50.41249847412109375
164.787506103515625 163.09375 162.8125 162.837493896484375 162.8874969482421875 165.3562469482421875 167.274993896484375 171.806243896484375 173.9250030517578125 172.912506103515625 174.399993896484375 172.600006103515625 172.850006103515625 169.3562469482421875 160.9250030517578125 168.6437530517578125 169.6687469482421875 171.818756103515625 174.087493896484375 181.2624969482421875 184.587493896484375 178.15625 167.4499969482421875 156.1374969482421875 144.90625 135.837493896484375 130.34375 126.27500152587890625 124.2687530517578125 120.75624847412109375 116.8625030517578125 110.81874847412109375 105.5500030517578125 100.5749969482421875 93.34375 94.78749847412109375 96.5 95.63124847412109375 93.58750152587890625 85.1750030517578125 69.90000152587890625 61.41249847412109375 57.53125 56.40000152587890625
153.90625 153.0625 154.8249969482421875 156.1374969482421875 155.899993896484375 157.868743896484375 160.8000030517578125 163.0437469482421875 164.2624969482421875 164.4562530517578125 163.9875030517578125 162.8312530517578125 161.8625030517578125 156.631256103515625 146.431243896484375 151.4812469482421875 153.90625 159.5749969482421875 158.4875030517578125 163.4875030517578125 168.59375 165.2687530517578125 161.0625 154.181243896484375 149.28125 141.5749969482421875 135.71875 129.774993896484375 127.80625152587890625 119.47499847412109375 110.63124847412109375 106.97499847412109375 106.22499847412109375 97.43125152587890625 87.65000152587890625 84.9562530517578125 92.1437530517578125 97.7624969482421875 93.7062530517578125 82.80625152587890625 72.25624847412109375 66.99375152587890625 65.28125 59.44374847412109375
145.40625 143.5749969482421875 145.5749969482421875 145.5749969482421875 148.462493896484375 151.024993896484375 152.600006103515625 153.3625030517578125 156.6062469482421875 159.8312530517578125 158.943756103515625 156.5124969482421875 155 150.0437469482421875 142.056243896484375 131.181243896484375 136.806243896484375 145.3125 145.0437469482421875 149.3249969482421875 153.2375030517578125 153.649993896484375 154.6750030517578125 153.4875030517578125 149.6875 142.9812469482421875 134.756256103515625 129.975006103515625 125.43125152587890625 122.2375030517578125 115.2312469482421875 107.22499847412109375 97.4375 87.8562469482421875 79.5187530517578125 87.6062469482421875 88.13124847412109375 90.31874847412109375 89.6999969482421875 84.84999847412109375 78.31874847412109375 73.5625 67.2375030517578125 59.174999237060546875
135.7375030517578125 135.59375 136.0437469482421875 138.774993896484375 141.375 144.462493896484375 145.837493896484375 147.587493896484375 147.21875 148.618743896484375 150.8125 149.7375030517578125 145.493743896484375 140.78125 138.4562530517578125 129.350006103515625 118.05625152587890625 124.83750152587890625 130.818756103515625 133.962493896484375 136.493743896484375 141.5749969482421875 144.600006103515625 149.506256103515625 146.46875 135.899993896484375 128.3000030517578125 123.06874847412109375 122.88124847412109375 120.8125 117 111.78125 101.83750152587890625 95.58750152587890625 95.6125030517578125 95.00624847412109375 96.6999969482421875 96.4187469482421875 94.625 84.16249847412109375 77.40625 70.75 62.700000762939453125 57.03125
124.0625 125.1062469482421875 128.256256103515625 131.193756103515625 134.34375 138.875 139.4562530517578125 140.443756103515625 140.1999969482421875 139 139.037506103515625 140.212493896484375 135.2937469482421875 131.71875 131.412506103515625 125.90000152587890625 115.52500152587890625 106.19374847412109375 119.0812530517578125 118.36875152587890625 121.41249847412109375 127.1374969482421875 135.8249969482421875 139.6437530517578125 140.28125 130.4875030517578125 120.8625030517578125 120.88124847412109375 119.7375030517578125 115.25 106.59999847412109375 98.84375 106.625 103.75624847412109375 99.8625030517578125 109.15000152587890625 108.03749847412109375 98.3312530517578125 92.1374969482421875 83.46875 70.46250152587890625 62.756252288818359375 56.28749847412109375 52.25
113.5124969482421875 116.5625 119.94374847412109375 123.75624847412109375 127.7312469482421875 130.037506103515625 131.3562469482421875 131.8937530517578125 133.1687469482421875 133.8249969482421875 132.7937469482421875 127.3625030517578125 123.79999542236328125 122.15625 119.6437530517578125 116.36875152587890625 114.16249847412109375 103.00624847412109375 99.5812530517578125 101.2312469482421875 109.2687530517578125 119.7687530517578125 116.81874847412109375 124.55625152587890625 125.7687530517578125 127.11875152587890625 122.53125 116.0749969482421875 117.2062530517578125 112.6062469482421875 106.02500152587890625 103.66249847412109375 105.13124847412109375 100.8312530517578125 100.74375152587890625 105.27500152587890625 100.0749969482421875 90.1750030517578125 84.28749847412109375 74.28749847412109375 63.41249847412109375 54.831249237060546875 50.731250762939453125 48.36875152587890625
