data/historical-monthly-weather-data/wc2.1_cruts4.09_10m_prec_2022-03.asc
ncols        51
nrows        45
xllcorner    -63.500000000000
yllcorner    -7.500000000000
cellsize     0.166666666667
NODATA_value -9999
[rows 20 to 39 of 45, columns 0 to 44 of 51]
248.5187530517578125 259.756256103515625 272.068756103515625 285.20623779296875 299.35626220703125 314.743743896484375 329.70623779296875 342.850006103515625 354.350006103515625 361.943756103515625 366.4375 371.03125 376.23748779296875 383.274993896484375 378.375 366.506256103515625 356.149993896484375 350.40625 349.256256103515625 348.350006103515625 349.962493896484375 351.89373779296875 353.368743896484375 361.63751220703125 371.86248779296875 383.118743896484375 395.587493896484375 407.931243896484375 419.318756103515625 424.26251220703125 421.412506103515625 411.41876220703125 389.568756103515625 362.26873779296875 337.38751220703125 366.225006103515625 407.59375 432.881256103515625 444.07501220703125 447.03125 445.743743896484375 442.29998779296875 436.54376220703125 432 428.32501220703125
241.1187591552734375 253.1062469482421875 267.306243896484375 281.399993896484375 296.756256103515625 314.73748779296875 332.40625 348.756256103515625 361.125 365.568756103515625 364.274993896484375 363.131256103515625 362.96875 365.787506103515625 364.131256103515625 359.181243896484375 354.806243896484375 350.056243896484375 347.149993896484375 344.48126220703125 341.78125 340.48126220703125 343.681243896484375 350.89373779296875 361.3125 375.0625 392.212493896484375 404.912506103515625 415.850006103515625 419.756256103515625 415.850006103515625 406.67498779296875 390.243743896484375 373.13751220703125 364.66876220703125 384.20623779296875 417.337493896484375 442.17498779296875 452.912506103515625 453.48748779296875 449.96875 445.34375 439.4375 434.25 431.04998779296875
236.7687530517578125 250.2062530517578125 264.149993896484375 279.037506103515625 294.537506103515625 312.85626220703125 331.53125 352.493743896484375 368.668731689453125 368.20001220703125 361.36248779296875 352.46875 346.25 348.03125 351.356231689453125 351.63751220703125 349.712493896484375 345.90625 342.04376220703125 338.318756103515625 333.9375 329.42498779296875 328.65625 335.287506103515625 348.28125 364.725006103515625 383.256256103515625 398.337493896484375 409.362518310546875 412.45001220703125 411.006256103515625 408.587493896484375 403.931243896484375 398.20623779296875 402.57501220703125 419.73748779296875 442.85626220703125 460.806243896484375 466.10626220703125 463.181243896484375 456.59375 449.9375 443.256256103515625 436.125 433.01251220703125
234.881256103515625 247.375 261.58123779296875 276.837493896484375 292.537506103515625 310.07501220703125 329.75 350.33123779296875 364.693756103515625 362.056243896484375 352.70623779296875 343.681243896484375 332.98126220703125 335.931243896484375 342.34375 345.39373779296875 345.96875 342.868743896484375 336.90625 331.33123779296875 324.931243896484375 318.1875 314.83123779296875 320.46875 331.15625 346.975006103515625 366.34375 384.84375 399.32501220703125 407.38751220703125 412.51251220703125 415.412506103515625 418.506256103515625 422.806243896484375 433.66876220703125 452.037506103515625 470.20001220703125 478.76251220703125 477.08123779296875 471.33123779296875 463.76873779296875 454.70623779296875 446.631256103515625 437.54376220703125 436.26873779296875
237.75 247.84375 259.837493896484375 274.92498779296875 291.73126220703125 308.631256103515625 325.11248779296875 341.381256103515625 351.524993896484375 352.61248779296875 348.71875 340.71875 335.82501220703125 336.79376220703125 339.493743896484375 343.17498779296875 343.756256103515625 340.625 334.78125 326.11248779296875 316.131256103515625 306.90625 300.131256103515625 301.931243896484375 313.274993896484375 332.693756103515625 352.056243896484375 374.11248779296875 391.58123779296875 406.09375 415.20001220703125 422.54376220703125 432.806243896484375 443.46875 456.32501220703125 467.85626220703125 481.625 488.39373779296875 484.381256103515625 479.65625 471.625 460.649993896484375 448.65625 441.493743896484375 434.48748779296875
244.287506103515625 253.337493896484375 262.21875 276.13751220703125 290.212493896484375 304.912506103515625 319.11248779296875 332.337493896484375 340.26251220703125 343.193756103515625 342.91876220703125 340.725006103515625 339.306243896484375 339.5 340.95001220703125 344.14373779296875 343.64373779296875 340.63751220703125 334.89373779296875 323.318756103515625 312.368743896484375 298.32501220703125 285.98126220703125 283.03125 296.649993896484375 319.70623779296875 343.96875 366.01251220703125 386.59375 404.79376220703125 418.75 431.756256103515625 447.70001220703125 460.04998779296875 472.037506103515625 480.25 489.787506103515625 495.34375 492.243743896484375 486.506256103515625 479.01251220703125 465.662506103515625 448.824981689453125 439.1875 433.16876220703125
253.2624969482421875 258.212493896484375 266.65625 277.131256103515625 288.20623779296875 300.59375 311.8125 322.23126220703125 329.368743896484375 334.78125 338.20001220703125 338.90625 339.71875 341.4375 343.57501220703125 345.756256103515625 347.443756103515625 343.068756103515625 336.04376220703125 326.243743896484375 312.33123779296875 296.38751220703125 278.59375 272.86248779296875 290.60626220703125 313.20001220703125 338.131256103515625 359.73748779296875 381.01873779296875 400.5625 417.837493896484375 436.256256103515625 457.29998779296875 469.26251220703125 480.149993896484375 488.29998779296875 497.6875 502.90625 500.818756103515625 496.725006103515625 487.631256103515625 472.29376220703125 453.125 440.256256103515625 444.5
263.274993896484375 265.587493896484375 272 279.95623779296875 287.162506103515625 296.65625 307.32501220703125 315.85626220703125 322.64373779296875 328.82501220703125 332.90625 335.493743896484375 338.73126220703125 342.26873779296875 345.100006103515625 347.587493896484375 350.274993896484375 348.756256103515625 342.65625 333.587493896484375 320.11248779296875 303.70001220703125 291.524993896484375 288.03125 298.881256103515625 316.82501220703125 338.23748779296875 359.20623779296875 378.881256103515625 396.4375 413.443756103515625 431.09375 453.587493896484375 468.5 482.23748779296875 492.14373779296875 500.04998779296875 508.162506103515625 508.649993896484375 508.125 504.66876220703125 487.0625 462.225006103515625 447.98126220703125 465.34375
272.08123779296875 272.556243896484375 276.881256103515625 281.53125 288.068756103515625 295.149993896484375 302.100006103515625 309.318756103515625 316.431243896484375 322.431243896484375 328.381256103515625 332.78125 337.274993896484375 342.71875 347.73748779296875 352.5625 357.962493896484375 357.574981689453125 353.70623779296875 346.28125 333.462493896484375 318.48126220703125 308.556243896484375 304.82501220703125 312.181243896484375 324.037506103515625 341.28125 359.787506103515625 377.51873779296875 393.850006103515625 407.9375 423.381256103515625 446.41876220703125 465.54376220703125 482.756256103515625 494.08123779296875 502.212493896484375 511.375 513.51873779296875 513.4437255859375 516.51873779296875 498.88751220703125 474.39373779296875 471.33123779296875 493.11248779296875
278.76251220703125 277.287506103515625 279.09375 281.524993896484375 285.58123779296875 289.899993896484375 295.818756103515625 301.993743896484375 308.98126220703125 314.95623779296875 321.412506103515625 328.381256103515625 335.818756103515625 343.13751220703125 349.600006103515625 356.04998779296875 362.59375 368.462493896484375 367.375 357.818756103515625 344.631256103515625 331.5 321.64373779296875 318.76873779296875 322.412506103515625 331.306243896484375 345.350006103515625 359.90625 374.162506103515625 388.45001220703125 402.274993896484375 415.90625 438.225006103515625 461.256256103515625 481.08123779296875 492.556243896484375 501.850006103515625 512.9000244140625 510.54376220703125 510.48126220703125 514.83123779296875 510.856231689453125 499.625 504.66876220703125 515.29998779296875
282.54998779296875 279.131256103515625 278.943756103515625 280.399993896484375 282.88751220703125 285.162506103515625 290.58123779296875 295.51873779296875 301.743743896484375 307.912506103515625 314.931243896484375 322.662506103515625 331.91876220703125 340.11248779296875 348.493743896484375 357.475006103515625 368.118743896484375 375.66876220703125 379.54376220703125 369.9375 356.25 342.09375 333.16876220703125 329.537506103515625 330.462493896484375 338.13751220703125 347.956268310546875 358.274993896484375 370.45623779296875 383.51873779296875 396.96875 411.818756103515625 434.38751220703125 458.037506103515625 479.45001220703125 490.443756103515625 501.100006103515625 513.7874755859375 509.89373779296875 500.475006103515625 508.537506103515625 519.53125 523.9375 531.89373779296875 543.15625
283.11248779296875 278.368743896484375 276.76873779296875 276.73126220703125 278.23748779296875 279.71875 284.306243896484375 287.84375 293.493743896484375 299.64373779296875 306.806243896484375 315.42498779296875 324.96875 335.993743896484375 346.8125 358.100006103515625 367.04376220703125 374.45001220703125 378.61248779296875 374.443756103515625 361.381256103515625 349.831268310546875 339.818756103515625 335.4375 337.662506103515625 341.943756103515625 348.01251220703125 357.006256103515625 365.274993896484375 378.73126220703125 392.82501220703125 407.943756103515625 429.587493896484375 453.57501220703125 475.88751220703125 488.40625 502.45623779296875 514.63751220703125 507.975006103515625 504.993743896484375 519.84375 538.6500244140625 551.0625 568.98748779296875 585.75
276.66876220703125 272.76251220703125 270.899993896484375 270.412506103515625 270.53125 272.837493896484375 275.78125 278.399993896484375 282.59375 289.162506103515625 298.95001220703125 307.91876220703125 319.48748779296875 334.037506103515625 345.04376220703125 355.399993896484375 363.35626220703125 370.712493896484375 373.462493896484375 371.4375 362.5 352.13751220703125 342.125 339.162506103515625 339.631256103515625 341.79998779296875 345.975006103515625 352.556243896484375 360.73126220703125 373.743743896484375 388.0625 403.568756103515625 426.23126220703125 450.21875 471.431243896484375 487.9375 503.29376220703125 515.0875244140625 513.3187255859375 524.10626220703125 541.3375244140625 560.96875 580.16876220703125 602.61248779296875 634.79376220703125
268.8125 265.5625 265.087493896484375 264.70001220703125 264.58123779296875 265.63751220703125 267.25 269.149993896484375 272.368743896484375 278.149993896484375 287.58123779296875 300.306243896484375 314.131256103515625 327.91876220703125 338.59375 349.962493896484375 359.84375 366.08123779296875 367.375 366.23126220703125 360.10626220703125 350.95623779296875 343.006256103515625 338.600006103515625 338.056243896484375 338.07501220703125 341.912506103515625 346.556243896484375 355.125 368.04376220703125 381.931243896484375 399.375 423.13751220703125 446.774993896484375 470.381256103515625 487.95001220703125 503.42498779296875 515.8187255859375 525.1812744140625 540.5687255859375 557.625 578.78125 605.0687255859375 632.17498779296875 669.75
260.931243896484375 259.037506103515625 259.0625 258.399993896484375 256.837493896484375 257.82501220703125 258.149993896484375 259.9375 261.26251220703125 265.48126220703125 275.86248779296875 291.48126220703125 308.36248779296875 323.475006103515625 335.67498779296875 345.45623779296875 355.193756103515625 360.587493896484375 361.96875 361.024993896484375 356.350006103515625 347.712493896484375 339.962493896484375 334.89373779296875 333.912506103515625 333.70623779296875 335.787506103515625 340.51873779296875 346.8125 361.26873779296875 377.587493896484375 395.818756103515625 419.225006103515625 443.83123779296875 466.63751220703125 483.587493896484375 500.01873779296875 520.25 535.09375 551.66876220703125 570.4937744140625 589.96875 616.34375 645.1312255859375 676.8812255859375
252.9812469482421875 250.9499969482421875 250.5187530517578125 249.7624969482421875 248.46875 248.6687469482421875 249.3000030517578125 249.149993896484375 249.181243896484375 253.631256103515625 264.48126220703125 281.45001220703125 301.14373779296875 318.58123779296875 330.4375 340.90625 349.26251220703125 353.76251220703125 356.13751220703125 356.337493896484375 351.056243896484375 342.34375 333.881256103515625 329.41876220703125 327.381256103515625 326.23748779296875 328.024993896484375 332.76251220703125 339 353.78125 371.649993896484375 390.07501220703125 411.83123779296875 436.881256103515625 459.256256103515625 475.75 495.91876220703125 516.35626220703125 529.6937255859375 547.83746337890625 568.34375 586.71875 608.1500244140625 636.16876220703125 659.54376220703125
243.975006103515625 242.6687469482421875 242.475006103515625 241.4875030517578125 240.7937469482421875 241.4812469482421875 241.4375 240.912506103515625 239.662506103515625 240.7624969482421875 254.774993896484375 277.475006103515625 297.73126220703125 313.462493896484375 325.881256103515625 335.23126220703125 342.46875 346.162506103515625 348.881256103515625 347.212493896484375 342.375 334.10626220703125 326.274993896484375 320.40625 317.493743896484375 316.318756103515625 318.399993896484375 324.01251220703125 330.087493896484375 346.28125 364.475006103515625 383.3125 406.256256103515625 430.90625 452.287506103515625 470.587493896484375 490.899993896484375 511.537506103515625 525.6187744140625 539.86248779296875 557.23748779296875 574.46875 595.1187744140625 619.8187255859375 639.64373779296875
235.6437530517578125 235.1437530517578125 234.6875 234.2312469482421875 234.6062469482421875 236.0437469482421875 236.618743896484375 235.9187469482421875 236.8125 236.9187469482421875 258.63751220703125 281.962493896484375 297.76873779296875 311.29998779296875 321.225006103515625 329.95001220703125 335.11248779296875 337.59375 338.462493896484375 335.57501220703125 329.149993896484375 321.82501220703125 316.20001220703125 310.087493896484375 307.08123779296875 306.35626220703125 308.59375 314.98126220703125 322.118743896484375 338.70623779296875 356.48126220703125 375.399993896484375 398.10626220703125 422.743743896484375 443.04376220703125 463.23126220703125 483.23126220703125 500.84375 516.66253662109375 532.01251220703125 544.79998779296875 561.98126220703125 578.17498779296875 593.83123779296875 610.6875
227.1374969482421875 227.0625 227.875 228.600006103515625 229.90625 231.59375 234.3874969482421875 236.4562530517578125 242.6750030517578125 256.274993896484375 280.35626220703125 292.087493896484375 301.15625 311.34375 319.712493896484375 326.5 330.306243896484375 330.48126220703125 328.662506103515625 324.04376220703125 315.931243896484375 308.881256103515625 303.67498779296875 299.181243896484375 297.256256103515625 297.82501220703125 301.493743896484375 307.54998779296875 315.375 331.35626220703125 349.36248779296875 366.15625 386.368743896484375 409.32501220703125 432.60626220703125 449.98126220703125 467.23126220703125 485.60626220703125 497.975006103515625 509.506256103515625 520.90625 536.6812744140625 549.25 563.125 574.1812744140625
219.131256103515625 219.6125030517578125 221.431243896484375 222.787506103515625 225.5625 229.9375 233.506256103515625 239.7375030517578125 249.1374969482421875 262.54376220703125 279.131256103515625 292.73748779296875 303.16876220703125 311.975006103515625 319.45623779296875 324.243743896484375 326.63751220703125 324.368743896484375 319.337493896484375 313.568756103515625 304.087493896484375 296.568756103515625 290.181243896484375 286.58123779296875 286.868743896484375 288.806243896484375 292.931243896484375 300.181243896484375 308.318756103515625 322.88751220703125 338.39373779296875 356.975006103515625 378.65625 398.8125 419.66876220703125 436.66876220703125 450.962493896484375 466.5625 479.04998779296875 486.181243896484375 494.33123779296875 507.4375 518 528.20001220703125 536.4937744140625
