data/historical-monthly-weather-data/wc2.1_cruts4.09_10m_prec_1959-06.asc
ncols        45
nrows        45
xllcorner    -63.500000000000
yllcorner    -7.500000000000
cellsize     0.166666666667
NODATA_value -9999
[rows 0 to 19 of 45, columns 0 to 43 of 45]
433.350006103515625 434.86248779296875 431.443756103515625 441.131256103515625 444.09375 447.38751220703125 441.57501220703125 432.90625 415.96875 413.25 413.67498779296875 406.54376220703125 399.58123779296875 387.79376220703125 373.212493896484375 360.662506103515625 345.4375 330.91876220703125 316.375 306.29376220703125 303.84375 292.48748779296875 283.45623779296875 273.64373779296875 266.48126220703125 261.256256103515625 262.256256103515625 265.96875 263.01251220703125 264.46875 260.66876220703125 264.28125 273.475006103515625 277.46875 281.931243896484375 286.475006103515625 289.943756103515625 295.162506103515625 291.318756103515625 290.399993896484375 293.587493896484375 301.318756103515625 298.01251220703125 298.5625
425.82501220703125 427.73748779296875 434.725006103515625 442.38751220703125 453.20623779296875 456.57501220703125 450.54376220703125 441.162506103515625 434.45623779296875 430.38751220703125 425.59375 414.443756103515625 395.9375 380.58123779296875 362.95623779296875 347.693756103515625 329.53125 311.006256103515625 295.243743896484375 286.04376220703125 281.76251220703125 272.162506103515625 266.20001220703125 260.26873779296875 254.100006103515625 248.631256103515625 250.59375 251.875 250.556243896484375 249.4875030517578125 252.3312530517578125 262.774993896484375 270.375 277.54998779296875 285.181243896484375 286.35626220703125 292.40625 296.774993896484375 293.899993896484375 294.21875 301.568756103515625 296.149993896484375 301.48748779296875 301.88751220703125
403.125 415.693756103515625 421.899993896484375 422.41876220703125 433.787506103515625 442.818756103515625 442.95623779296875 447.29376220703125 442.91876220703125 438.368743896484375 429.068756103515625 411.20001220703125 394.25 369.76251220703125 348.98748779296875 331.42498779296875 310.712493896484375 293.75 279.5625 268.899993896484375 265.993743896484375 263.3125 257.306243896484375 256.618743896484375 247.756256103515625 241.4499969482421875 247.5625 246.5124969482421875 241.725006103515625 247.5124969482421875 248.53125 254.6437530517578125 261.76251220703125 271.399993896484375 276.04998779296875 272.14373779296875 281.48126220703125 290.681243896484375 289.756256103515625 291.82501220703125 302.287506103515625 300.962493896484375 302.162506103515625 300.243743896484375
377.64373779296875 381.824981689453125 394.9375 402.54376220703125 407.962493896484375 418 428.268768310546875 437.556243896484375 441.274993896484375 440.79998779296875 427.181243896484375 404.29376220703125 380.9375 355.193756103515625 334.806243896484375 315.943756103515625 291.63751220703125 277.4375 264.756256103515625 262.818756103515625 258.462493896484375 250.4375 247.2687530517578125 249.212493896484375 240.875 235.5500030517578125 238.3125 234.7062530517578125 234.3937530517578125 240.9375 244.6999969482421875 247.256256103515625 254.006256103515625 257.26873779296875 262.14373779296875 272.59375 283.212493896484375 288.73748779296875 287.693756103515625 290.46875 299.037506103515625 304.63751220703125 304.975006103515625 301.618743896484375
381.32501220703125 379.64373779296875 368.212493896484375 378.037506103515625 392.82501220703125 397.89373779296875 410.193756103515625 428.70623779296875 442.006256103515625 444.212493896484375 429.54376220703125 393.162506103515625 368.912506103515625 345.125 320.006256103515625 299.61248779296875 278.756256103515625 259.818756103515625 247.90625 244.59375 240.90625 238.100006103515625 237 237.975006103515625 230.931243896484375 227.78125 227.399993896484375 230.225006103515625 230.46875 232.1374969482421875 239.368743896484375 245.225006103515625 249.350006103515625 255.0812530517578125 264.38751220703125 268.618743896484375 278.350006103515625 288.5625 285.84375 285.67498779296875 295.29998779296875 300.587493896484375 303.70623779296875 306.45001220703125
362.46875 366.506256103515625 357.725006103515625 342.618743896484375 361.65625 382.63751220703125 390.274993896484375 403.79376220703125 422.962493896484375 428.662506103515625 407.16876220703125 374.193756103515625 352.07501220703125 329.881256103515625 303.506256103515625 284.23126220703125 263.39373779296875 246.712493896484375 239.556243896484375 234.6125030517578125 234.6374969482421875 231.568756103515625 229.5124969482421875 225.6062469482421875 224.0625 222.725006103515625 220.2937469482421875 223.162506103515625 224.3125 226.2375030517578125 235.806243896484375 241.875 249.493743896484375 252.4812469482421875 254.475006103515625 267.556243896484375 271.76251220703125 271.162506103515625 275.818756103515625 285.912506103515625 289.57501220703125 297.61248779296875 297.350006103515625 299.16876220703125
352.07501220703125 350.912506103515625 344.193756103515625 336.475006103515625 331.85626220703125 336.96875 344.78125 366.21875 372.318756103515625 377.60626220703125 367.96875 344.287506103515625 329.70001220703125 313.618743896484375 290.95623779296875 271.86248779296875 255.649993896484375 241.1062469482421875 229.306243896484375 226.3125 220.8125 219.318756103515625 216.53125 216.931243896484375 220.850006103515625 220.024993896484375 217.0500030517578125 217.087493896484375 218.056243896484375 228.1437530517578125 231.068756103515625 232.8000030517578125 237.368743896484375 245.4562530517578125 254.962493896484375 259.8125 257.26873779296875 260.88751220703125 264.306243896484375 276.01873779296875 279.899993896484375 285.04376220703125 289.943756103515625 292.556243896484375
337.78125 329.07501220703125 323.88751220703125 325.837493896484375 322.48748779296875 331.29376220703125 322.28125 314.975006103515625 308.07501220703125 318.868743896484375 323.037506103515625 313.92498779296875 305.82501220703125 292.787506103515625 279.443756103515625 262.98126220703125 244.3625030517578125 232.600006103515625 221.5500030517578125 212.2062530517578125 218.787506103515625 214.381256103515625 210.4812469482421875 210.53125 214.6437530517578125 211.8249969482421875 210.625 210.743743896484375 212.0437469482421875 216.162506103515625 227.943756103515625 228.7312469482421875 233.8249969482421875 238.7312469482421875 240.100006103515625 242.7375030517578125 244.912506103515625 247.9250030517578125 246.006256103515625 250.256256103515625 258.14373779296875 269.193756103515625 267.98748779296875 266.03125
321.16876220703125 315.70001220703125 307.181243896484375 305.412506103515625 305.287506103515625 305.506256103515625 308.556243896484375 307.54998779296875 289.756256103515625 279.681243896484375 280.25 279.024993896484375 281.95623779296875 273.868743896484375 264.600006103515625 249.71875 242.3312530517578125 234.7312469482421875 226.71875 214.2687530517578125 206.649993896484375 212.006256103515625 203.412506103515625 209.9187469482421875 208.8874969482421875 207.587493896484375 206.5625 209.1687469482421875 215.193756103515625 217.4187469482421875 228.600006103515625 219.3562469482421875 214.46875 215.975006103515625 223.125 233.8562469482421875 239.9499969482421875 245.993743896484375 244.274993896484375 242.40625 243.5 243.368743896484375 253.3375091552734375 251.381256103515625
305.725006103515625 301.29376220703125 294.26251220703125 292.10626220703125 290.774993896484375 289.306243896484375 290.162506103515625 284.399993896484375 278.70623779296875 271.48748779296875 263.54376220703125 250.368743896484375 256.662506103515625 255.056243896484375 250.9250030517578125 243.71875 235.037506103515625 235.912506103515625 229.7312469482421875 222.587493896484375 211.212493896484375 206.368743896484375 196.318756103515625 199.3937530517578125 197.125 200.462493896484375 200.8937530517578125 201.5625 203.3000030517578125 210.306243896484375 216.75 211.8125 212.09375 214.0437469482421875 214.7375030517578125 221.5 230.3562469482421875 239.2687530517578125 241.3000030517578125 248.006256103515625 253.118743896484375 252.46875 243.0749969482421875 231.1062469482421875
294.8125 287.806243896484375 280.70001220703125 276.524993896484375 272.28125 274.29376220703125 268.57501220703125 263.45001220703125 261.73126220703125 258.34375 254.3625030517578125 243.587493896484375 236.306243896484375 237.006256103515625 234.4875030517578125 231.868743896484375 227.21875 223.7312469482421875 223.78125 225.2937469482421875 227.1374969482421875 216.2312469482421875 198.243743896484375 181.9375 187.787506103515625 201.21875 203.8125 200.5437469482421875 197.6125030517578125 200.9187469482421875 205.068756103515625 203.4812469482421875 205.837493896484375 208.587493896484375 210.7249908447265625 212.3937530517578125 220.5625 226.1125030517578125 237.818756103515625 241.8874969482421875 245.2937469482421875 240.524993896484375 237.59375 218.806243896484375
279.131256103515625 273.82501220703125 271.13751220703125 263.287506103515625 260.087493896484375 257.04998779296875 257.96875 255.131256103515625 252.1999969482421875 242.125 241.7937469482421875 235.756256103515625 220.2937469482421875 221.193756103515625 225.7312469482421875 222.493743896484375 218.4812469482421875 217.7312469482421875 220.912506103515625 231.443756103515625 235.443756103515625 227.6687469482421875 208.125 186 184.3937530517578125 188.274993896484375 187.524993896484375 188.9187469482421875 191.3874969482421875 191.4812469482421875 186.8625030517578125 190.056243896484375 193.7562408447265625 193.0625 199.1374969482421875 207.7687530517578125 218.8000030517578125 226.2312469482421875 226.3625030517578125 237.1374969482421875 241.8249969482421875 235.4875030517578125 216.4375 187.256256103515625
269.431243896484375 262.70623779296875 257.875 250.5812530517578125 248.7687530517578125 243.2375030517578125 241.787506103515625 239.587493896484375 233.4499969482421875 228.1125030517578125 225.9812469482421875 224.0500030517578125 217.787506103515625 204.462493896484375 204.3249969482421875 206.274993896484375 205.162506103515625 208.25 205.2687530517578125 214.1999969482421875 223.1374969482421875 217.8312530517578125 205.350006103515625 188.537506103515625 175.1437530517578125 175.5749969482421875 179.3312530517578125 182.2687530517578125 186.3312530517578125 189.0124969482421875 182.3249969482421875 177.78125 184.8874969482421875 181.962493896484375 186.712493896484375 197.725006103515625 213.993743896484375 225.6374969482421875 240.631256103515625 244.037506103515625 237.6750030517578125 227.71875 198.818756103515625 175.6750030517578125
257.51873779296875 251.6062469482421875 245.274993896484375 239.131256103515625 233.09375 229.625 225.462493896484375 224.9875030517578125 221.743743896484375 214.818756103515625 211.5500030517578125 206.125 203.537506103515625 196.618743896484375 183.8000030517578125 189.506256103515625 187.8125 188.3249969482421875 189.131256103515625 195.993743896484375 203.149993896484375 200.28125 192.5187530517578125 185.443756103515625 178.118743896484375 172.712493896484375 170.837493896484375 170.5625 173.1437530517578125 174.0437469482421875 174.5 172.181243896484375 174.787506103515625 178.4562530517578125 178.3249969482421875 196.756256103515625 218.556243896484375 237.3000030517578125 253.2312469482421875 251.75 224.7937469482421875 205.225006103515625 198.118743896484375 199.1125030517578125
241.5187530517578125 236.6750030517578125 233.443756103515625 229.2375030517578125 222.8625030517578125 218.8874969482421875 216.3125 213.037506103515625 209.024993896484375 204.0124969482421875 198.756256103515625 194.53125 190.931243896484375 182.337493896484375 167.600006103515625 170.3874969482421875 170.399993896484375 174.868743896484375 172.1125030517578125 176.693756103515625 185.6999969482421875 186.1812591552734375 185.7624969482421875 183.837493896484375 184.3000030517578125 180.8625030517578125 178.8125 176.3562469482421875 179.2937469482421875 173.118743896484375 165.787506103515625 166.7312469482421875 176.0437469482421875 172.912506103515625 167.34375 175.96875 207.868743896484375 241.0625 251.806243896484375 243.4187469482421875 231.6374969482421875 223.8125 225.274993896484375 210.725006103515625
229.3874969482421875 222.6875 219.8937530517578125 213.8562469482421875 212.0749969482421875 209.125 204.9250030517578125 199.943756103515625 198.9375 198.0625 192.524993896484375 187.0749969482421875 183.1374969482421875 175.118743896484375 162.912506103515625 147.71875 151.443756103515625 159.162506103515625 157.375 161.225006103515625 168.875 173.431243896484375 178.931243896484375 183.631256103515625 185.506256103515625 183.4250030517578125 178.375 177.6062469482421875 177.006256103515625 177.993743896484375 173.2937469482421875 167.34375 161.65625 156 151.850006103515625 180.96875 197.8562469482421875 221.2624969482421875 239.5124969482421875 247.9187469482421875 250.087493896484375 245.243743896484375 232.118743896484375 210.3874969482421875
215.649993896484375 211.3249969482421875 206.1125030517578125 204.1999969482421875 202.03125 200.0437469482421875 195.693756103515625 192.15625 186.8562469482421875 184.0749969482421875 182.6687469482421875 179.118743896484375 172.212493896484375 164.712493896484375 159.0500030517578125 145.774993896484375 130.725006103515625 136.618743896484375 141.743743896484375 144.4187469482421875 150.4375 160.03125 167.6875 179.3562469482421875 182.0749969482421875 174.9562530517578125 170.5500030517578125 169.0124969482421875 174.368743896484375 176.6875 176.475006103515625 174.75 169.125 169.8249969482421875 182.493743896484375 195.84375 216.350006103515625 234.975006103515625 251.1687469482421875 244.5437469482421875 246.1062469482421875 235.5 216.6687469482421875 203.40625
200.3312530517578125 197.6062469482421875 196.493743896484375 194.8125 193.40625 193.5500030517578125 188.2937469482421875 183.8562469482421875 178.75 172.75 168.8249969482421875 168.087493896484375 160.381256103515625 154.2687530517578125 151.037506103515625 141.9499969482421875 127.9375 116.0625 128.6437530517578125 127.06874847412109375 133.3874969482421875 143.4187469482421875 157.287506103515625 167.350006103515625 174.225006103515625 167.931243896484375 160.75 166.256256103515625 170.3249969482421875 168.787506103515625 160.743743896484375 154.3125 176.96875 184.149993896484375 190.618743896484375 225.431243896484375 242.3125 240.5 245.4250030517578125 242.7375030517578125 223.8562469482421875 208.8312530517578125 194.7062530517578125 186.71875
186.743743896484375 186.993743896484375 186.1875 185.756256103515625 185.524993896484375 182.71875 178.6999969482421875 173.899993896484375 170.7375030517578125 167.037506103515625 161.743743896484375 153.006256103515625 146.96875 143.1750030517578125 137.6125030517578125 131.28125 126.4187469482421875 112.40625 107.1999969482421875 108.125 119.66249847412109375 134.6750030517578125 135.0500030517578125 149.056243896484375 156.0187530517578125 163.4375 162.912506103515625 159.8249969482421875 167.0500030517578125 165.068756103515625 159.7375030517578125 161.46875 174.1125030517578125 178.8562469482421875 192.350006103515625 217.8000030517578125 225.350006103515625 221.993743896484375 225.5437469482421875 216.7312469482421875 201.3937530517578125 182.4812469482421875 175.649993896484375 173.25
176.368743896484375 177.4812469482421875 175.3562469482421875 171.056243896484375 169.78125 171.693756103515625 168.725006103515625 163.5625 163.868743896484375 161.618743896484375 157.556243896484375 152.256256103515625 144.837493896484375 136.8000030517578125 129.4562530517578125 116.3000030517578125 108.0625 109.65000152587890625 104.0625 106.0812530517578125 104.65000152587890625 114.2687530517578125 131.1999969482421875 139.3937530517578125 140.1875 141.4562530517578125 142.7937469482421875 152.662506103515625 150.693756103515625 146.7062530517578125 147.3000030517578125 163.837493896484375 170.875 174.15625 180.162506103515625 195.868743896484375 206.818756103515625 205.5 201.6437530517578125 194.212493896484375 177.8000030517578125 158.53125 159.5749969482421875 160.475006103515625
