data/historical-monthly-weather-data/wc2.1_cruts4.09_10m_prec_1975-03.asc
ncols        51
nrows        45
xllcorner    -63.500000000000
yllcorner    -7.500000000000
cellsize     0.166666666667
NODATA_value -9999
[rows 0 to 19 of 45, columns 0 to 44 of 51]
184.09375 181.8249969482421875 175.8625030517578125 174.506256103515625 171.1999969482421875 166.9875030517578125 159.84375 152.7624969482421875 146.9875030517578125 144.125 144.40625 147.006256103515625 150.056243896484375 151.3625030517578125 154.8937530517578125 158.618743896484375 164.274993896484375 166.725006103515625 171.3874969482421875 175.662506103515625 180.0500030517578125 183.443756103515625 187.850006103515625 192.3000030517578125 199.037506103515625 205.9250030517578125 213.8625030517578125 225.2375030517578125 235.625 241.274993896484375 250.618743896484375 257.350006103515625 264.762481689453125 274.42498779296875 283.20001220703125 289.9375 295.01873779296875 300.443756103515625 305.806243896484375 309.41876220703125 313.29376220703125 316.662506103515625 318.3125 320.912506103515625 319.78125
194.350006103515625 193.34375 192.881256103515625 193.21875 192.506256103515625 187.96875 180.6125030517578125 174.399993896484375 170.7687530517578125 168.1062469482421875 167.75 169.1750030517578125 171.068756103515625 172.131256103515625 174.59375 177.756256103515625 182.375 187.2312469482421875 192.318756103515625 197.5 201.84375 205.725006103515625 210.756256103515625 215.59375 221.181243896484375 227.506256103515625 234.068756103515625 244.306243896484375 252.837493896484375 258.9375 266.82501220703125 275.98126220703125 282.118743896484375 293.01873779296875 299.78125 306.95001220703125 313.45001220703125 318.556243896484375 323.33123779296875 326.068756103515625 330.32501220703125 333.20001220703125 334.443756103515625 336.25 335.681243896484375
203.600006103515625 204.475006103515625 206.837493896484375 209.318756103515625 209.649993896484375 206.381256103515625 202.8625030517578125 199.9250030517578125 197.6062469482421875 196.25 194.068756103515625 193.6437530517578125 194.631256103515625 195.1374969482421875 196.8937530517578125 200.3125 204.1125030517578125 208.993743896484375 213.287506103515625 217.962493896484375 222.993743896484375 228.056243896484375 232.4499969482421875 238.3937530517578125 244.868743896484375 250.0687408447265625 256.324981689453125 265.274993896484375 271.912506103515625 277.26251220703125 285.98748779296875 294.962493896484375 302.41876220703125 310.58123779296875 320.51873779296875 325.23126220703125 331.96875 339.08123779296875 343.15625 346.98126220703125 350.600006103515625 351.962493896484375 352.01873779296875 351.756256103515625 352.23748779296875
210.90625 214.412506103515625 221.162506103515625 225.162506103515625 227.524993896484375 225.631256103515625 224.9375 225.3312530517578125 226.368743896484375 226.0749969482421875 222.9499969482421875 219.868743896484375 218.2062530517578125 217.462493896484375 219.225006103515625 222.0749969482421875 226.8562469482421875 231.806243896484375 235.96875 239.756256103515625 246.087493896484375 250.65625 253.9562530517578125 260.318756103515625 267.34375 272.91876220703125 278.48748779296875 283.943756103515625 289.412506103515625 295.756256103515625 302.75 313.58123779296875 320.712493896484375 328.70623779296875 337.9375 345.100006103515625 352.57501220703125 360.13751220703125 365.912506103515625 368.993743896484375 370.3125 371.431243896484375 370.61248779296875 368.287506103515625 368.14373779296875
224.6687469482421875 227.368743896484375 232.5875091552734375 239.350006103515625 243.7624969482421875 243.881256103515625 244.0625 247.162506103515625 252.056243896484375 254.975006103515625 250.3937530517578125 243.9187469482421875 240.8125 240.774993896484375 241.318756103515625 244.7375030517578125 248.9875030517578125 254.7062530517578125 257.431243896484375 259.86248779296875 266.943756103515625 271.149993896484375 275.881256103515625 283.20001220703125 290.181243896484375 296.225006103515625 298.868743896484375 302.631256103515625 309.53125 313.48748779296875 321.78125 330.25 339.95001220703125 349.243743896484375 358.600006103515625 366.61248779296875 374.087493896484375 381.26251220703125 387.98126220703125 390.11248779296875 392.375 390.61248779296875 387.9375 385.57501220703125 383.1875
237.7687530517578125 241.431243896484375 248.2125091552734375 252.225006103515625 253.399993896484375 254.2125091552734375 254.8249969482421875 257.399993896484375 263.431243896484375 268.649993896484375 261.993743896484375 255.475006103515625 254.1437530517578125 253.75 255.4875030517578125 259.181243896484375 264.11248779296875 269.98748779296875 274.38751220703125 277.01251220703125 283.818756103515625 289.85626220703125 295.725006103515625 302.20623779296875 308.943756103515625 315.993743896484375 318.15625 319.90625 323.75 329.34375 336.618743896484375 345.92498779296875 354.04376220703125 367.100006103515625 379.162506103515625 386.70001220703125 396.631256103515625 404.46875 411.462493896484375 415.493743896484375 415.13751220703125 413.125 409.725006103515625 405.975006103515625 401.76251220703125
249.5187530517578125 252.8562469482421875 258.45001220703125 260.01873779296875 258.681243896484375 258.1875 258.0625 257.64373779296875 258.649993896484375 259.743743896484375 260.29376220703125 259.51251220703125 261 262.881256103515625 266.15625 270.443756103515625 275.875 281.243743896484375 285.943756103515625 292.29998779296875 299.21875 307.40625 313.95623779296875 320.75 327.9375 333.89373779296875 335.618743896484375 335.975006103515625 336.66876220703125 340.85626220703125 351.23126220703125 360.350006103515625 369.337493896484375 380.76873779296875 394.28125 404.46875 413.98748779296875 423.125 434.556243896484375 436.899993896484375 432.618743896484375 430.66876220703125 426.83123779296875 422.818756103515625 420.54998779296875
257.79998779296875 260.456268310546875 263.556243896484375 264.8125 264.381256103515625 262.881256103515625 258.631256103515625 251.9375 246.318756103515625 247.350006103515625 254.46875 260.09375 266.08123779296875 271.03125 275.368743896484375 280.51251220703125 284.6875 289.524993896484375 295.556243896484375 303.38751220703125 313.050018310546875 322.975006103515625 331.63751220703125 338.21875 347.243743896484375 351.64373779296875 350.84375 349.78125 348.01873779296875 351.881256103515625 360.318756103515625 372.85626220703125 381.5 393.35626220703125 407.13751220703125 417.57501220703125 428.04376220703125 437.54376220703125 447.8125 449.46875 446.36248779296875 444.01251220703125 440.118743896484375 435.58123779296875 431.57501220703125
264.59375 266.42498779296875 269.51251220703125 270.76251220703125 269.537506103515625 267.07501220703125 261.568756103515625 252.5124969482421875 240.943756103515625 238.7375030517578125 250.46875 260.16876220703125 269.33123779296875 274.712493896484375 280.399993896484375 286.53125 291.17498779296875 296.32501220703125 304.225006103515625 312.46875 320.618743896484375 333.181243896484375 343.274993896484375 355.774993896484375 365.08123779296875 368.10626220703125 363.375 359.087493896484375 357.76873779296875 359.36248779296875 367.08123779296875 378.48748779296875 387.29376220703125 398.25 410.48126220703125 422.443756103515625 435.618743896484375 445.381256103515625 455.306243896484375 457.15625 454.975006103515625 452.38751220703125 449.23748779296875 444.40625 436.63751220703125
271.29998779296875 272.318756103515625 274.537506103515625 275.524993896484375 275.037506103515625 272.78125 268.225006103515625 260.475006103515625 252.2937469482421875 250.84375 257.912506103515625 264.5 273.13751220703125 279.42498779296875 285.33123779296875 292.04376220703125 298.006256103515625 303.36248779296875 310.58123779296875 318.78125 327.90625 342.024993896484375 356.818756103515625 373.53125 381.04998779296875 383.3125 377.225006103515625 370.5 365.79376220703125 364.618743896484375 369.53125 381.40625 391.587493896484375 403.71875 415.5625 426.98126220703125 439.537506103515625 451 461.587493896484375 465.79998779296875 465.54998779296875 463.73126220703125 457.54376220703125 447.16876220703125 439.681243896484375
277.61248779296875 278.368743896484375 279.51251220703125 280.6875 281.306243896484375 280.51251220703125 277.29998779296875 270.725006103515625 265.92498779296875 265.681243896484375 269.149993896484375 274.162506103515625 279.90625 286.368743896484375 292.350006103515625 298.375 304.14373779296875 309.64373779296875 315.40625 323.243743896484375 335.39373779296875 351.149993896484375 370.806243896484375 386.337493896484375 399.04998779296875 397.53125 389.29376220703125 383.45001220703125 376.149993896484375 371.368743896484375 375.625 384.59375 393.912506103515625 405.76873779296875 418.193756103515625 428.96875 440.918731689453125 452.818756103515625 464.193756103515625 471.65625 472.83123779296875 468.98126220703125 460.14373779296875 448.10626220703125 439.07501220703125
282.1875 283.04998779296875 284.274993896484375 286.29376220703125 286.524993896484375 287.65625 286.88751220703125 282.600006103515625 279.556243896484375 278.86248779296875 280.79376220703125 284.28125 288.337493896484375 293.86248779296875 301.712493896484375 307.54376220703125 310.818756103515625 314.89373779296875 320.13751220703125 326.75 337.01251220703125 354.631256103515625 378.42498779296875 400.95001220703125 411.23126220703125 402.493743896484375 392.48126220703125 386.33123779296875 382.5625 381.256256103515625 380.806243896484375 385.76873779296875 393.15625 403.1875 413.73748779296875 426.5625 439.70001220703125 451.806243896484375 462.45001220703125 472.0625 475.17498779296875 468.95623779296875 454.993743896484375 435.149993896484375 420.4375
286.412506103515625 286.943756103515625 288.76251220703125 290.149993896484375 291.443756103515625 294.01873779296875 294.087493896484375 292.39373779296875 290.287506103515625 290.962493896484375 293.837493896484375 296.649993896484375 300.962493896484375 303.89373779296875 310.5 315.58123779296875 317.82501220703125 321.89373779296875 327.306243896484375 331.66876220703125 338.337493896484375 355.58123779296875 378.881256103515625 397.91876220703125 400.01873779296875 394.07501220703125 392.54376220703125 390.475006103515625 389.17498779296875 388.70001220703125 387.75 387.6875 391.681243896484375 399.71875 408.95001220703125 420.162506103515625 433.54998779296875 446.375 459.243743896484375 471.45001220703125 477.67498779296875 468.57501220703125 443.931243896484375 419.4375 400.17498779296875
289.125 290.193756103515625 292.01251220703125 293.649993896484375 296.01873779296875 297.75 299.89373779296875 301.41876220703125 302.32501220703125 303.618743896484375 306.024993896484375 309.23748779296875 312.631256103515625 316.912506103515625 319.13751220703125 323.78125 325.45001220703125 328.431243896484375 332.787506103515625 337.912506103515625 347.306243896484375 361.587493896484375 378.75 390.20623779296875 392.76251220703125 392.725006103515625 393.287506103515625 393.024993896484375 392.756256103515625 392.462493896484375 392.631256103515625 391.131256103515625 390.51873779296875 394 401.23748779296875 413.462493896484375 428.28125 440.79998779296875 452.96875 464 469.399993896484375 453.087493896484375 431.36248779296875 411.98748779296875 395.181243896484375
290.51251220703125 290.70623779296875 293.149993896484375 296.806243896484375 300.20001220703125 302.70623779296875 306.82501220703125 310.48748779296875 312.125 314.162506103515625 317.70001220703125 321.11248779296875 324.693756103515625 328.462493896484375 328.243743896484375 331.524993896484375 332.568756103515625 336.431243896484375 339.662506103515625 344.21875 354.462493896484375 366.693756103515625 379.537506103515625 388.212493896484375 393.399993896484375 397.837493896484375 398.693756103515625 398.649993896484375 399.51251220703125 399.537506103515625 395.88751220703125 391.993743896484375 390.868743896484375 388.225006103515625 390.837493896484375 405.462493896484375 422.712493896484375 435.818756103515625 443.149993896484375 446.350006103515625 442.274993896484375 432.943756103515625 422.899993896484375 407.493743896484375 393.79998779296875
289.462493896484375 290.40625 294.1875 298.725006103515625 303.39373779296875 308.71875 313.26873779296875 317.45001220703125 321.868743896484375 325.90625 329.024993896484375 333.67498779296875 337.818756103515625 340.962493896484375 340.693756103515625 340.368743896484375 340.149993896484375 343.850006103515625 346.537506103515625 351.368743896484375 360.28125 370.39373779296875 381.13751220703125 388.375 393.95001220703125 400.318756103515625 402.57501220703125 404.46875 407.6875 407.125 404.162506103515625 398.256256103515625 392.78125 389.068756103515625 388.875 410.17498779296875 424.98748779296875 429.01251220703125 430.006256103515625 429.712493896484375 424.899993896484375 419.493743896484375 412.46875 401.26873779296875 389.46875
288.82501220703125 290.90625 294.58123779296875 300.493743896484375 306.91876220703125 313.21875 320.368743896484375 325.98748779296875 331.1875 336.368743896484375 339.95623779296875 345.92498779296875 351.1875 353.33123779296875 354.100006103515625 351.61248779296875 347.274993896484375 348.587493896484375 352.337493896484375 356.375 364.399993896484375 373.868743896484375 383.98126220703125 390.48126220703125 396.83123779296875 401.29998779296875 404.762481689453125 409 412.1875 413.743743896484375 411.73748779296875 405.95001220703125 401.162506103515625 401.90625 416.25 432.818756103515625 435.66876220703125 429.71875 422.95001220703125 417.5 414.76251220703125 410.29376220703125 402.274993896484375 392.91876220703125 384.29998779296875
286.86248779296875 289.943756103515625 295.90625 303.70001220703125 311.45001220703125 318.76873779296875 326.3125 333.787506103515625 340.287506103515625 345.975006103515625 350.98748779296875 358.84375 363.181243896484375 366.54376220703125 366.17498779296875 361.82501220703125 356.78125 350.53125 356.88751220703125 360.381256103515625 368.90625 376.506256103515625 383.743743896484375 389.23748779296875 395.01251220703125 402.23126220703125 404.48126220703125 410.681243896484375 416.837493896484375 418.6875 415.1875 403.13751220703125 400.8125 408.51251220703125 430.118743896484375 457.42498779296875 445.818756103515625 428.881256103515625 416.774993896484375 411.1875 404.818756103515625 399.90625 393.60626220703125 385.243743896484375 377.04376220703125
284.13751220703125 288.412506103515625 295.462493896484375 304.76873779296875 314.912506103515625 324.66876220703125 333.85626220703125 342.53125 349.25 355.556243896484375 361.212493896484375 366.774993896484375 373.86248779296875 378.975006103515625 375.975006103515625 369.774993896484375 362.774993896484375 355.38751220703125 355.59375 359.587493896484375 369.26251220703125 377.66876220703125 378.23748779296875 384.01251220703125 391.14373779296875 399.65625 404.42498779296875 409.21875 416.662506103515625 420.743743896484375 419.01251220703125 402.537506103515625 393.475006103515625 391.193756103515625 404.36248779296875 426.975006103515625 423.88751220703125 414.912506103515625 409.056243896484375 402.649993896484375 397.32501220703125 391.3125 385.92498779296875 379.25 371.59375
278.67498779296875 285.149993896484375 293.649993896484375 304.61248779296875 316.899993896484375 329.431243896484375 340.743743896484375 350.98748779296875 358.431243896484375 364.28125 369.48126220703125 374.625 382.96875 390.368743896484375 383.600006103515625 371.58123779296875 360.225006103515625 357.88751220703125 355.868743896484375 358.056243896484375 362.962493896484375 366.98748779296875 372 376.662506103515625 383.600006103515625 391.256256103515625 397.318756103515625 404.58123779296875 409.88751220703125 410.600006103515625 405.4375 392.850006103515625 375.35626220703125 359.33123779296875 352.212493896484375 369.29376220703125 389.1875 396.162506103515625 397.8125 395.868743896484375 390.79998779296875 384.95623779296875 380.743743896484375 375.40625 369.068756103515625
