data/historical-monthly-weather-data/wc2.1_cruts4.09_10m_prec_1961-07.asc
ncols        51
nrows        45
xllcorner    -63.500000000000
yllcorner    -7.500000000000
cellsize     0.166666666667
NODATA_value -9999
[rows 0 to 18 of 45, columns 0 to 42 of 51]
391.462493896484375 384.375 374.32501220703125 371.337493896484375 362.57501220703125 352.556243896484375 342.08123779296875 328.59375 321.33123779296875 316.587493896484375 306.125 295.26873779296875 283.024993896484375 275.274993896484375 269.131256103515625 260.11248779296875 251.037506103515625 238.6437530517578125 228.8312530517578125 222.5500030517578125 218.193756103515625 208.5437469482421875 200.725006103515625 194.2375030517578125 190.21875 183.2687530517578125 181.149993896484375 179.837493896484375 176.2375030517578125 175.0500030517578125 166.712493896484375 162.7937469482421875 164.118743896484375 162.1062469482421875 159.8562469482421875 156.5437469482421875 150.3562469482421875 152.1750030517578125 147.1374969482421875 143.3562469482421875 144.8375091552734375 147.0187530517578125 144.5749969482421875
373.03125 366.73126220703125 359.07501220703125 359.131256103515625 356.07501220703125 347.26873779296875 336.381256103515625 325.59375 318.131256103515625 309.20001220703125 297.70623779296875 284.48748779296875 271.837493896484375 261.149993896484375 251.03125 241.725006103515625 231.4375 220.5812530517578125 212.4375 205.1687469482421875 195.3562469482421875 189.9562530517578125 184.21875 181.931243896484375 173.975006103515625 168.743743896484375 168.0500030517578125 168.1687469482421875 164.118743896484375 159.7062530517578125 155.6125030517578125 156.306243896484375 156.556243896484375 157.868743896484375 156.649993896484375 151.087493896484375 145.46875 144.881256103515625 139.537506103515625 137.5812530517578125 140.412506103515625 139.7687530517578125 138.587493896484375
329.475006103515625 332.631256103515625 334.056243896484375 332.11248779296875 327.45001220703125 317.79376220703125 310.54376220703125 306.762481689453125 301.21875 292.306243896484375 281.08123779296875 265.993743896484375 256.087493896484375 241.3312530517578125 230.0500030517578125 219.6062469482421875 210.4812469482421875 200.125 191.0625 185.412506103515625 176.1999969482421875 171.475006103515625 167.0500030517578125 163.5437469482421875 157.75 150.75 154.7312469482421875 154.5 152.431243896484375 149.837493896484375 146.5500030517578125 142.2624969482421875 143.75 147.662506103515625 142.3125 136.431243896484375 134.75 136.15625 130.65625 129.34375 131.1437530517578125 131.5500030517578125 129.212493896484375
290.70623779296875 289.600006103515625 297.431243896484375 303.462493896484375 298.837493896484375 288.36248779296875 281.16876220703125 282.60626220703125 282.04376220703125 275.84375 260.399993896484375 245.96875 234.65625 225.25 211.84375 199.1687469482421875 188.46875 179.6999969482421875 173.4875030517578125 171.8125 163.9812469482421875 154.756256103515625 149.4875030517578125 147.287506103515625 142.8562469482421875 137.506256103515625 138.850006103515625 136.5 137.7687530517578125 139.75 137.40625 133.0437469482421875 130.743743896484375 129.5124969482421875 126.3125 127.91249847412109375 128.6999969482421875 125.0437469482421875 121.875 119.94374847412109375 123.36875152587890625 125.61875152587890625 123.6687469482421875
283.98748779296875 271.92498779296875 260.493743896484375 267.068756103515625 273.33123779296875 263.29998779296875 260.1875 261.306243896484375 259.48748779296875 252.2624969482421875 244.25 229.15625 218.09375 207.59375 194.2312469482421875 182.350006103515625 171.1750030517578125 164.21875 155.368743896484375 152.412506103515625 147.350006103515625 138.4875030517578125 132.131256103515625 133.3000030517578125 128.4250030517578125 123.0124969482421875 122.8312530517578125 125.6125030517578125 126.625 125.27500152587890625 124.8312530517578125 123.28749847412109375 123.4250030517578125 121.47499847412109375 118.6875 116.1750030517578125 116.90000152587890625 116.4499969482421875 112.8000030517578125 112.5124969482421875 114.875 114.1750030517578125 115.28749847412109375
260.881256103515625 257.84375 250.5812530517578125 230.4812469482421875 240.4250030517578125 248.2312469482421875 244.46875 242.100006103515625 242.65625 234.975006103515625 224.9562530517578125 212.6875 203.21875 188.96875 179.6374969482421875 168.9562530517578125 156.4562530517578125 146.881256103515625 140.868743896484375 138.649993896484375 133.21875 126.5187530517578125 122.2062530517578125 118.6437530517578125 116.34999847412109375 112.6999969482421875 112.91249847412109375 115.0124969482421875 115.18125152587890625 114.13124847412109375 113.63124847412109375 114.96250152587890625 113.3249969482421875 113.34375 109.5625 108.56874847412109375 104.8249969482421875 104.7312469482421875 105.22499847412109375 107.02500152587890625 105.2375030517578125 106.46875 106.0437469482421875
242.568756103515625 241.350006103515625 236.6750030517578125 229.0625 222.9499969482421875 215.506256103515625 218.8249969482421875 221.3000030517578125 217.600006103515625 213.225006103515625 206.9375 192.6437530517578125 186.4375 175.493743896484375 164.212493896484375 156.0124969482421875 147.006256103515625 134.618743896484375 125.0124969482421875 125.03125 119.65000152587890625 113.27500152587890625 108.16249847412109375 107.1687469482421875 104.74375152587890625 103.49375152587890625 106.21875 105.2624969482421875 104.1750030517578125 106.1062469482421875 104.9187469482421875 102.72499847412109375 101.02500152587890625 102.33750152587890625 101.72499847412109375 99.34375 95.75 94.4499969482421875 96.125 98.8000030517578125 96.94374847412109375 95.9499969482421875 96.7312469482421875
229.118743896484375 224.912506103515625 223.368743896484375 221.0749969482421875 219.225006103515625 219.181243896484375 208.806243896484375 193.118743896484375 186.350006103515625 183.837493896484375 180.350006103515625 173.7624969482421875 167.912506103515625 158.3000030517578125 150.875 143.28125 133.975006103515625 123.27500152587890625 114.625 108.7375030517578125 107.5749969482421875 103.8937530517578125 98.4187469482421875 97.24375152587890625 96.75624847412109375 93.1875 95.44374847412109375 94.02500152587890625 95.72499847412109375 94.9499969482421875 96.6999969482421875 94.84375 93.8937530517578125 92.5 90.59375 87.19374847412109375 84.58750152587890625 83.78125 83.47499847412109375 83.74375152587890625 83.46250152587890625 84.27500152587890625 84.61875152587890625
217.524993896484375 214.9250030517578125 211.881256103515625 213.0500030517578125 213.975006103515625 209.306243896484375 201.912506103515625 192.8000030517578125 180.337493896484375 167.6750030517578125 161.4250030517578125 153.412506103515625 153.725006103515625 145.3125 138.087493896484375 130.6374969482421875 124.2375030517578125 117.55625152587890625 113.16249847412109375 102.9375 97.44374847412109375 96.6687469482421875 91.8625030517578125 92.125 91.09375 85.7687530517578125 85.6437530517578125 88.8625030517578125 91.03749847412109375 89.68125152587890625 91.8874969482421875 88.0625 83.34375 80.4499969482421875 79.3312530517578125 79.78749847412109375 79.38124847412109375 79.46250152587890625 77.75624847412109375 76.1875 75.1875 75.1750030517578125 75.9499969482421875
203.7624969482421875 203.443756103515625 203.1125030517578125 204.5 205.368743896484375 203.9875030517578125 196.774993896484375 188.5437469482421875 178.774993896484375 169.912506103515625 157.8874969482421875 144.4187469482421875 141.5812530517578125 135.7437591552734375 129.350006103515625 123.5 115.21875 112.19374847412109375 108.5749969482421875 102.0124969482421875 95.94374847412109375 89.3312530517578125 83.375 83.7312469482421875 82.0749969482421875 80.46875 80.2937469482421875 82.4875030517578125 83.22499847412109375 82.6999969482421875 83.375 79.9250030517578125 77.0625 73.84375 71.46250152587890625 72.40000152587890625 72.72499847412109375 73.03125 71.84999847412109375 72.24375152587890625 72.6062469482421875 71.3625030517578125 69.13124847412109375
194.631256103515625 195.34375 194.1999969482421875 196.8562469482421875 196.993743896484375 195.9875030517578125 190.6750030517578125 179.0437469482421875 166.462493896484375 158.3000030517578125 150.899993896484375 140.875 129.850006103515625 125.97499847412109375 117.6875 111.6374969482421875 107.21875 104.61875152587890625 101.34999847412109375 99.5625 96.4375 88.625 79.3562469482421875 73.4250030517578125 75.63124847412109375 78.4250030517578125 78.77500152587890625 79.0625 76.8937530517578125 76.3125 75.875 74.8625030517578125 72.59999847412109375 68.7062530517578125 67.1437530517578125 66.9187469482421875 67.1687469482421875 65.7312469482421875 67.8625030517578125 67.4499969482421875 66.1125030517578125 64.46250152587890625 64.0749969482421875
186.6062469482421875 185.5812530517578125 185.274993896484375 188.40625 189.931243896484375 189.068756103515625 185.625 174.9812469482421875 160.46875 147.9875030517578125 139.46875 133.493743896484375 120.74375152587890625 114.3000030517578125 110.88124847412109375 103.31874847412109375 99.1750030517578125 96.8562469482421875 94.53125 94.49375152587890625 94.6437530517578125 88.41249847412109375 81.9250030517578125 74.65000152587890625 72.24375152587890625 69.18125152587890625 69.75 71.68125152587890625 71.25624847412109375 70.2687530517578125 68.0187530517578125 67.18125152587890625 66.03125 63.981250762939453125 63.456249237060546875 64.15625 63.41249847412109375 64.0500030517578125 62.3125 62.15000152587890625 60.55625152587890625 60.331249237060546875 57.27500152587890625
173.443756103515625 175.4187469482421875 177.100006103515625 177.625 177.256256103515625 176.8312530517578125 171.662506103515625 160.7312469482421875 148.243743896484375 139.9375 133.1374969482421875 124.5187530517578125 117.2312469482421875 103.5625 97.13124847412109375 94.78749847412109375 91.08750152587890625 90.0187530517578125 88.375 86.93125152587890625 85.5500030517578125 80.4875030517578125 76.2937469482421875 71.15625 65.53125 62.887500762939453125 64.03749847412109375 66.09375 66.15625 64.58750152587890625 62.38124847412109375 59.8125 60.02500152587890625 58.825000762939453125 58.1875 59.375 60.96250152587890625 62.987499237060546875 64.0625 61.11875152587890625 57.30625152587890625 55.55625152587890625 50.78749847412109375
162.5500030517578125 164.037506103515625 165.8937530517578125 165.462493896484375 163.9375 161.056243896484375 155.568756103515625 146.8562469482421875 140.0500030517578125 130.3562469482421875 123.3937530517578125 116.125 106.58750152587890625 96.38124847412109375 84.78125 84.46875 80.625 80.5812530517578125 78.44374847412109375 77.7937469482421875 75.8125 72.8874969482421875 69.55625152587890625 66.31874847412109375 61.65625 58.59375 58.518749237060546875 58.450000762939453125 58.31874847412109375 57.200000762939453125 57.65625 56.293750762939453125 54.612499237060546875 53.56874847412109375 53.356250762939453125 56.481250762939453125 60.375 64.3937530517578125 66.78749847412109375 63.375 54.512500762939453125 49.5 49.231250762939453125
154.2062530517578125 153.625 153.5500030517578125 153.9562530517578125 150.818756103515625 146.53125 144.5437469482421875 136.46875 128.6062469482421875 119.94374847412109375 113.1125030517578125 104.96250152587890625 97.38124847412109375 89.43125152587890625 75.93125152587890625 72.96250152587890625 70.3000030517578125 69.8874969482421875 68.76250457763671875 68.875 68.7062530517578125 66.18125152587890625 63.643749237060546875 62.75624847412109375 60.65625 58.59999847412109375 58.05625152587890625 56.793750762939453125 56.83750152587890625 56.362499237060546875 54.09375 53.487499237060546875 53.9375 51.9375 49.21875 51.456249237060546875 58.28749847412109375 65.53749847412109375 68.4187469482421875 64.34375 58.77500152587890625 55.293750762939453125 58.22499847412109375
142.743743896484375 142.631256103515625 143.0625 141.4875030517578125 139.3312530517578125 137.787506103515625 131.462493896484375 124.5187530517578125 117.8937530517578125 112.03749847412109375 104.31874847412109375 96.91249847412109375 89.9812469482421875 82.4250030517578125 71.72499847412109375 59.99375152587890625 59.40625 60.44374847412109375 59.36875152587890625 60.11875152587890625 59.825000762939453125 59.5 58.68125152587890625 61.043750762939453125 60.4375 58.40000152587890625 56.424999237060546875 53.75 53.799999237060546875 53.68125152587890625 54.88124847412109375 52.15625 49.72499847412109375 47.19374847412109375 45.30625152587890625 51.75 57.34999847412109375 63.462497711181640625 67.8562469482421875 68.71250152587890625 66.25 63.543750762939453125 61.887500762939453125
132.024993896484375 132.2687530517578125 133.212493896484375 132.9562530517578125 131.75 126.6062469482421875 122.3625030517578125 116.09999847412109375 110.1062469482421875 104.6062469482421875 97.9499969482421875 89.6875 81.8249969482421875 75.8562469482421875 70.43125152587890625 61.612499237060546875 53.237499237060546875 51.456249237060546875 53.41249847412109375 53.84375 53.5625 53.981250762939453125 55.450000762939453125 59.46250152587890625 61.081249237060546875 55.606250762939453125 51.481250762939453125 49.18125152587890625 50.24375152587890625 51.768749237060546875 53.331249237060546875 54.049999237060546875 51.237499237060546875 48.97499847412109375 51.981250762939453125 55.5625 62.331249237060546875 70.86875152587890625 76.7937469482421875 71.49375152587890625 67.1750030517578125 63.36875152587890625 59.049999237060546875
121.40000152587890625 123.6374969482421875 123.19374847412109375 124.0625 122.65000152587890625 116.31874847412109375 111.2624969482421875 106.4375 101.0437469482421875 93.5124969482421875 87.90625 82.68125152587890625 75.83750152587890625 70.31874847412109375 66.68125152587890625 61.38124847412109375 54.043750762939453125 45.9375 48.59999847412109375 48.581249237060546875 48.512500762939453125 48.99375152587890625 52.47499847412109375 55.856250762939453125 56.862499237060546875 51.6875 47.418750762939453125 46.268749237060546875 47.774997711181640625 48.33750152587890625 47.5 47.75624847412109375 53.71875 55.106250762939453125 53.825000762939453125 59.762500762939453125 67.97499847412109375 73.20624542236328125 75.9375 72.19374847412109375 64.28125 60.293750762939453125 56.168750762939453125
111.59999847412109375 113.93125152587890625 112.38124847412109375 112.1437530517578125 112.1687469482421875 107.4375 101.1687469482421875 97.4562530517578125 93.3312530517578125 86.96875 81.63124847412109375 74.91249847412109375 69.59999847412109375 65.84999847412109375 60.4375 57.18125152587890625 52.543750762939453125 46.5 42.331249237060546875 41.56874847412109375 43.918750762939453125 48.21875 43.762500762939453125 47.77500152587890625 49.362499237060546875 48.58750152587890625 46.27500152587890625 44.331249237060546875 45.887500762939453125 47.25624847412109375 47.706249237060546875 49.206249237060546875 53.143749237060546875 53.09375 53.46875 58.13124847412109375 62.168750762939453125 65.26250457763671875 68.13124847412109375 63.96875 59.799999237060546875 55.18125152587890625 52.27500152587890625
