data/historical-monthly-weather-data/wc2.1_cruts4.09_10m_prec_2003-11.asc
ncols        51
nrows        45
xllcorner    -63.500000000000
yllcorner    -7.500000000000
cellsize     0.166666666667
NODATA_value -9999
[rows 19 to 37 of 45, columns 0 to 43 of 51]
121.9187469482421875 125.1999969482421875 127.6062469482421875 130.3625030517578125 132.9875030517578125 135.1687469482421875 136.5749969482421875 137.256256103515625 137.9875030517578125 138.03125 136.306243896484375 130.693756103515625 123.7937469482421875 116.90625 111.91249847412109375 107.69374847412109375 103.84375 104.0812530517578125 105.4875030517578125 108.27500152587890625 110.94374847412109375 111.21250152587890625 111.02500152587890625 111.7312469482421875 112.58750152587890625 112.25 111.09999847412109375 108.5 101.81874847412109375 94.0749969482421875 89.69374847412109375 92.8125 97.31874847412109375 102.34375 106.5 109.5625 112.94374847412109375 116.5812530517578125 119.4875030517578125 121.88124847412109375 123.8249969482421875 125.40625 124.41249847412109375 123.94374847412109375
117.6687469482421875 121.9187469482421875 125.25624847412109375 128.381256103515625 130.962493896484375 133.693756103515625 136.256256103515625 138.0437469482421875 139.806243896484375 140.3125 139.431243896484375 135.118743896484375 129.443756103515625 122.4187469482421875 116.94374847412109375 111.41249847412109375 106.7687530517578125 105.2062530517578125 106.34375 107.25 109.8562469482421875 111.2937469482421875 111.43125152587890625 112.69374847412109375 114.03749847412109375 114.0749969482421875 112.80625152587890625 108.9812469482421875 104.1374969482421875 101.30625152587890625 99.63124847412109375 101.7312469482421875 104.8874969482421875 108.9875030517578125 113.13124847412109375 117.16249847412109375 119.8625030517578125 122.7375030517578125 124.8625030517578125 127.02500152587890625 128.15625 128.9562530517578125 128.59375 127.5625
114.2624969482421875 117.97499847412109375 121.9187469482421875 125.58750152587890625 129.024993896484375 132.131256103515625 135.5625 138.1687469482421875 141.3874969482421875 143.131256103515625 143.2062530517578125 140.774993896484375 136.4812469482421875 129.9375 123.40625 116.9812469482421875 112.21875 109.34999847412109375 108.36875152587890625 108.40000152587890625 108.7937469482421875 109.52500152587890625 110.46875 111.8625030517578125 113.00624847412109375 113.59999847412109375 114.1374969482421875 112.03749847412109375 109.84999847412109375 108.83750152587890625 107.59375 109.3625030517578125 112.03749847412109375 116.7312469482421875 121.69374847412109375 125.4812469482421875 128.131256103515625 130.381256103515625 131.125 132.6437530517578125 133.0875091552734375 133.2312469482421875 132.8125 132.306243896484375
111.0625 115.6062469482421875 119.53125 123.4499969482421875 127.3625030517578125 130.5812530517578125 133.787506103515625 137.8125 142.3312530517578125 144.8874969482421875 146.662506103515625 145.962493896484375 145.3125 139.899993896484375 130.806243896484375 122.58750152587890625 116.5749969482421875 112.99375152587890625 110.5187530517578125 109.06874847412109375 108.875 108.8625030517578125 109.10625457763671875 110.59999847412109375 112.71250152587890625 114.3125 115.2312469482421875 115.34999847412109375 114.30625152587890625 114.27500152587890625 114.8562469482421875 116.9375 120.43125152587890625 125.21875 129.837493896484375 133.9499969482421875 136.6750030517578125 137.399993896484375 137.28125 137.9499969482421875 138.4562530517578125 137.899993896484375 137.1125030517578125 136.3062591552734375
108.09999847412109375 112.40625 116.53749847412109375 120.21250152587890625 124.49375152587890625 128.4875030517578125 132.2375030517578125 136.743743896484375 141.0187530517578125 144.3874969482421875 147.1687469482421875 150.15625 152.4250030517578125 147.09375 136.59375 127.5812530517578125 120.7937469482421875 116.6062469482421875 113.0749969482421875 110.2375030517578125 109.49375152587890625 108.9375 108.3874969482421875 110.0437469482421875 112.5 114.3874969482421875 117.6374969482421875 117.7937469482421875 118.63124847412109375 119.78125 122.2312469482421875 125.3562469482421875 128.6750030517578125 132.8000030517578125 137.4875030517578125 142.4562530517578125 145.1687469482421875 144.3625030517578125 143.881256103515625 143.8562469482421875 143.662506103515625 142.850006103515625 141.90625 140.84375
106.7937469482421875 110.0437469482421875 114.0812530517578125 117.9875030517578125 122.8562469482421875 126.375 129.837493896484375 133.96875 138.568756103515625 142.3125 145.9812469482421875 148.368743896484375 150.350006103515625 147.3874969482421875 138.931243896484375 130.53125 123.71250152587890625 118.7687530517578125 114.86875152587890625 111.4875030517578125 109.96250152587890625 108.3125 107.875 109.4250030517578125 111.68125152587890625 115.13124847412109375 118.6125030517578125 120.83750152587890625 122.43125152587890625 125.61875152587890625 128.7375030517578125 132.59375 135.693756103515625 139.318756103515625 142.90625 146.6125030517578125 149.28125 148.743743896484375 148.649993896484375 149.0625 148.5 147.53125 147.3000030517578125 147.15625
107.4187469482421875 110.2312469482421875 112.5437469482421875 116.6437530517578125 120.5500030517578125 123.59999847412109375 126.5500030517578125 130.2312469482421875 134.5625 138.524993896484375 142.09375 145 146.5 145.181243896484375 138.9499969482421875 132.037506103515625 126.03749847412109375 121.08750152587890625 116.90000152587890625 113.30625152587890625 111.11875152587890625 109.00624847412109375 107.53125 108.38124847412109375 111.4562530517578125 115.84999847412109375 120.5625 124.21875 127.28125 131.399993896484375 135.0812530517578125 139.243743896484375 142.1125030517578125 144.21875 146.931243896484375 149.662506103515625 151.5749969482421875 152.1750030517578125 153.350006103515625 153.899993896484375 153.881256103515625 152.8562469482421875 151.2937469482421875 151.9437408447265625
110.16249847412109375 111.3625030517578125 112.9562530517578125 115.4562530517578125 117.9250030517578125 120.3249969482421875 123.7937469482421875 126.96250152587890625 130.287506103515625 134.3249969482421875 138.7312469482421875 142.2687530517578125 144.5 144.6687469482421875 139.7687530517578125 133.3937530517578125 128.118743896484375 123.6999969482421875 119.7375030517578125 115.7687530517578125 113.2687530517578125 110.8312530517578125 108.81874847412109375 109.84999847412109375 113.88124847412109375 118.47499847412109375 123.4812469482421875 127.9187469482421875 132.318756103515625 136.1125030517578125 140.5812530517578125 144.84375 147.6437530517578125 149.3312530517578125 150.493743896484375 152.6750030517578125 154.28125 154.7624969482421875 156.9812469482421875 158.381256103515625 158.90625 157.4499969482421875 155.743743896484375 155.243743896484375
113.2687530517578125 112.86875152587890625 113.2312469482421875 114.0500030517578125 115.41249847412109375 117.16249847412109375 120.09375 123.34999847412109375 127.03125 131.0625 134.850006103515625 139.1374969482421875 142.337493896484375 143.6999969482421875 140.125 134.8312530517578125 129.875 126.2687530517578125 122.46875 118.8312530517578125 116.66249847412109375 114.08750152587890625 113.16249847412109375 115.0437469482421875 118.50624847412109375 122.4562530517578125 127.2375030517578125 132.3000030517578125 136.912506103515625 140.8125 144.662506103515625 148.931243896484375 151.3312530517578125 152.056243896484375 153.5187530517578125 155.318756103515625 156.662506103515625 158.068756103515625 159.743743896484375 163.0437469482421875 165.3562469482421875 164.0187530517578125 159.25 157.693756103515625
116.4812469482421875 114.4562530517578125 112.8937530517578125 112.40625 112.63124847412109375 113.94374847412109375 116.41249847412109375 119.4562530517578125 123.8249969482421875 127.78125 131.78125 136.34375 140.725006103515625 143.03125 140.225006103515625 136.6062469482421875 133.0124969482421875 129.1999969482421875 125.6875 122.4499969482421875 120.7687530517578125 118.6999969482421875 118.30625152587890625 120.91249847412109375 124.03125 127.4250030517578125 132.506256103515625 137.125 141.993743896484375 145.1062469482421875 148.75 152.3000030517578125 153.568756103515625 154.15625 155.818756103515625 157.443756103515625 158.9375 160.0187530517578125 161.899993896484375 164.5437469482421875 168.3249969482421875 166.181243896484375 162.8000030517578125 164.181243896484375
120.44374847412109375 116.8312530517578125 114.0500030517578125 111.40625 110.9562530517578125 112.2624969482421875 114.5187530517578125 117.4875030517578125 121.78125 125.4562530517578125 129.618743896484375 134.806243896484375 139.850006103515625 143.5625 142.0749969482421875 139.75 136.46875 133.774993896484375 130.306243896484375 127.3249969482421875 125.9875030517578125 125.3562469482421875 125.4187469482421875 127.5124969482421875 130.431243896484375 133.962493896484375 138.6437530517578125 142.78125 146.881256103515625 150.09375 153.056243896484375 155.962493896484375 156.931243896484375 157.9562530517578125 159.225006103515625 159.962493896484375 160.649993896484375 162.412506103515625 162.475006103515625 163.9562530517578125 166.943756103515625 169.8000030517578125 169.9250030517578125 173.2937469482421875
123.77500152587890625 118.88124847412109375 115.125 111.69374847412109375 109.9187469482421875 111.50624847412109375 113.5749969482421875 116.06874847412109375 119.6999969482421875 123.97499847412109375 128.462493896484375 134.118743896484375 140.149993896484375 143.90625 143.9499969482421875 143.131256103515625 141.8312530517578125 139.03125 135.337493896484375 133.7312469482421875 133.212493896484375 133.0187530517578125 133.3625030517578125 135.3000030517578125 137.4812469482421875 140.8937530517578125 144.7624969482421875 148.712493896484375 152.1437530517578125 154.568756103515625 157.193756103515625 159.90625 160.462493896484375 162.09375 162.587493896484375 162.8249969482421875 163.618743896484375 166.03125 164.9562530517578125 161.6437530517578125 165.3562469482421875 172.193756103515625 176.2312469482421875 180.03125
126.7624969482421875 121.15000152587890625 116.77500152587890625 113.3937530517578125 111.5812530517578125 111.6999969482421875 113.25 115.0500030517578125 118.5749969482421875 122.6374969482421875 127.33750152587890625 133.725006103515625 140.037506103515625 145.2062530517578125 147.3000030517578125 148.1062469482421875 148 145.587493896484375 142.9250030517578125 141.787506103515625 141.6687469482421875 141.4250030517578125 141.5812530517578125 143.087493896484375 145.5124969482421875 148.0124969482421875 151.0437469482421875 154.3874969482421875 157.056243896484375 159.4812469482421875 161.662506103515625 163.4562530517578125 164.212493896484375 165.181243896484375 166.6687469482421875 166.993743896484375 167.774993896484375 168.9875030517578125 166.65625 165.350006103515625 171.25 179.881256103515625 186.15625 194.068756103515625
130.006256103515625 124.72499847412109375 120.34375 117.0749969482421875 114.8625030517578125 114.1374969482421875 114.78749847412109375 116 118.93125152587890625 122.74375152587890625 128.3312530517578125 134.71875 142.056243896484375 149.399993896484375 152.5749969482421875 155.0625 155.9812469482421875 155.3874969482421875 153.8000030517578125 152.8874969482421875 152.756256103515625 151.8312530517578125 151.03125 152.03125 153.96875 155.7062530517578125 158.149993896484375 160.65625 163.375 165.1750030517578125 166.8625030517578125 168.2375030517578125 168.8249969482421875 169.600006103515625 171.6999969482421875 172.625 174.28125 175.037506103515625 173.2312469482421875 176.7062530517578125 182.9250030517578125 191.431243896484375 200.46875 212.03125
132.837493896484375 128.149993896484375 123.96250152587890625 120.96875 118.1875 116.94374847412109375 116.33750152587890625 117.0187530517578125 119.59375 122.90000152587890625 128.118743896484375 136.1125030517578125 144.96875 152.806243896484375 157.7375030517578125 162.1125030517578125 165.4812469482421875 165.850006103515625 165.193756103515625 164.868743896484375 164.1875 162.84375 161.537506103515625 161.5749969482421875 162.649993896484375 163.3874969482421875 165.587493896484375 167.25 169.368743896484375 170.6062469482421875 171.868743896484375 173.4937591552734375 174.1750030517578125 175.087493896484375 177.4562530517578125 179.287506103515625 180.4875030517578125 180.524993896484375 182.25 187.818756103515625 193.806243896484375 202.943756103515625 215.1125030517578125 229.443756103515625
136.4499969482421875 132.212493896484375 128.25 124.7687530517578125 121.91249847412109375 119.96875 118.3874969482421875 118.3249969482421875 119.47499847412109375 122.86875152587890625 128.618743896484375 138.131256103515625 148.2312469482421875 158.1437530517578125 165.181243896484375 170.3125 175.568756103515625 176.931243896484375 176.9875030517578125 176.931243896484375 176.28125 174.4187469482421875 172.2375030517578125 170.8187408447265625 170.3312530517578125 170.7562408447265625 171.837493896484375 173.5625 174.84375 175.7375030517578125 177.125 178.3562469482421875 178.9375 180.743743896484375 182.256256103515625 183.3937530517578125 184.6374969482421875 188.600006103515625 191.8625030517578125 196.631256103515625 203.375 211.931243896484375 223.912506103515625 237.6437530517578125
142.2312469482421875 138.056243896484375 134.28125 130.618743896484375 127.59375 125.3874969482421875 123.375 121.625 121.5812530517578125 123.78125 130.256256103515625 140.8312530517578125 153.0437469482421875 164.868743896484375 172.5749969482421875 180.118743896484375 185.5500030517578125 187.8625030517578125 189.1750030517578125 190.399993896484375 189.1374969482421875 185.4375 182.087493896484375 179.962493896484375 178.568756103515625 177.868743896484375 178.6437530517578125 180.125 181.28125 181.006256103515625 182.568756103515625 183.28125 184.3000030517578125 185.90625 186.3312530517578125 187.037506103515625 191.7375030517578125 195.6125030517578125 198.40625 203.8874969482421875 211.087493896484375 218.375 227.9499969482421875 239.725006103515625
148.34375 144.6062469482421875 141.181243896484375 137.806243896484375 134.5250091552734375 132.0500030517578125 129.1875 126.46250152587890625 124.78749847412109375 124.0749969482421875 131.96875 147.2937469482421875 160.46875 171.556243896484375 180.4812469482421875 188.84375 195.4375 198.1125030517578125 200.0187530517578125 201.181243896484375 199.125 194.818756103515625 190.943756103515625 187.9250030517578125 185.6500091552734375 184.8625030517578125 184.506256103515625 186.1875 186.5749969482421875 186.65625 187.40625 189.056243896484375 189.65625 191.2624969482421875 191.6125030517578125 193.5124969482421875 198.0437469482421875 202.537506103515625 206.1437530517578125 209.6750030517578125 215.2687530517578125 221 228.7624969482421875 238.8625030517578125
155.5 151.693756103515625 148.2687530517578125 145.2375030517578125 141.975006103515625 139.46875 136.7687530517578125 133.8625030517578125 131.9187469482421875 129.90625 142.6999969482421875 159.587493896484375 170.3562469482421875 180.1374969482421875 189.1125030517578125 197.7937469482421875 204.975006103515625 207.4250030517578125 208.78125 208.212493896484375 206.431243896484375 202.693756103515625 198.912506103515625 194.712493896484375 192.181243896484375 190.90625 190.1875 191.5187530517578125 192.0749969482421875 192.5749969482421875 191.125 192.118743896484375 193.399993896484375 195.0625 195.9812469482421875 199.212493896484375 204.125 208.1374969482421875 213.0625 217.125 219.431243896484375 224.462493896484375 228.7375030517578125 235
