data/historical-monthly-weather-data/wc2.1_cruts4.09_10m_prec_2005-05.asc
ncols        51
nrows        45
xllcorner    -63.500000000000
yllcorner    -7.500000000000
cellsize     0.166666666667
NODATA_value -9999
[rows 20 to 39 of 45, columns 0 to 43 of 51]
341.649993896484375 359.568756103515625 367.66876220703125 368.712493896484375 369.006256103515625 377.524993896484375 380.381256103515625 377.612518310546875 370.274993896484375 357.83123779296875 347.41876220703125 340.03125 327.14373779296875 313.524993896484375 294.76251220703125 279.368743896484375 259.92498779296875 249.03125 245.5875091552734375 238.03125 240.193756103515625 239.9875030517578125 238.9562530517578125 240.806243896484375 241.3937530517578125 237.0187530517578125 232.912506103515625 235.2125091552734375 237.8562469482421875 239.53125 244.1125030517578125 252.1125030517578125 252.1374969482421875 254.9562530517578125 263.83123779296875 280.13751220703125 295.225006103515625 306.556243896484375 312.03125 313.04376220703125 313.712493896484375 310.91876220703125 313.131256103515625 322.350006103515625
332.193756103515625 338.918731689453125 352.59375 363.34375 364.899993896484375 368.868743896484375 375.337493896484375 377.73126220703125 372.162506103515625 361.375 349.631256103515625 338.10626220703125 324.17498779296875 309.337493896484375 296.90625 279.1875 273.92498779296875 260.29998779296875 254.8125 245.0625 237.3000030517578125 235.8249969482421875 234.96875 233.037506103515625 229 228.975006103515625 234.5812530517578125 236.5812530517578125 245.1374969482421875 248.8249969482421875 249.0124969482421875 249.681243896484375 254.53125 260.975006103515625 264.993743896484375 275.98748779296875 290.850006103515625 301.76251220703125 306.649993896484375 308.40625 311.04376220703125 309.41876220703125 310.82501220703125 316.600006103515625
323.256256103515625 340.54998779296875 351.743743896484375 361.84375 363.32501220703125 365.6875 360.79376220703125 365.63751220703125 369.91876220703125 361.493743896484375 347.51251220703125 334.71875 325.962493896484375 311.98748779296875 299.71875 285.73126220703125 275.42498779296875 264.51873779296875 255.5124969482421875 246.6062469482421875 241.181243896484375 232.8874969482421875 229.524993896484375 226.6750030517578125 227.274993896484375 226.006256103515625 228.2624969482421875 236.350006103515625 245.4812469482421875 247.96875 246.6750030517578125 250.9562530517578125 259.25 264.54376220703125 270.57501220703125 273.07501220703125 282.23748779296875 295.368743896484375 305.806243896484375 307.51873779296875 307.662506103515625 307.26251220703125 307.65625 311.71875
309.681243896484375 329.79376220703125 345.60626220703125 352.600006103515625 353.51251220703125 352.73748779296875 360.98126220703125 362.875 359.08123779296875 350.087493896484375 340.743743896484375 335.8125 325.39373779296875 315.04998779296875 300.5625 287.056243896484375 276.54376220703125 268.068756103515625 260.25 252.625 242.21875 234.4562530517578125 227.568756103515625 228.3000030517578125 225.743743896484375 220.6875 225.618743896484375 234.2062530517578125 245.0187530517578125 252.756256103515625 258.23748779296875 264.07501220703125 273.01251220703125 277.01251220703125 280.806243896484375 278.399993896484375 290.006256103515625 298.66876220703125 304.837493896484375 307.36248779296875 306.024993896484375 307.48126220703125 308.8125 308.9375
303.3125 323.806243896484375 336.625 348.787506103515625 353.03125 354.5 352.743743896484375 355.35626220703125 350.368743896484375 344.756256103515625 335.368743896484375 327.54998779296875 322.26873779296875 311.712493896484375 297.38751220703125 287.068756103515625 280.5 271.21875 261.568756103515625 253.9875030517578125 246.5437469482421875 236.0749969482421875 230.4499969482421875 228.9250030517578125 225.662506103515625 226.993743896484375 231.78125 241.1687469482421875 251.1062469482421875 263.212493896484375 270.16876220703125 282.64373779296875 290.63751220703125 293.82501220703125 290.9375 290.51251220703125 297.662506103515625 298.9375 303.03125 305.506256103515625 305.931243896484375 304.806243896484375 305.649993896484375 302.23126220703125
305.399993896484375 327.11248779296875 331.087493896484375 341.056243896484375 340.91876220703125 341.193756103515625 339.25 340.868743896484375 332.83123779296875 324.225006103515625 324.743743896484375 321.131256103515625 312.243743896484375 303.78125 297.26873779296875 287.725006103515625 281.6875 272.83123779296875 263.25 254.399993896484375 247.125 236.9562530517578125 231.25 226.993743896484375 227.1125030517578125 227.9250030517578125 238.59375 248.2312469482421875 257.587493896484375 270.600006103515625 283.89373779296875 304.51251220703125 314.10626220703125 309.13751220703125 302.95001220703125 302.8125 302.46875 303.42498779296875 299.943756103515625 300.86248779296875 302.381256103515625 298.42498779296875 295.274993896484375 295.26873779296875
307.26873779296875 317.462493896484375 325.51251220703125 331.11248779296875 330.375 330.46875 327.57501220703125 323.306243896484375 318.181243896484375 319.73126220703125 317.76873779296875 310.59375 305.41876220703125 299.35626220703125 293.25 287.318756103515625 279.3125 268.899993896484375 264.899993896484375 255.40625 245.4499969482421875 236.84375 230.9499969482421875 230.8000030517578125 230.7937469482421875 232.3000030517578125 242.4499969482421875 252.087493896484375 262.78125 273.337493896484375 291 311.818756103515625 327.518768310546875 317.681243896484375 307.524993896484375 304.64373779296875 307.524993896484375 304.356231689453125 300.524993896484375 300.76873779296875 300.16876220703125 295.90625 292.42498779296875 288.399993896484375
311.600006103515625 315.443756103515625 319.4375 318.862518310546875 319.037506103515625 320.1875 318.28125 311.375 309.17498779296875 310.162506103515625 306.837493896484375 300.193756103515625 295.962493896484375 290.13751220703125 287.125 279.28125 275.537506103515625 271.0625 266.993743896484375 258.962493896484375 248.84375 238.1999969482421875 234.6374969482421875 233.1750030517578125 233.9250030517578125 233.9499969482421875 244.381256103515625 253.7874908447265625 265.17498779296875 276.368743896484375 291.337493896484375 308.087493896484375 318.71875 313.76873779296875 309.993743896484375 307.306243896484375 306.01873779296875 306.79998779296875 305.375 301.23126220703125 297.681243896484375 295.73748779296875 292.068756103515625 289.274993896484375
310.006256103515625 312.11248779296875 310.51873779296875 308.82501220703125 307.25 301.96875 297.78125 297.818756103515625 301.01873779296875 298.09375 295.71875 291.962493896484375 287.14373779296875 285.11248779296875 284.92498779296875 282.662506103515625 278.92498779296875 272.51251220703125 266.862518310546875 259.92498779296875 250.462493896484375 239.6062469482421875 234.1125030517578125 232.5124969482421875 232.912506103515625 231.068756103515625 241.506256103515625 253.100006103515625 263.92498779296875 272.98126220703125 285.65625 296.162506103515625 303.35626220703125 303.625 306.506256103515625 305.568756103515625 306.17498779296875 304.58123779296875 303.037506103515625 298.67498779296875 290.36248779296875 285.087493896484375 287.01873779296875 290.75
306.368743896484375 305.21875 299.087493896484375 291.662506103515625 287.712493896484375 287.29376220703125 284.681243896484375 288.03125 288.73748779296875 284.462493896484375 284.09375 282.14373779296875 279.58123779296875 279.40625 279.71875 278.57501220703125 275.350006103515625 273.66876220703125 266.806243896484375 257.306243896484375 248.5 240.1687469482421875 233.8562469482421875 230.8874969482421875 228.212493896484375 231.1875 237.53125 244.3125 253.975006103515625 263.10626220703125 274.38751220703125 281.79376220703125 288.931243896484375 294.125 299.23126220703125 297.76873779296875 304.875 305.20001220703125 301.818756103515625 303.76251220703125 300.506256103515625 293.20623779296875 288.243743896484375 285.67498779296875
301.70001220703125 296.91876220703125 287.16876220703125 281.29998779296875 277.83123779296875 276.431243896484375 277.42498779296875 276.95001220703125 277.475006103515625 276.149993896484375 275.60626220703125 272.67498779296875 274.537506103515625 271.181243896484375 272.11248779296875 273.899993896484375 273.29376220703125 269.33123779296875 264.65625 258.35626220703125 246.506256103515625 236.7312469482421875 230.600006103515625 225.431243896484375 222.943756103515625 227.5749969482421875 231.912506103515625 236.193756103515625 244.712493896484375 251.8874969482421875 262.850006103515625 267.54998779296875 274.70001220703125 282.100006103515625 287.774993896484375 287.11248779296875 294.462493896484375 300.6875 302.92498779296875 302.79998779296875 305.36248779296875 296.912506103515625 290.149993896484375 282.45001220703125
289.600006103515625 282.837493896484375 274.475006103515625 269.95623779296875 268.48748779296875 265.162506103515625 269.256256103515625 265.29998779296875 265.131256103515625 263.375 262.89373779296875 259.76873779296875 261.381256103515625 262.868743896484375 263.70623779296875 267.0625 263.42498779296875 259.375 255.493743896484375 250.7312469482421875 238.806243896484375 230.1437530517578125 223.4375 220.125 221.399993896484375 222.225006103515625 225.90625 228.03125 232.068756103515625 239.912506103515625 245.4250030517578125 251.6374969482421875 258.09375 266.100006103515625 274.5 276.649993896484375 283.100006103515625 291.412506103515625 293.506256103515625 300.73748779296875 303.42498779296875 297.443756103515625 291.83123779296875 289.01873779296875
271.45623779296875 266.9375 259.75 257.75 253.9562530517578125 250.8312530517578125 252.5 250.556243896484375 250.537506103515625 251.475006103515625 255.8874969482421875 253.787506103515625 254.774993896484375 257.79998779296875 257.10626220703125 255.875 252.600006103515625 251.875 245.3874969482421875 240.524993896484375 229.037506103515625 222.274993896484375 214.7375030517578125 213.837493896484375 214.3562469482421875 215.743743896484375 216.8937530517578125 218.931243896484375 220.006256103515625 225.3312530517578125 231.243743896484375 235.7062530517578125 240.375 251.9250030517578125 259.368743896484375 266.54998779296875 269.899993896484375 278.26251220703125 280.88751220703125 291.125 293.64373779296875 292.60626220703125 289.649993896484375 290.412506103515625
254.03125 249.149993896484375 246.8125 244.975006103515625 243.9250030517578125 239.4499969482421875 238.09375 235.1875 234.5749969482421875 235.962493896484375 239.837493896484375 243.6125030517578125 244 244.743743896484375 245.9875030517578125 246.9875030517578125 244.8562469482421875 242.46875 234.34375 227.556243896484375 220.3249969482421875 214.53125 207.743743896484375 205.0124969482421875 205.881256103515625 205.7375030517578125 205.53125 205.975006103515625 208.399993896484375 212.5124969482421875 217.28125 220.931243896484375 226.78125 234.493743896484375 243.556243896484375 249.7375030517578125 256.34375 260.274993896484375 267.1875 274.48748779296875 277.33123779296875 281.41876220703125 285.068756103515625 287.82501220703125
235.462493896484375 231.943756103515625 231.8625030517578125 232.774993896484375 232.8312530517578125 228.4562530517578125 222.7624969482421875 220.399993896484375 216.4499969482421875 218.875 225.1062469482421875 230.2624969482421875 235.9875030517578125 240.0749969482421875 239.90625 238.837493896484375 235.3125 232.5625 224.96875 215.818756103515625 209.493743896484375 202.625 198.181243896484375 195.4499969482421875 195.3000030517578125 195.1125030517578125 196.8249969482421875 197.6374969482421875 198.7312469482421875 202.787506103515625 205.181243896484375 207.850006103515625 211.131256103515625 219.09375 221.5250091552734375 229.0812530517578125 233.25 244.787506103515625 251.0500030517578125 255.9875030517578125 259.743743896484375 261.70623779296875 266.54376220703125 273.20623779296875
220.4250030517578125 219.28125 217.493743896484375 217.350006103515625 216.287506103515625 212.28125 206.162506103515625 204.34375 201.162506103515625 200.1437530517578125 204.8249969482421875 215.8062591552734375 226.0500030517578125 229.7624969482421875 231.1750030517578125 228.9250030517578125 225.037506103515625 219.25 214.28125 205.4812469482421875 200.006256103515625 194.09375 189.4250030517578125 187.5187530517578125 186.1875 184.943756103515625 188.431243896484375 189.46875 188.0187530517578125 190.712493896484375 193.318756103515625 195.181243896484375 197.34375 199.8249969482421875 203.125 208.256256103515625 219.1875 224.149993896484375 230.256256103515625 239.024993896484375 241.8312530517578125 247.537506103515625 250.28125 256.350006103515625
207.225006103515625 207.7624969482421875 205.787506103515625 205.21875 204.993743896484375 199.681243896484375 194.8874969482421875 190.1374969482421875 185.9187469482421875 179.8625030517578125 191.6750030517578125 212.1750030517578125 220.9499969482421875 223.0749969482421875 222.600006103515625 219.6687469482421875 213.7375030517578125 207.3937530517578125 202.462493896484375 193.162506103515625 189.3249969482421875 184.649993896484375 179.2624969482421875 177.3000030517578125 176.2687530517578125 176.8562469482421875 178.3125 178.506256103515625 177.28125 180.118743896484375 183.1750030517578125 185.5437469482421875 186.1374969482421875 185.1374969482421875 188.2375030517578125 195.2375030517578125 202.7624969482421875 209.587493896484375 213.631256103515625 218.7312469482421875 221.6374969482421875 224.3312530517578125 232.787506103515625 239.868743896484375
195.8874969482421875 196.15625 196.3874969482421875 195.0500030517578125 195.931243896484375 192.1750030517578125 187.9562530517578125 182.4562530517578125 178.53125 172.6875 195.71875 216.3125 219.9124908447265625 220.375 217.09375 212.3562469482421875 205.2375030517578125 199.662506103515625 192.4250030517578125 185.350006103515625 179.118743896484375 175.037506103515625 170.5437469482421875 168.4250030517578125 167.0812530517578125 166.912506103515625 166.25 169.8874969482421875 170 170.818756103515625 171.9375 173.9875030517578125 175.3249969482421875 172.693756103515625 172.0187530517578125 178.506256103515625 187.274993896484375 192.75 199.881256103515625 202.2312469482421875 205.631256103515625 209.1374969482421875 210.649993896484375 213.6374969482421875
185.8000030517578125 185.9499969482421875 185.9375 186.024993896484375 184.15625 182.1062469482421875 181.2937469482421875 181.4250030517578125 184.693756103515625 196.46875 222.962493896484375 225.274993896484375 219.0500030517578125 216.65625 212.1750030517578125 206.6687469482421875 200.3625030517578125 193.912506103515625 187.1437530517578125 178.8312530517578125 170.975006103515625 164.837493896484375 161.8249969482421875 161.193756103515625 158.587493896484375 157.8249969482421875 159.5812530517578125 162.65625 161.3874969482421875 163.681243896484375 162.6750030517578125 160.381256103515625 162.475006103515625 163.5500030517578125 166.8000030517578125 171.131256103515625 175.975006103515625 183.3562469482421875 185.118743896484375 184.881256103515625 190.3125 192.6687469482421875 192.1875 196.5625
179.25 178.4375 179.4375 179.225006103515625 178.8125 177.493743896484375 176.3312530517578125 182.1875 189.399993896484375 200.8625030517578125 212.412506103515625 217.40625 212.8125 208.975006103515625 206.8312530517578125 199.8874969482421875 192.693756103515625 185.8249969482421875 178.118743896484375 171.3125 162.4499969482421875 156.899993896484375 151.524993896484375 150.65625 149.9250030517578125 150.225006103515625 151.1125030517578125 153.1374969482421875 152.662506103515625 154.2624969482421875 155.131256103515625 156.412506103515625 157.4562530517578125 159.587493896484375 162.3312530517578125 164.818756103515625 167.837493896484375 173.649993896484375 174.5124969482421875 171.03125 173.681243896484375 175.5749969482421875 173.5124969482421875 173.975006103515625
