data/historical-monthly-weather-data/wc2.1_cruts4.09_10m_prec_1986-06.asc
ncols        45
nrows        45
xllcorner    -63.500000000000
yllcorner    -7.500000000000
cellsize     0.166666666667
NODATA_value -9999
[rows 0 to 18 of 45, columns 0 to 43 of 45]
282.79998779296875 278.087493896484375 276.9375 285.318756103515625 289.899993896484375 297.774993896484375 300.10626220703125 300.54998779296875 295.875 301.318756103515625 309.29998779296875 312.006256103515625 314.993743896484375 314.087493896484375 310.6875 308.881256103515625 304.32501220703125 298.693756103515625 292.57501220703125 289.975006103515625 292.04376220703125 285.11248779296875 279.92498779296875 272.243743896484375 266.8125 262.9375 263.262481689453125 265.993743896484375 262.11248779296875 263.33123779296875 259.381256103515625 262.537506103515625 269.48748779296875 270.993743896484375 272.8125 273.431243896484375 272.868743896484375 274.04998779296875 267.087493896484375 262.9375 262.743743896484375 267.86248779296875 263.32501220703125 261.89373779296875
276.20623779296875 270.912506103515625 275.07501220703125 280.70623779296875 288.98126220703125 296.256256103515625 298.131256103515625 297.837493896484375 300.54376220703125 305.33123779296875 309.71875 309.78125 304.1875 300.662506103515625 295.125 291.225006103515625 284.337493896484375 275.681243896484375 268.912506103515625 267.418731689453125 267.38751220703125 261.66876220703125 259.149993896484375 255.28125 250.8937530517578125 246.8249969482421875 248.493743896484375 249.243743896484375 247.181243896484375 244.2375030517578125 245.0500030517578125 253.0625 257.256256103515625 261.006256103515625 264.82501220703125 260.91876220703125 261.25 260.274993896484375 253.837493896484375 250.34375 253.100006103515625 246.875 249.868743896484375 248.5437469482421875
262.506256103515625 264.287506103515625 267.35626220703125 267.6875 275.5 285.493743896484375 290.45623779296875 298.493743896484375 302.375 306.40625 307.1875 302.15625 297.54376220703125 286.774993896484375 278.66876220703125 272.70001220703125 263.40625 255.5687408447265625 249.537506103515625 246.0187530517578125 246.993743896484375 247.7062530517578125 245.1374969482421875 246.71875 240.1875 235.774993896484375 241.8937530517578125 240.774993896484375 235.7687530517578125 239.625 238.649993896484375 242.4562530517578125 246.0625 251.8562469482421875 252.6875 243.8125 246.6374969482421875 249.4812469482421875 244.46875 242.193756103515625 247.118743896484375 243.9562530517578125 243.1437530517578125 239.7375030517578125
247.3249969482421875 244.306243896484375 251.350006103515625 255.59375 258.931243896484375 268.54376220703125 279 289.29998779296875 297.868743896484375 304.037506103515625 301.20623779296875 292.33123779296875 282.631256103515625 270.60626220703125 262.63751220703125 255.431243896484375 242.8874969482421875 236.7375030517578125 231.34375 234.9499969482421875 234.443756103515625 230.225006103515625 230.274993896484375 234.662506103515625 229.1687469482421875 226.193756103515625 229.431243896484375 226.287506103515625 226.0625 230.9562530517578125 232.931243896484375 233.600006103515625 236.7937469482421875 236.618743896484375 237.625 241.3874969482421875 244.806243896484375 244.09375 238.7062530517578125 236.743743896484375 239.6999969482421875 241.7687530517578125 239.868743896484375 235.037506103515625
251.0749969482421875 244.412506103515625 235.3562469482421875 240.5187530517578125 249.3000030517578125 254.9375 265.837493896484375 281.26873779296875 295.51251220703125 302.875 298.875 280.256256103515625 269.64373779296875 258.787506103515625 247.0437469482421875 238.3312530517578125 228.350006103515625 217.662506103515625 212.193756103515625 213.7687530517578125 213.681243896484375 214.100006103515625 216.03125 219.7687530517578125 215.975006103515625 215.40625 215.975006103515625 219.34375 219.9812469482421875 220.4562530517578125 226.0124969482421875 229.9562530517578125 230.6999969482421875 232.6687469482421875 237.587493896484375 235.4562530517578125 237.837493896484375 240.75 233.84375 229.2687530517578125 232.8125 234.28125 234.225006103515625 233.850006103515625
239.2062530517578125 236.649993896484375 229.381256103515625 218.681243896484375 230.2624969482421875 246.09375 254.024993896484375 266.20623779296875 283.96875 293.318756103515625 284.07501220703125 267.23126220703125 257.53125 247.256256103515625 233.712493896484375 224.962493896484375 214.1062469482421875 204.4250030517578125 202.0812530517578125 201.443756103515625 204.6999969482421875 205.1125030517578125 206.3874969482421875 205.90625 207.4187469482421875 208.8000030517578125 207.524993896484375 210.96875 212.5500030517578125 213.375 221.212493896484375 225.493743896484375 229.5187530517578125 229.125 227.5437469482421875 233.537506103515625 231.3874969482421875 225.5 224.9187469482421875 228.7624969482421875 227.600006103515625 231.1687469482421875 228.4250030517578125 227.368743896484375
232.7937469482421875 227.212493896484375 221.40625 215.5437469482421875 212.149993896484375 217.8562469482421875 225.84375 243.162506103515625 251.725006103515625 260.01251220703125 258.212493896484375 247.037506103515625 242.0749969482421875 235.631256103515625 223.993743896484375 214.5437469482421875 206.5625 197.818756103515625 190.8125 191.0749969482421875 189.649993896484375 191.6125030517578125 192.40625 195.9499969482421875 202.6687469482421875 204.7375030517578125 203.037506103515625 203.837493896484375 205.2375030517578125 213.8312530517578125 215.506256103515625 215.7937469482421875 217.2375030517578125 221.6999969482421875 227.0124969482421875 226.03125 218.506256103515625 216.6062469482421875 215.2062530517578125 220.600006103515625 219.78125 221.162506103515625 222.4250030517578125 222.0187530517578125
223.7937469482421875 213.7062530517578125 209.0749969482421875 209.5500030517578125 207.1125030517578125 215.3625030517578125 212.506256103515625 210.7312469482421875 209.774993896484375 221.0687408447265625 228.0749969482421875 226.4875030517578125 225.5437469482421875 220.71875 215.225006103515625 206.9250030517578125 196.1999969482421875 189.1062469482421875 182.056243896484375 176.4875030517578125 185.34375 185.0749969482421875 185.09375 188.46875 195.4375 195.8249969482421875 195.8000030517578125 196.6687469482421875 198.4250030517578125 201.5625 211.587493896484375 211.1875 213.28125 215 213.2624969482421875 210.8625030517578125 207.899993896484375 205.875 200.3874969482421875 200.0812530517578125 202.8125 208.9187469482421875 205.618743896484375 201.90625
213.3125 205.78125 199.1875 197.475006103515625 197.225006103515625 199.8625030517578125 204.75 207.118743896484375 198.71875 195.4375 199.524993896484375 203.09375 209.818756103515625 208.2062530517578125 204.5812530517578125 196.2312469482421875 193.399993896484375 189.6437530517578125 185.3312530517578125 177.3874969482421875 174.4499969482421875 182.5437469482421875 178.5437469482421875 187.524993896484375 189.7312469482421875 191.3312530517578125 191.587493896484375 194.8625030517578125 201.2312469482421875 203.0500030517578125 213.03125 203.7687530517578125 197.0437469482421875 196.118743896484375 200.0187530517578125 205.118743896484375 205.7375030517578125 206.412506103515625 201 195.693756103515625 193.0812530517578125 190.587493896484375 196.125 192.5500030517578125
203.600006103515625 197.1875 191.774993896484375 189.993743896484375 189.1062469482421875 190.5124969482421875 193.8125 192.78125 192.556243896484375 191.25 189.3312530517578125 183.912506103515625 192.931243896484375 195.787506103515625 194.90625 191.256256103515625 186.4250030517578125 189.5500030517578125 187.0124969482421875 183.756256103515625 177.975006103515625 177.53125 172.25 177.9499969482421875 178.7624969482421875 184.381256103515625 186.006256103515625 187.618743896484375 190.087493896484375 196.881256103515625 203.068756103515625 198.287506103515625 196.6687469482421875 196.399993896484375 194.6750030517578125 196.587493896484375 199.962493896484375 203.287506103515625 200.931243896484375 202.5 202.9187469482421875 199.875 190.243743896484375 178.9499969482421875
197 189.274993896484375 184 181.0437469482421875 178.399993896484375 181.975006103515625 180.6999969482421875 179.8937530517578125 182.318756103515625 183.618743896484375 184.493743896484375 180.6374969482421875 179.2624969482421875 183.3874969482421875 182.7937469482421875 181.6875 179.1875 178.837493896484375 181.506256103515625 185.6062469482421875 191.181243896484375 185.975006103515625 173.96875 162.3249969482421875 170.1374969482421875 184.787506103515625 188.537506103515625 186.6374969482421875 184.9499969482421875 188.756256103515625 193.28125 192.118743896484375 192.774993896484375 193.5124969482421875 193.3874969482421875 191 194.1125030517578125 194.84375 200.681243896484375 199.975006103515625 198.9499969482421875 192.600006103515625 188.03125 171.350006103515625
188.006256103515625 181.725006103515625 179.412506103515625 174.087493896484375 172.1687469482421875 172.318756103515625 175.3937530517578125 176.056243896484375 177.568756103515625 174.0625 177.3312530517578125 176.068756103515625 167.4375 170.8125 175.5124969482421875 173.9499969482421875 171.943756103515625 173.8937530517578125 179.1875 190.8562469482421875 198.618743896484375 196.4562530517578125 183.381256103515625 166.475006103515625 167.443756103515625 173.1812591552734375 174.0187530517578125 176.7375030517578125 180.4312591552734375 181.556243896484375 178.1374969482421875 181.8249969482421875 184.181243896484375 182.024993896484375 185.975006103515625 190.4187469482421875 196.506256103515625 199.1437530517578125 194.78125 199.462493896484375 199.25 191.568756103515625 174.0749969482421875 149.087493896484375
183.0812530517578125 176.0500030517578125 172.412506103515625 167.493743896484375 166.5187530517578125 164.8874969482421875 166.2375030517578125 167.1999969482421875 166.337493896484375 166.0124969482421875 167.725006103515625 168.475006103515625 165.6999969482421875 157.256256103515625 158.3125 160.850006103515625 161.225006103515625 166.2375030517578125 166.5999908447265625 176.912506103515625 188.78125 188.712493896484375 181.774993896484375 169.4187469482421875 159.462493896484375 161.868743896484375 167.1062469482421875 171.5500030517578125 177.0749969482421875 181.0625 175.9499969482421875 172.5437469482421875 178.537506103515625 174.5500030517578125 177.693756103515625 184.931243896484375 196.4812469482421875 203.2375030517578125 211.5 209.212493896484375 199.1125030517578125 188.3312530517578125 162.631256103515625 142.306243896484375
176.4499969482421875 170.162506103515625 165.587493896484375 161.4812469482421875 157.6999969482421875 157.3562469482421875 156.7375030517578125 158.8000030517578125 159.837493896484375 158.1999969482421875 158.8125 156.006256103515625 155.024993896484375 150.712493896484375 141.9562530517578125 147.493743896484375 147.462493896484375 150.350006103515625 153.6750030517578125 162.1999969482421875 172.4124908447265625 174.2312469482421875 171.243743896484375 167.3312530517578125 162.7312469482421875 159.725006103515625 159.9375 161.618743896484375 165.9812469482421875 168.4875030517578125 170.5500030517578125 169.568756103515625 171.5500030517578125 174.225006103515625 172.9875030517578125 187.881256103515625 205.28125 218.9187469482421875 227.8000030517578125 220.712493896484375 192.4812469482421875 173.2687530517578125 165.2375030517578125 164.3312530517578125
165.9499969482421875 160.6750030517578125 158.3625030517578125 155.6687469482421875 151.774993896484375 151.1062469482421875 151.6062469482421875 151.65625 151.8937530517578125 151.399993896484375 150.25 147.943756103515625 145.787506103515625 139.8625030517578125 129.59375 132.899993896484375 134.225006103515625 140.125 140.399993896484375 146.8562469482421875 158.381256103515625 162.868743896484375 166.15625 166.8874969482421875 169.5124969482421875 168.5124969482421875 168.943756103515625 168.9562530517578125 174.068756103515625 169.9812469482421875 164.568756103515625 166.9562530517578125 175.943756103515625 172.1062469482421875 165.6875 171.868743896484375 200.068756103515625 228.649993896484375 234.725006103515625 222.9875030517578125 208.4499969482421875 197.2312469482421875 194.225006103515625 178.2687530517578125
157.943756103515625 151.625 149.756256103515625 145.962493896484375 145.3125 145.368743896484375 144.7062530517578125 143.5187530517578125 145.6875 148.006256103515625 146.4437408447265625 142.9375 140.2375030517578125 134.5 126.22499847412109375 115.55625152587890625 119.75 128.09375 128.96875 134.6437530517578125 144.8125 152.53125 160.96875 167.787506103515625 171.875 172.3000030517578125 170.193756103515625 172.1374969482421875 174.181243896484375 177.368743896484375 174.787506103515625 170.5 164.537506103515625 158.375 153.587493896484375 181.006256103515625 195.4812469482421875 216.100006103515625 231.9562530517578125 238.256256103515625 237.868743896484375 226.537506103515625 207.4250030517578125 182.7062530517578125
148.6437530517578125 144.181243896484375 140.7937469482421875 139.9187469482421875 139.125 139.8312530517578125 139.087493896484375 138.9250030517578125 137.7687530517578125 138.431243896484375 139.75 137.4562530517578125 132.2687530517578125 126.7624969482421875 123.5500030517578125 114.4499969482421875 103.8125 110.50624847412109375 116.75 121.24375152587890625 129.6999969482421875 141.5500030517578125 151.6999969482421875 164.9812469482421875 169.993743896484375 165.787506103515625 164.4250030517578125 165.84375 173.993743896484375 178.712493896484375 180.8687591552734375 181.125 175.3625030517578125 175.912506103515625 188.5749969482421875 200.493743896484375 219.3000030517578125 236.131256103515625 252.225006103515625 245.6999969482421875 246.037506103515625 226.962493896484375 200.375 181.4250030517578125
137.4812469482421875 134.25 133.7062530517578125 133.024993896484375 132.7687530517578125 134.943756103515625 133.5187530517578125 132.693756103515625 131.7062530517578125 130.006256103515625 129.381256103515625 129.3562469482421875 123.6374969482421875 119.28125 117.96250152587890625 112.0812530517578125 102.22499847412109375 94.43125152587890625 106.5500030517578125 107.27500152587890625 115.72499847412109375 127.63124847412109375 143.1437530517578125 155.125 164.25 160.962493896484375 157.037506103515625 165.568756103515625 172.7375030517578125 173.6125030517578125 167.568756103515625 162.787506103515625 187.037506103515625 194.5812530517578125 201.181243896484375 235.8937530517578125 251.131256103515625 247.1062469482421875 251.21875 247.693756103515625 226.8000030517578125 204.875 184.2062530517578125 171.09375
127.4187469482421875 126.33750152587890625 126.03125 126.2312469482421875 126.77500152587890625 126.8625030517578125 126.22499847412109375 125.09375 125.5625 125.6374969482421875 124.09375 118.05625152587890625 113.7937469482421875 111.30625152587890625 108.13124847412109375 104.31874847412109375 101.7062530517578125 92.0124969482421875 89.3249969482421875 91.8312530517578125 104.46875 120.4812469482421875 123.625 139.2375030517578125 148.568756103515625 158.5812530517578125 161.375 161.6374969482421875 172.256256103515625 172.681243896484375 169.4562530517578125 173.412506103515625 187.53125 192.84375 207.412506103515625 232.9187469482421875 238.78125 233.0500030517578125 234.681243896484375 223.568756103515625 205.506256103515625 181.3874969482421875 169.71875 163.181243896484375
