data/historical-monthly-weather-data/wc2.1_cruts4.09_10m_prec_2004-11.asc
ncols        51
nrows        45
xllcorner    -63.500000000000
yllcorner    -7.500000000000
cellsize     0.166666666667
NODATA_value -9999
[rows 0 to 18 of 45, columns 0 to 43 of 51]
83.55625152587890625 81.36875152587890625 77.34375 75.0124969482421875 72.59999847412109375 70.9812469482421875 68.90625 67.03749847412109375 66.36875152587890625 65.5500030517578125 65.0500030517578125 65.96875 67.2624969482421875 67.8125 70.7375030517578125 73.625 76.49375152587890625 78.28749847412109375 80.03749847412109375 81.69374847412109375 80.6999969482421875 79.25624847412109375 78.25 76.97499847412109375 76.18125152587890625 75.9375 77.6750030517578125 79.6687469482421875 81.46250152587890625 83.875 86.71250152587890625 90.09375 92.99375152587890625 96.5500030517578125 99.7687530517578125 102.6062469482421875 105.6374969482421875 108.1062469482421875 109.03749847412109375 109.8874969482421875 109.75624847412109375 110.0124969482421875 108.9562530517578125 107.81874847412109375
86.58750152587890625 84.0625 81.13124847412109375 79.1875 77.7687530517578125 75.84999847412109375 73.26874542236328125 71.6999969482421875 70.53125 68.88124847412109375 67.65000152587890625 67.74375152587890625 67.96250152587890625 68.3562469482421875 70.6062469482421875 73.625 76.06874847412109375 79.625 83.00624847412109375 85.97499847412109375 84.77500152587890625 82.9499969482421875 81.68125152587890625 80.40625 78.3312530517578125 77.1125030517578125 78.3625030517578125 79.53125 80.8625030517578125 83.15625 86.03749847412109375 89.5124969482421875 92.09375 96.6687469482421875 100.81874847412109375 104.4812469482421875 108.46250152587890625 111.8874969482421875 112.90625 113.8937530517578125 114.5500030517578125 114.34999847412109375 113.7687530517578125 111.53125
92.49375152587890625 90.55625152587890625 87.4187469482421875 84.83750152587890625 83.3625030517578125 80.84375 78.86875152587890625 76.8125 75.53749847412109375 73.46250152587890625 71.0625 70.2312469482421875 69.7937469482421875 69.4187469482421875 71.34375 73.76250457763671875 76.2312469482421875 79.13124847412109375 81.4499969482421875 83.52500152587890625 81.65000152587890625 79.1750030517578125 77.2687530517578125 75.8562469482421875 73.9187469482421875 72.36875152587890625 73.40625 74.6999969482421875 75.71875 78.03125 81.72499847412109375 85.3125 89.9812469482421875 94.96875 100.3874969482421875 104.84999847412109375 109.875 115.59375 117.34375 119.0124969482421875 119.8562469482421875 118.90625 117.86875152587890625 115.95624542236328125
96.96875 95.1999969482421875 93.06874847412109375 90.15625 88.5437469482421875 85.8000030517578125 83.2687530517578125 81.5124969482421875 80.5 78.27500152587890625 74.75624847412109375 72.75624847412109375 71.28749847412109375 70.125 71.9250030517578125 74.23749542236328125 76.56874847412109375 77.90000152587890625 79.09999847412109375 80.3249969482421875 77.71250152587890625 74.3125 71.1875 69.28749847412109375 67.43125152587890625 66.02500152587890625 67.15625 67.83750152587890625 69.2312469482421875 72.4875030517578125 76.38124847412109375 80.8312530517578125 85.66249847412109375 91.5187530517578125 97.78749847412109375 104.8562469482421875 112.0500030517578125 118.91249847412109375 121.69374847412109375 123.66249847412109375 123.9250030517578125 123.5500030517578125 121.33124542236328125 118.84999847412109375
104.2062530517578125 101.2687530517578125 95.9187469482421875 93.71875 93.0749969482421875 90.34375 87.53749847412109375 85.8000030517578125 85.31874847412109375 83.4250030517578125 78.03749847412109375 74.2624969482421875 71.94374847412109375 70.55625152587890625 72.19374847412109375 74.57500457763671875 76.41249847412109375 76.6750030517578125 76.36875152587890625 75.625 72.75 68.6875 64.97499847412109375 63.237499237060546875 60.77500152587890625 59.21250152587890625 59.543750762939453125 60.924999237060546875 62.8125 65.9499969482421875 70.15625 75.03749847412109375 80.8874969482421875 87.875 95.44374847412109375 103.88124847412109375 112.875 121.6875 125.7624969482421875 126.8625030517578125 127.75624847412109375 126.1125030517578125 123.8937530517578125 121.3000030517578125
110.56874847412109375 108.0749969482421875 102.47499847412109375 97.0124969482421875 96.9562530517578125 95.53125 92.69374847412109375 89.8125 88.58750152587890625 86.65625 80.2624969482421875 76.1437530517578125 73.84999847412109375 72.1374969482421875 72.8125 74.0625 75.1437530517578125 73.7624969482421875 72.13124847412109375 69.6999969482421875 66.21875 62.40000152587890625 58.731250762939453125 56.4375 54.46250152587890625 52.668750762939453125 53.231250762939453125 54.393749237060546875 56.13124847412109375 59.41249847412109375 63.331249237060546875 69.05625152587890625 75.4499969482421875 83.3874969482421875 91.63124847412109375 101.38124847412109375 111.5749969482421875 121.71875 126.52500152587890625 128.0625 126.375 124.7062530517578125 122.2687530517578125 119.97499847412109375
118.18125152587890625 117.0437469482421875 111.25 105.375 102.88124847412109375 99.2062530517578125 95.50624847412109375 91.46875 87.94374847412109375 83.36875152587890625 79.03125 76.40000152587890625 74.83750152587890625 73.28749847412109375 73.46875 74 73.94374847412109375 70.625 66.6687469482421875 63.46250152587890625 59.674999237060546875 55.8125 52.200000762939453125 49.81874847412109375 47.793750762939453125 46.33750152587890625 46.856250762939453125 47.77500152587890625 48.875 52.43125152587890625 56.81874847412109375 62.237499237060546875 69.4875030517578125 78.1999969482421875 87.6687469482421875 97.63124847412109375 108.1999969482421875 119.4250030517578125 126.08750152587890625 126.7375030517578125 123.875 121.53125 119.09375 116.4562530517578125
127.09999847412109375 125.83750152587890625 120.58750152587890625 116.21250152587890625 113.02500152587890625 106.8000030517578125 99.0500030517578125 90.71875 84.1125030517578125 79.4187469482421875 77.15625 76.40000152587890625 75.58750152587890625 74.3625030517578125 73.84375 73.5812530517578125 72.28749847412109375 67.1750030517578125 61.68125152587890625 56.6875 53.22499847412109375 49.52500152587890625 45.643749237060546875 43.30625152587890625 41.5625 39.63124847412109375 40.112499237060546875 40.856250762939453125 42.143749237060546875 45.549999237060546875 49.91249847412109375 55.700000762939453125 63.53125 72.5625 82.58750152587890625 92.44374847412109375 103.66875457763671875 114.2375030517578125 118.28749847412109375 118.69374847412109375 116.6999969482421875 114.63124847412109375 112.2312469482421875 109.5124969482421875
134.725006103515625 134.0749969482421875 129.806243896484375 125.5 121.5187530517578125 114.125 105.28125 95.61875152587890625 85.8125 79.22499847412109375 77.9875030517578125 78.1125030517578125 78.0437469482421875 76.90000152587890625 74.80625152587890625 72.40000152587890625 69.34375 63.893749237060546875 58.731250762939453125 53.15625 48.700000762939453125 44.737499237060546875 40.512500762939453125 38.59375 36.55625152587890625 34.5625 34.90000152587890625 35.825000762939453125 37.09375 40.15625 44.643749237060546875 50.66249847412109375 58.15000152587890625 66.80625152587890625 76.1875 85.53125 95.375 104.4499969482421875 107.16249847412109375 107.96250152587890625 106.5437469482421875 104.375 102.7375030517578125 100.49375152587890625
142.8249969482421875 141.662506103515625 137.649993896484375 133.693756103515625 129.912506103515625 122.6999969482421875 112.99375152587890625 102.4499969482421875 93.43125152587890625 86.96875 83.24375152587890625 81.7062530517578125 81.5187530517578125 79.97499847412109375 75.7312469482421875 71.1062469482421875 66.15000152587890625 60.737499237060546875 55.24375152587890625 49.856250762939453125 45.018749237060546875 40.34999847412109375 35.700000762939453125 33.543750762939453125 31.293750762939453125 29.512500762939453125 30.262500762939453125 31.100000381469726562 32.28749847412109375 35.22499847412109375 39.612499237060546875 45.38124847412109375 52.84999847412109375 61.475002288818359375 70.59999847412109375 78.9499969482421875 87.6750030517578125 94.94374847412109375 97.0500030517578125 97.5437469482421875 96.8249969482421875 95.1875 93.11875152587890625 90.4250030517578125
151.3625030517578125 150.125 145.71875 141.7624969482421875 137.881256103515625 131.84375 122.4812469482421875 111 101.75624847412109375 94.5500030517578125 89.8249969482421875 87.1999969482421875 85.4562530517578125 82.9499969482421875 76.46250152587890625 69.55625152587890625 63 57.4375 51.93125152587890625 46.59999847412109375 42.168750762939453125 36.700000762939453125 31.243749618530273438 28.28125 26.318750381469726562 24.987499237060546875 26.006250381469726562 27.174999237060546875 28.287500381469726562 31.418750762939453125 35.8125 41.25 48.81874847412109375 57.21875 65.65625 72.4812469482421875 79.38124847412109375 85.59999847412109375 88.0187530517578125 88.4562530517578125 87.58750152587890625 86.25 84.5437469482421875 82.2375030517578125
158.4499969482421875 156.7375030517578125 152.2375030517578125 148.912506103515625 145.1125030517578125 139.4250030517578125 131.125 119.6062469482421875 110.1999969482421875 102.6374969482421875 96.71875 92.4250030517578125 87.75624847412109375 83.40625 76.52500152587890625 69.38124847412109375 62.762500762939453125 57.043750762939453125 51.75 46.668750762939453125 41.96250152587890625 35.643749237060546875 29.1875 25.75 23.431249618530273438 22.006250381469726562 23.212499618530273438 24.649999618530273438 26.350000381469726562 29.731250762939453125 33.75 38.52500152587890625 45.50624847412109375 53.24375152587890625 61.28125 66.7687530517578125 71.94374847412109375 76.9812469482421875 78.68125152587890625 79.25 79.02500152587890625 77.77500152587890625 76.28749847412109375 74.3874969482421875
165.1687469482421875 163.475006103515625 158.95623779296875 154.6062469482421875 150.0749969482421875 144.2312469482421875 135.90625 125.93125152587890625 117.11875152587890625 109.96250152587890625 103.3937530517578125 97.28125 90.5812530517578125 82.8874969482421875 75.42499542236328125 68.5625 62.22499847412109375 57.03749847412109375 51.731250762939453125 46.3125 41.18125152587890625 34.112499237060546875 26.831249237060546875 23.450000762939453125 20.818750381469726562 19.168750762939453125 20.8125 22.549999237060546875 24.512500762939453125 28.09375 31.924999237060546875 36.24375152587890625 42.481250762939453125 49.549999237060546875 56.825000762939453125 60.97499847412109375 64.75624847412109375 68.3562469482421875 70.1437530517578125 70.19374847412109375 70.47499847412109375 69.80625152587890625 67.72499847412109375 63.325000762939453125
171.46875 168.3625030517578125 163.59375 158.7624969482421875 154.024993896484375 147.28125 139.537506103515625 131.131256103515625 123.65625 116.3625030517578125 109.3562469482421875 100.28125 91.6437530517578125 82.69374847412109375 73.7312469482421875 67.0749969482421875 61.231250762939453125 56.012500762939453125 50.59375 44.768749237060546875 38.674999237060546875 31.28125 24.081249237060546875 20.825000762939453125 18.4375 16.881250381469726562 18.8125 20.84375 22.90625 26.462499618530273438 30.256250381469726562 34.200000762939453125 39.893749237060546875 46.24375152587890625 53.03125 56.18125152587890625 58.625 61.612499237060546875 62.50624847412109375 63.06874847412109375 62.575000762939453125 60.16249847412109375 57.549999237060546875 55.875
175.037506103515625 171.524993896484375 166.756256103515625 161.8562469482421875 156.787506103515625 150.056243896484375 143.1125030517578125 135.3562469482421875 127.7687530517578125 120.3249969482421875 112.7624969482421875 102.91249847412109375 93.02500152587890625 83.34375 73.47499847412109375 66.80625152587890625 61.643749237060546875 56.762500762939453125 51.50624847412109375 45.59999847412109375 38.856250762939453125 31.225000381469726562 23.962499618530273438 20.6875 18.28125 16.625 18.537500381469726562 20.65625 22.731250762939453125 26.137500762939453125 29.631250381469726562 33.16249847412109375 38.625 44.59375 50.4375 52.356250762939453125 54.1875 56.59999847412109375 57.59375 56.987499237060546875 54.981250762939453125 53.6875 52.97499847412109375 52.387500762939453125
177.3312530517578125 173.431243896484375 169.2312469482421875 164.28125 159.3375091552734375 153.2062530517578125 146.0749969482421875 138.725006103515625 131.881256103515625 125.05625152587890625 116.8562469482421875 106.16249847412109375 95.50624847412109375 84.6875 74.3874969482421875 66.28749847412109375 62.38124847412109375 58.375 53.15000152587890625 47.09999847412109375 40.043750762939453125 32.106250762939453125 24.46875 20.987499237060546875 18.381250381469726562 16.637500762939453125 18.737499237060546875 20.912500381469726562 22.806249618530273438 25.950000762939453125 29.137500762939453125 32.44374847412109375 37.52500152587890625 43.40625 48.25 49.69374847412109375 50.86875152587890625 50.86875152587890625 51.0625 50.206249237060546875 49.331249237060546875 49.05625152587890625 48.72499847412109375 47.331249237060546875
179.225006103515625 175.96875 171.28125 166.431243896484375 161.9562530517578125 156 149.837493896484375 142.725006103515625 136.1999969482421875 129.2062530517578125 121.33750152587890625 110.3249969482421875 98.9187469482421875 87.75624847412109375 77.7687530517578125 69.90625 64.3874969482421875 59.981250762939453125 55.19374847412109375 49.33750152587890625 41.831249237060546875 33.40625 25.299999237060546875 21.40625 18.518749237060546875 16.706249237060546875 19.137500762939453125 21.181249618530273438 22.706249237060546875 25.700000762939453125 28.831249237060546875 32.375 37.125 42.4375 48.50624847412109375 49.875 48.65625 47.856250762939453125 47.88124847412109375 46.40625 45.625 45.549999237060546875 44.41249847412109375 43.856250762939453125
180.40625 177.0812530517578125 173 168.53125 163.6875 158.881256103515625 153.193756103515625 146.2750091552734375 139.993743896484375 133.09375 125.30625152587890625 114.6687469482421875 102.9812469482421875 92.58750152587890625 83.55625152587890625 75.74375152587890625 69.36875152587890625 62.987499237060546875 58.84999847412109375 53.30625152587890625 45.59999847412109375 36.25624847412109375 27.4375 23.137500762939453125 19.868749618530273438 17.587499618530273438 20.456249237060546875 22.299999237060546875 23.350000381469726562 25.768749237060546875 28.512500762939453125 31.756250381469726562 36.956249237060546875 43.47499847412109375 49.481250762939453125 48.206249237060546875 47 45.83750152587890625 44.69374847412109375 44.518749237060546875 43.5625 43.206249237060546875 42.543750762939453125 42.125
180.9375 178.4375 174.4499969482421875 170.243743896484375 166.0187530517578125 161.3625030517578125 155.7375030517578125 149.7312469482421875 144.1750030517578125 138.149993896484375 130.2687530517578125 119.6999969482421875 108.49375152587890625 98.58750152587890625 89.34375 81.6875 75.09375 67.8625030517578125 62.52500152587890625 57.25624847412109375 49.700000762939453125 40.331249237060546875 29.787500381469726562 24.96875 21.200000762939453125 18.368749618530273438 20.793750762939453125 22.831249237060546875 24.049999237060546875 26.106250762939453125 28.25 32.112499237060546875 38.24375152587890625 43.950000762939453125 48.362499237060546875 47.66249847412109375 45.637500762939453125 43.69374847412109375 43.15000152587890625 42.674999237060546875 41.831249237060546875 42.106250762939453125 41.25 40.71875
