data/historical-monthly-weather-data/wc2.1_cruts4.09_10m_prec_1959-03.asc
ncols        45
nrows        45
xllcorner    -63.500000000000
yllcorner    -7.500000000000
cellsize     0.166666666667
NODATA_value -9999
[rows 20 to 39 of 45, columns 0 to 44 of 45]
191.3312530517578125 198.756256103515625 205.600006103515625 212.71875 220.431243896484375 229.2624969482421875 237.681243896484375 244.7312469482421875 251.1750030517578125 254.90625 256.15625 255.59375 255.149993896484375 255.96875 249.4562530517578125 238.618743896484375 229.4875030517578125 226.306243896484375 226.53125 229 245.600006103515625 264.48126220703125 281.95623779296875 298.625 316.056243896484375 333.912506103515625 348.943756103515625 363.32501220703125 376.88751220703125 384.625 385.256256103515625 379.90625 367.17498779296875 348.993743896484375 331.46875 362.493743896484375 405.556243896484375 433.32501220703125 449.79998779296875 458.51251220703125 462.431243896484375 461.306243896484375 457.274993896484375 453.96875 448.743743896484375
182.681243896484375 191.03125 199.4875030517578125 207.431243896484375 216.0812530517578125 226.28125 236.0124969482421875 244.7375030517578125 251.475006103515625 252.84375 250.0187530517578125 246.0500030517578125 242.6125030517578125 241.225006103515625 237.068756103515625 230.8874969482421875 225.7312469482421875 223.3937530517578125 222.7312469482421875 224.068756103515625 236.4499969482421875 251.3625030517578125 268.71875 284.70001220703125 302.67498779296875 323.04376220703125 342.443756103515625 357.4375 370.881256103515625 377.58123779296875 377.17498779296875 372.40625 363.84375 354.60626220703125 352.524993896484375 374.318756103515625 409.056243896484375 436.399993896484375 452.787506103515625 459.6875 461.95623779296875 460.412506103515625 457.087493896484375 453.912506103515625 449.46875
176.350006103515625 186.0749969482421875 194.493743896484375 203.0749969482421875 211.875 221.8874969482421875 231.8312530517578125 243.2375030517578125 252.306243896484375 250.181243896484375 243.6750030517578125 235.100006103515625 228.3625030517578125 226.9187469482421875 226.1999969482421875 223.493743896484375 219.9875030517578125 218.4187469482421875 217.306243896484375 217.8937530517578125 227.8562469482421875 238.90625 251.8125 267.28125 287.556243896484375 310.462493896484375 331.26251220703125 348.587493896484375 362.381256103515625 368.350006103515625 370.08123779296875 371.306243896484375 372.83123779296875 373.5625 383.256256103515625 402.837493896484375 427.95623779296875 448.79998779296875 460.337493896484375 464.287506103515625 464.07501220703125 461.287506103515625 457.96875 453.524993896484375 449.33123779296875
171.350006103515625 180.399993896484375 189.0625 198.03125 207.09375 216.568756103515625 227.25 238.443756103515625 246.337493896484375 242.9375 235.0812530517578125 227.2312469482421875 218.375 218.4187469482421875 219.9187469482421875 219.087493896484375 217.256256103515625 215.993743896484375 213.3937530517578125 212.46875 219.649993896484375 227.462493896484375 236.931243896484375 251.3937530517578125 269.70623779296875 291.95001220703125 313.66876220703125 334.3125 351.54998779296875 362.181243896484375 370.13751220703125 376.318756103515625 383.82501220703125 392.600006103515625 407.368743896484375 428.493743896484375 449.462493896484375 461.83123779296875 466.975006103515625 468.506256103515625 467.662506103515625 462.95623779296875 458.78125 452.67498779296875 450.018768310546875
169.65625 176.9562530517578125 184.1125030517578125 193.068756103515625 202.96875 212.1687469482421875 220.7624969482421875 229.2375030517578125 234.46875 233.8000030517578125 229.9187469482421875 223.5437469482421875 219.2624969482421875 218.6687469482421875 217.931243896484375 217.625 215.8062591552734375 214.368743896484375 211.6437530517578125 208.3937530517578125 211.8562469482421875 216.34375 221.8562469482421875 233.0812530517578125 251.681243896484375 276.70001220703125 298.649993896484375 322.66876220703125 342.912506103515625 359.58123779296875 371.443756103515625 381.82501220703125 394.618743896484375 407.78125 423.162506103515625 438.26873779296875 455.712493896484375 467.024993896484375 470.225006103515625 473.068756103515625 472.118743896484375 465.943756103515625 458.29376220703125 454.51873779296875 445.4375
170.6062469482421875 177.15625 182.1999969482421875 190.4187469482421875 198.537506103515625 206.3937530517578125 213.7062530517578125 220.381256103515625 224.337493896484375 225.15625 223.9875030517578125 222.181243896484375 220.975006103515625 220.556243896484375 219.1687469482421875 218.6062469482421875 216.162506103515625 214.6187591552734375 211.7437591552734375 206.306243896484375 207.8312530517578125 207.6374969482421875 207.868743896484375 215.1750030517578125 235.1999969482421875 262.95001220703125 289.16876220703125 313.524993896484375 336.91876220703125 357.118743896484375 373.65625 389.29376220703125 406.024993896484375 419.29376220703125 432.625 444.96875 459.024993896484375 469.681243896484375 474.024993896484375 476.04998779296875 475.899993896484375 467.743743896484375 455.537506103515625 449.431243896484375 441.01873779296875
174.3562469482421875 177.7937469482421875 182.625 188.631256103515625 194.9187469482421875 201.556243896484375 207.25 212.5 216.375 219.256256103515625 220.9875030517578125 222.006256103515625 223.25 224.6750030517578125 223.9499969482421875 222.8312530517578125 221.8249969482421875 219.1374969482421875 215.087493896484375 210.243743896484375 208.506256103515625 205.537506103515625 200.6750030517578125 205.5250091552734375 228.3937530517578125 255.5437469482421875 282.53125 306.92498779296875 331.29998779296875 352.881256103515625 372.51873779296875 393.125 413.83123779296875 425.962493896484375 437.568756103515625 449.59375 463.25 473.35626220703125 478.475006103515625 481.943756103515625 480.037506103515625 469.493743896484375 454.51251220703125 444.82501220703125 447.1875
178.8562469482421875 180.162506103515625 183.725006103515625 188.243743896484375 192.149993896484375 197.21875 202.962493896484375 207.399993896484375 211.46875 215.287506103515625 217.9875030517578125 221.1875 225.0500030517578125 228.5812530517578125 228.5437469482421875 227.7562408447265625 227.462493896484375 226.2937469482421875 222.4812469482421875 217.568756103515625 214.78125 210.21875 208.3874969482421875 215.118743896484375 232.9875030517578125 256.51251220703125 280.993743896484375 305.32501220703125 328.818756103515625 348.86248779296875 368.41876220703125 388.36248779296875 409.79376220703125 423.88751220703125 437.431243896484375 450.64373779296875 462.53125 474.943756103515625 482.20623779296875 488.868743896484375 492.23748779296875 479.006256103515625 457.962493896484375 446.556243896484375 462.36248779296875
183.2062530517578125 182.9812469482421875 185.243743896484375 187.6999969482421875 191.368743896484375 195.118743896484375 198.7687530517578125 202.6999969482421875 207.375 211.5 215.899993896484375 221.149993896484375 226.8000030517578125 232.506256103515625 234.2312469482421875 235.2062530517578125 236.8125 236.100006103515625 233.375 229.0437469482421875 225.375 220.5437469482421875 219.375 226.1875 241.6875 260.600006103515625 282.131256103515625 304.9375 327.23126220703125 346.33123779296875 363.38751220703125 381.306243896484375 402.70001220703125 420.006256103515625 436.07501220703125 450.118743896484375 461.79376220703125 474.743743896484375 483.1875 489.962493896484375 499.23748779296875 485.45001220703125 464.32501220703125 463.54998779296875 483.868743896484375
191.2624969482421875 189.6999969482421875 190.0625 190.7937469482421875 192.6125030517578125 194.431243896484375 197.2312469482421875 200.4375 205.3125 209.6999969482421875 214.7562408447265625 222.1062469482421875 230.1437530517578125 237.556243896484375 240.9562530517578125 243.787506103515625 246.78125 250.1999969482421875 249.087493896484375 242.84375 237.7687530517578125 232.9499969482421875 230.881256103515625 237.90625 250.28125 266.5625 285.79998779296875 305.631256103515625 325.15625 342.23126220703125 358.649993896484375 374.54998779296875 395.024993896484375 415.5625 433.73126220703125 447.375 459.46875 473.5 477.0625 483.08123779296875 492.818756103515625 491.70001220703125 483.08123779296875 489.75 499.149993896484375
198.412506103515625 195.475006103515625 194.1999969482421875 193.9812469482421875 194.46875 194.6437530517578125 196.9499969482421875 199.193756103515625 203.8000030517578125 208.625 214.350006103515625 222.5 232.09375 240.5 246.0625 251.5 258.131256103515625 262.78125 264.875 258.09375 251.381256103515625 244.5749969482421875 242.0500030517578125 247.8937530517578125 257.631256103515625 272.51251220703125 288.51873779296875 305.100006103515625 323.01873779296875 338.70001220703125 354.306243896484375 370.837493896484375 391.306243896484375 412.23748779296875 431.61248779296875 444.23748779296875 456.92498779296875 471.79998779296875 473.274993896484375 469.75 482.16876220703125 494.693756103515625 500.53125 509.51873779296875 519.45623779296875
204.6437530517578125 200.65625 198.037506103515625 196.412506103515625 195.875 195.25 196.774993896484375 197.837493896484375 202.21875 207.193756103515625 213.2375030517578125 222.181243896484375 232.2062530517578125 242.9499969482421875 251.100006103515625 259.13751220703125 265.412506103515625 270.037506103515625 272.256256103515625 268.862518310546875 261.29998779296875 255.0625 250.618743896484375 255.0187530517578125 265.006256103515625 276.54376220703125 289.60626220703125 305.26251220703125 319.868743896484375 335.537506103515625 351.225006103515625 367.493743896484375 386.9375 408.024993896484375 427.96875 441.40625 456.625 470.399993896484375 468.600006103515625 470.33123779296875 488.32501220703125 507.5625 520.4375 538.29998779296875 553.3687744140625
213.2375030517578125 209.15625 205.537506103515625 202.8312530517578125 200.6437530517578125 200.0625 199.96875 199.96875 202.850006103515625 207.743743896484375 215.28125 224.131256103515625 235.274993896484375 248.46875 257.66876220703125 266.13751220703125 272.631256103515625 277.475006103515625 278.65625 276.631256103515625 271.45001220703125 265.45001220703125 260.243743896484375 264.42498779296875 271.743743896484375 280.431243896484375 291.524993896484375 304.85626220703125 319.037506103515625 333.631256103515625 348.79998779296875 364.725006103515625 384.9375 405.98748779296875 424.86248779296875 441.57501220703125 457.58123779296875 470.45623779296875 471.9375 485.100006103515625 504.056243896484375 523.40625 542.1312255859375 563.70623779296875 593.04998779296875
221.899993896484375 217.537506103515625 214.149993896484375 210.681243896484375 207.5124969482421875 205.3937530517578125 203.787506103515625 202.7375030517578125 204.381256103515625 208.212493896484375 215.100006103515625 226.3249969482421875 238.7375030517578125 251.212493896484375 261.03125 271.431243896484375 280.39373779296875 284.64373779296875 284.712493896484375 283.212493896484375 279.71875 274.10626220703125 269.875 271.4375 276.412506103515625 282.03125 292.29998779296875 303.537506103515625 317.631256103515625 331.39373779296875 345.32501220703125 362.256256103515625 383.368743896484375 404.08123779296875 425.04998779296875 442.399993896484375 458.14373779296875 471.100006103515625 481.412506103515625 497.34375 514.6812744140625 534.8187255859375 559.59375 584.96875 618.98748779296875
230.774993896484375 226.84375 223.125 218.6374969482421875 213.5437469482421875 210.774993896484375 207.625 205.96875 205.5124969482421875 207.631256103515625 214.8249969482421875 227.931243896484375 242.3937530517578125 255.6875 267.5 277.618743896484375 287.38751220703125 291.181243896484375 291.34375 289.912506103515625 287.149993896484375 281.443756103515625 276.75 276.29998779296875 279.45623779296875 283.5625 291.70623779296875 302.51251220703125 314.04376220703125 328.42498779296875 343.774993896484375 360.681243896484375 381.337493896484375 402.881256103515625 423.07501220703125 439.48126220703125 455.649993896484375 475.20001220703125 489.26873779296875 504.837493896484375 522.42498779296875 540.4312744140625 564.71875 591.0875244140625 619.4937744140625
241.9187469482421875 237.493743896484375 233.1437530517578125 228.3125 223.100006103515625 219.09375 215.556243896484375 211.631256103515625 209.056243896484375 210.40625 217.368743896484375 231.3562469482421875 247.912506103515625 262.84375 274.368743896484375 285 293.568756103515625 296.774993896484375 297.83123779296875 297.350006103515625 293.73748779296875 287.443756103515625 281.60626220703125 280.79376220703125 282.21875 284.66876220703125 291.6875 301.63751220703125 312.28125 326.26251220703125 342.29376220703125 358.76251220703125 377.693756103515625 399.5625 419.14373779296875 434.45001220703125 453.287506103515625 472.29998779296875 484.274993896484375 500.51873779296875 518.9375 535.4375 554.6875 579.8812255859375 600.5250244140625
252.3687591552734375 248.375 244.1062469482421875 238.8937530517578125 233.96875 229.806243896484375 224.9375 219.912506103515625 214.912506103515625 212.212493896484375 221.2624969482421875 240.1062469482421875 257.162506103515625 270.493743896484375 282.29998779296875 291.693756103515625 299.04998779296875 301.693756103515625 303.20001220703125 301.11248779296875 297.46875 291.0625 285.25 282.399993896484375 282.306243896484375 283.98126220703125 290.3125 300.162506103515625 309.787506103515625 324.337493896484375 340 356.1875 376.037506103515625 397.431243896484375 415.875 432.07501220703125 450.26251220703125 468.662506103515625 480.67498779296875 492.75 507.70623779296875 522.66876220703125 540.7249755859375 562.4437255859375 579.7750244140625
262.8125 259.48126220703125 254.8312530517578125 250.006256103515625 245.975006103515625 241.9875030517578125 237.056243896484375 231.0749969482421875 226.725006103515625 221.868743896484375 237.493743896484375 256.975006103515625 269.89373779296875 280.95001220703125 290.20623779296875 298.649993896484375 303.67498779296875 305.26873779296875 305.256256103515625 302.024993896484375 296.60626220703125 290.537506103515625 286.162506103515625 282.34375 281.462493896484375 282.881256103515625 288.40625 298.09375 307.850006103515625 322.1875 336.837493896484375 352.54376220703125 372.03125 393.3125 410.550018310546875 427.850006103515625 444.975006103515625 459.868743896484375 472.912506103515625 485.443756103515625 495.681243896484375 510.20623779296875 523.8375244140625 537.01251220703125 551.66876220703125
269.73126220703125 266.975006103515625 263.67498779296875 260.08123779296875 257 253.1875 250.5 247.09375 247.662506103515625 255.537506103515625 273.64373779296875 281.462493896484375 286.931243896484375 293.712493896484375 300.40625 305.86248779296875 308.5 307.75 305.09375 300.04998779296875 292.73126220703125 286.54998779296875 282.20623779296875 279.33123779296875 278.95001220703125 281.04376220703125 287.01251220703125 295.45623779296875 305.09375 318.875 333.96875 347.84375 364.84375 384.45001220703125 404.274993896484375 418.66876220703125 432.95001220703125 448.23748779296875 457.98126220703125 466.931243896484375 475.85626220703125 489.14373779296875 499.5625 511.212493896484375 520.8187255859375
276.67498779296875 274.712493896484375 272.587493896484375 269.70001220703125 268.29998779296875 267.587493896484375 265.774993896484375 266.899993896484375 270.837493896484375 278.756256103515625 289.85626220703125 298.36248779296875 303.618743896484375 307.462493896484375 311.95623779296875 314.100006103515625 314.11248779296875 310.64373779296875 304.712493896484375 298.29998779296875 289.32501220703125 282.368743896484375 276.5625 274.037506103515625 275.32501220703125 278.306243896484375 283.837493896484375 292.48748779296875 301.60626220703125 314.23126220703125 327.29376220703125 343.162506103515625 361.57501220703125 378.34375 395.743743896484375 409.57501220703125 420.850006103515625 433.34375 443.14373779296875 448.056243896484375 453.962493896484375 464.98748779296875 473.681243896484375 482.13751220703125 489.45623779296875
