data/historical-monthly-weather-data/wc2.1_cruts4.09_10m_prec_1960-07.asc
ncols        51
nrows        45
xllcorner    -63.500000000000
yllcorner    -7.500000000000
cellsize     0.166666666667
NODATA_value -9999
[rows 19 to 37 of 45, columns 0 to 42 of 51]
107.3125 106.7312469482421875 103.8874969482421875 101.0124969482421875 97.61875152587890625 97.86875152587890625 93.4812469482421875 91.36875152587890625 90.22499847412109375 86.66249847412109375 83.78749847412109375 82.75624847412109375 79.18125152587890625 75.59375 69.8562469482421875 63.393749237060546875 59.40000152587890625 63.924999237060546875 60.143749237060546875 58.52500152587890625 55.8125 60.106250762939453125 67.09375 70.4812469482421875 70.6437530517578125 66.9499969482421875 65 65.8562469482421875 64.22499847412109375 62.625 65.1374969482421875 71.7687530517578125 72.84375 73.3125 74.7624969482421875 78.71875 80.4250030517578125 80.3249969482421875 79.6437530517578125 75.65000152587890625 68.53749847412109375 63.06874847412109375 61.40000152587890625
94.31874847412109375 99.3874969482421875 100.71250152587890625 95.9187469482421875 91.0749969482421875 91.22499847412109375 88.6875 87.1750030517578125 85.39374542236328125 83.13124847412109375 79.6125030517578125 78.7062530517578125 76.53125 72.5437469482421875 67.22499847412109375 62.206249237060546875 59.33750152587890625 59.21250152587890625 60.450000762939453125 56.987499237060546875 60.299999237060546875 64.30625152587890625 69.2375030517578125 73.2312469482421875 72.81874847412109375 68.05625152587890625 62.31874847412109375 62.33750152587890625 63.15625 63.356250762939453125 67.33750152587890625 71.28125 69.2312469482421875 70.02500152587890625 71.40000152587890625 73.9250030517578125 75.59375 73.97499847412109375 71.5625 67.6999969482421875 63.18125152587890625 60.393749237060546875 57.47499847412109375
88.78749847412109375 88.1875 90.8249969482421875 89.5187530517578125 86.9187469482421875 83.77500152587890625 82.0812530517578125 80.83750152587890625 80.25624847412109375 78.5 76.8625030517578125 73.8562469482421875 71.15625 70.7687530517578125 68.52500152587890625 63.762500762939453125 62.77500152587890625 61.387500762939453125 61.375 60.52500152587890625 60.47499847412109375 63.893749237060546875 68.55625152587890625 68.6687469482421875 66.38124847412109375 63.1875 63.3125 60.81874847412109375 63.487499237060546875 66.2375030517578125 67.4875030517578125 68.2937469482421875 66.6750030517578125 65.9875030517578125 65.19374847412109375 68.1437530517578125 69.44374847412109375 68.3249969482421875 66.34375 63.424999237060546875 59.950000762939453125 57.78125 55.581249237060546875
83.1875 86.6374969482421875 87.1062469482421875 84.59375 81.47499847412109375 79.68125152587890625 74.40000152587890625 73.3249969482421875 74.08750152587890625 75.83750152587890625 75.4499969482421875 72.83750152587890625 72.1374969482421875 70.75624847412109375 70 67.9562530517578125 64.30625152587890625 61.5625 60.68125152587890625 61.36875152587890625 64.63124847412109375 65.5625 67.40000152587890625 66.8125 66.51874542236328125 62.33750152587890625 59.93125152587890625 60.206249237060546875 60.518749237060546875 61.674999237060546875 62.918750762939453125 64.65000152587890625 62.481250762939453125 60 59.90625 60.27500152587890625 62.21250152587890625 60.65625 60.575000762939453125 59.4375 57.03749847412109375 54.03125 52.24375152587890625
74.875 80.46875 83.13124847412109375 80.1125030517578125 76.9562530517578125 73.9812469482421875 73.09999847412109375 70.96250152587890625 69.7687530517578125 69.16249847412109375 69.8312530517578125 72.38124847412109375 72.09999847412109375 72.18125152587890625 69.5749969482421875 67.5625 63.631252288818359375 63.325000762939453125 62.15000152587890625 64.02500152587890625 64.78749847412109375 67.71250152587890625 68.86875152587890625 69.875 68.36875152587890625 63.30625152587890625 62.06874847412109375 58.63124847412109375 57.53749847412109375 58.06874847412109375 59.325000762939453125 60.21875 56.90625 53.46875 54.375 53.24375152587890625 55.16249847412109375 55.549999237060546875 55.59375 54.46250152587890625 53.11875152587890625 50.856250762939453125 49.700000762939453125
69.21250152587890625 75.53749847412109375 79.15000152587890625 77.0812530517578125 74.4375 70.7312469482421875 69.5 67.9375 67.0124969482421875 68.09375 68.9875030517578125 67.98125457763671875 70.75 70.63124847412109375 67.86875152587890625 64.58750152587890625 62.637500762939453125 63.206249237060546875 63.46250152587890625 64.3874969482421875 66.3125 68.16875457763671875 72.11875152587890625 70.91249847412109375 66.90000152587890625 65.0625 60.106250762939453125 56.5625 54.06874847412109375 54.28749847412109375 52.96250152587890625 52.112499237060546875 50.83750152587890625 48.24375152587890625 46.924999237060546875 47.375 49.30625152587890625 49.08750152587890625 49.9375 49.924999237060546875 48.41249847412109375 47.606250762939453125 47.13124847412109375
67.5 73.4562530517578125 73.0749969482421875 72.28749847412109375 69.7312469482421875 67.2687530517578125 66.02500152587890625 64.53749847412109375 63.168750762939453125 61.88124847412109375 65.7624969482421875 66.625 66.375 67.1750030517578125 65.625 63.59999847412109375 61.41249847412109375 62.09999847412109375 63.237499237060546875 63.65625 67.3874969482421875 69.7687530517578125 73.19374847412109375 71.8249969482421875 67.0124969482421875 62.637500762939453125 58.78125 54.11875152587890625 50.18125152587890625 48.55625152587890625 47.03125 45.331249237060546875 43.206249237060546875 41.793750762939453125 41.90000152587890625 42.5 43.71250152587890625 44.393749237060546875 45.15625 45.36875152587890625 45.59375 44.231250762939453125 43.606250762939453125
61.6875 64.4875030517578125 66.27500152587890625 66.5124969482421875 64.63124847412109375 63.50624847412109375 63.11875152587890625 61.58750152587890625 59.387500762939453125 61.65000152587890625 64.41249847412109375 65.5 66 65.4499969482421875 63.53749847412109375 63.237499237060546875 61.412502288818359375 60.90000152587890625 62.55625152587890625 64.03749847412109375 65.69374847412109375 68.36875152587890625 72.5187530517578125 72.71250152587890625 66.33750152587890625 59.66249847412109375 55.46250152587890625 51.549999237060546875 47.862499237060546875 44.299999237060546875 43.08750152587890625 39.793750762939453125 37.25624847412109375 37.71875 37.018749237060546875 38.15000152587890625 37.96875 38.512500762939453125 39.706249237060546875 40.69374847412109375 41.887500762939453125 41.53749847412109375 40.706249237060546875
56.25 56.41249847412109375 58.262500762939453125 60.231250762939453125 59.450000762939453125 59.243747711181640625 59.21875 58.05625152587890625 57.94374847412109375 59.518749237060546875 61.237499237060546875 61.71250152587890625 62.84999847412109375 63.168750762939453125 61.21250152587890625 60.22499847412109375 59.362499237060546875 59.59999847412109375 59.450000762939453125 61.518749237060546875 64.91249847412109375 66.6374969482421875 67.6437530517578125 67.41249847412109375 63.237499237060546875 57.27500152587890625 53 49.08750152587890625 45.38124847412109375 42.91249847412109375 40.674999237060546875 38.38124847412109375 35.6875 33.90000152587890625 33.137500762939453125 33.674999237060546875 33.299999237060546875 33.793750762939453125 35.27500152587890625 37.206249237060546875 38.34375 39.65000152587890625 38.375
50.512500762939453125 50.47499847412109375 53.018749237060546875 52.893749237060546875 53.78125 53.231250762939453125 53.231250762939453125 53.956249237060546875 54.21875 56.40000152587890625 57.77500152587890625 58.59375 60.21875 61.59375 60.137500762939453125 58.97499847412109375 58.9375 57.512500762939453125 58.125 59.893749237060546875 61.987499237060546875 63.40625 64.90000152587890625 63.02500152587890625 59.31874847412109375 54.44374847412109375 50.40625 46.65625 44.36875152587890625 41.88124847412109375 39.081249237060546875 36.918750762939453125 33.72499847412109375 31.193750381469726562 29.856250762939453125 29.981250762939453125 29.587499618530273438 29.725000381469726562 30.981250762939453125 31.9375 33.893749237060546875 34.38124847412109375 34.518749237060546875
45.3125 46.53125 48.18125152587890625 48.424999237060546875 48.34999847412109375 48.8125 48.768749237060546875 50.75 52.268749237060546875 53.5625 55.11875152587890625 57.33750152587890625 58.93125152587890625 59.38124847412109375 58.41249847412109375 57.59999847412109375 56.66249847412109375 56.5 56.106250762939453125 56.81874847412109375 59.237499237060546875 60.21250152587890625 61.549999237060546875 58.5625 55.575000762939453125 51.768749237060546875 47.80625152587890625 44.706249237060546875 42.59999847412109375 39.831249237060546875 37.362499237060546875 34.80625152587890625 31.493749618530273438 29 26.981250762939453125 26.393749237060546875 26.487499237060546875 25.743749618530273438 25.837499618530273438 26.625 28.28125 29.106250762939453125 29.337499618530273438
41.456249237060546875 42.24375152587890625 42.081249237060546875 43.924999237060546875 44.918750762939453125 46.08750152587890625 46.375 47.56874847412109375 49.34375 51.13124847412109375 53.28749847412109375 54.893749237060546875 57.96250152587890625 57.3125 56.03125 55.94374847412109375 56.63124847412109375 54.575000762939453125 52.90000152587890625 54.700000762939453125 57.09999847412109375 57.90000152587890625 58.22499847412109375 54.487499237060546875 51.075000762939453125 49.325000762939453125 45.84375 42.24375152587890625 39.34999847412109375 37.34999847412109375 35.106250762939453125 33.075000762939453125 30.03125 27.512500762939453125 25.143749237060546875 23.693750381469726562 22.9375 22.475000381469726562 21.806249618530273438 21.424999237060546875 22.206249237060546875 23.537500381469726562 23.9375
37.86875152587890625 36.96875 36.987499237060546875 38.049999237060546875 39.893749237060546875 41.831249237060546875 43.512500762939453125 44.643749237060546875 46.924999237060546875 48.174999237060546875 50.66249847412109375 53.55625152587890625 55.268749237060546875 56.96250152587890625 56.25 55.78125 55.481250762939453125 53.38124847412109375 51.09999847412109375 52.762500762939453125 53.52500152587890625 54.518749237060546875 54.081249237060546875 50.637500762939453125 48.59999847412109375 45.78749847412109375 42.9375 40.575000762939453125 37.0625 35.18125152587890625 33.56874847412109375 31.399999618530273438 28.162500381469726562 25.543750762939453125 23.3125 21.381250381469726562 20.375 18.568750381469726562 17.868749618530273438 17.881250381469726562 18.200000762939453125 18.75 19.037500381469726562
34.80625152587890625 33.625 33.106250762939453125 33.737499237060546875 35.362499237060546875 37.125 39.200000762939453125 40.862499237060546875 42.237499237060546875 45.362499237060546875 49.043750762939453125 50.831249237060546875 53.36875152587890625 56.28125 56.268749237060546875 54.78749847412109375 53.25 53.081249237060546875 51.90000152587890625 52.63124847412109375 52.50624847412109375 51.956249237060546875 50.518749237060546875 48.19374847412109375 46.8125 43.96875 41.96250152587890625 38.96250152587890625 36.55625152587890625 33.9375 31.893749237060546875 29.424999237060546875 25.899999618530273438 23.431249618530273438 21.53125 20.018751144409179688 17.931249618530273438 16.081249237060546875 15.356249809265136719 15.46875 15.393750190734863281 15.774999618530273438 15.375
32.00624847412109375 31.012498855590820312 30.981250762939453125 31.450000762939453125 32.03125 32.706249237060546875 34.41249847412109375 35.34375 38.450000762939453125 40.84375 44.75 48.268749237060546875 51.90000152587890625 54.106250762939453125 54.28749847412109375 52.706249237060546875 52.18125152587890625 51.55625152587890625 50.456249237060546875 50.53749847412109375 50.83750152587890625 49.018749237060546875 48.59999847412109375 46.74375152587890625 44.268749237060546875 41.56874847412109375 39.66249847412109375 37.8125 35.450000762939453125 32.91249847412109375 30.5625 27.71875 24.306249618530273438 22.0625 19.9375 18.018749237060546875 15.693750381469726562 13.987500190734863281 13.512499809265136719 13.106249809265136719 12.862500190734863281 13.137499809265136719 13.175000190734863281
29.850000381469726562 28.131250381469726562 28.762500762939453125 28.875 29.59375 30.212499618530273438 30.9375 31.768751144409179688 33.462497711181640625 36.174999237060546875 40.58750152587890625 45.59375 51.28125 54.66249847412109375 53.52500152587890625 52.25 51.34999847412109375 50.16249847412109375 49.793750762939453125 48.731250762939453125 48.6875 48.200000762939453125 46.94374847412109375 44.950000762939453125 42.50624847412109375 39.787502288818359375 38.106250762939453125 36.38124847412109375 34.075000762939453125 30.075000762939453125 27.768749237060546875 25.912500381469726562 23.037500381469726562 20.612499237060546875 18.012500762939453125 16.09375 14.21875 12.793749809265136719 11.925000190734863281 11.131250381469726562 10.512499809265136719 10.324999809265136719 10.631250381469726562
28.137500762939453125 27.068750381469726562 27.875 27.412500381469726562 27.818750381469726562 28.068750381469726562 28.712499618530273438 29.231250762939453125 30.549999237060546875 32.34375 36.206249237060546875 41.91249847412109375 48.9375 51.21875 51.756252288818359375 51.137500762939453125 50.81874847412109375 49.112499237060546875 47.56874847412109375 46.75624847412109375 44.700000762939453125 45.25624847412109375 43.543750762939453125 41.518749237060546875 38.856250762939453125 37.90625 36.46875 34.962497711181640625 32.80625152587890625 29.037500381469726562 26.53125 24.799999237060546875 21.9375 19.681249618530273438 17.268749237060546875 15.1875 13.587499618530273438 12.137499809265136719 11.53125 10.693750381469726562 9.7749996185302734375 9.5687503814697265625 9.2437496185302734375
26.293750762939453125 25.962499618530273438 26.375 25.756250381469726562 26.018749237060546875 26.6875 27.106250762939453125 27.350000381469726562 27.9375 28.299999237060546875 32.174999237060546875 38.40625 44.31874847412109375 47.13124847412109375 48.856250762939453125 49.21250152587890625 48.81874847412109375 46.637500762939453125 44.96875 44.24375152587890625 42.012500762939453125 40.90625 39.65625 38.668750762939453125 36.456249237060546875 35.36875152587890625 34.27500152587890625 32.731250762939453125 30.899999618530273438 28.206249237060546875 25.450000762939453125 23.081249237060546875 20.375 18.325000762939453125 16.125 14.068750381469726562 12.612500190734863281 11.725000381469726562 11.231249809265136719 10.262499809265136719 9.1875 8.8374996185302734375 8.3999996185302734375
23.924999237060546875 24.068750381469726562 23.887500762939453125 24.21875 24.487499237060546875 25.03125 25.450000762939453125 25.612499237060546875 26.1875 26 31.556249618530273438 37.174999237060546875 41.09999847412109375 44.112499237060546875 46.424999237060546875 47.25624847412109375 45.81874847412109375 45.13124847412109375 42.78125 41.72499847412109375 40.18125152587890625 38.549999237060546875 36.56874847412109375 35.875 34.68125152587890625 33.606250762939453125 32.34999847412109375 31.0625 29.524999618530273438 26.581249237060546875 22.96875 21.112501144409179688 18.737499237060546875 17.006250381469726562 14.725000381469726562 12.824999809265136719 12.074999809265136719 11.193750381469726562 10.681249618530273438 9.8312501907348632812 8.8625001907348632812 8.6687498092651367188 8.0625
