data/historical-monthly-weather-data/wc2.1_cruts4.09_10m_prec_1958-01.asc
ncols        45
nrows        45
xllcorner    -63.500000000000
yllcorner    -7.500000000000
cellsize     0.166666666667
NODATA_value -9999
[rows 0 to 19 of 45, columns 0 to 44 of 45]
141.9562530517578125 142.037506103515625 136.625 132.837493896484375 127.8562469482421875 125.71250152587890625 122.05625152587890625 116.68125152587890625 112.40000152587890625 109.8312530517578125 108.50624847412109375 107.6999969482421875 106.13124847412109375 102.05625152587890625 99.91249847412109375 99.22499847412109375 98.7062530517578125 96.58750152587890625 98.8625030517578125 101.21875 104.79999542236328125 109.65625 114.77500152587890625 120.125 127.21250152587890625 133.850006103515625 141.8000030517578125 151.25 161.868743896484375 172.0437469482421875 183.162506103515625 194.756256103515625 204.7937469482421875 216.9812469482421875 227.2687530517578125 234.743743896484375 238.524993896484375 240.4812469482421875 240.90625 240.3249969482421875 238.725006103515625 237.375 234.774993896484375 232.9187469482421875 233.3125
150.6187591552734375 150.3625030517578125 146.431243896484375 142.46875 139.3187408447265625 137.899993896484375 134.712493896484375 131.6687469482421875 129.3249969482421875 127.2375030517578125 124.5437469482421875 121.84375 118.3874969482421875 115.21250152587890625 112.24375152587890625 109.88124847412109375 107.83750152587890625 107.02500152587890625 108.8000030517578125 112.2375030517578125 117.2937469482421875 122.7062530517578125 129.0187530517578125 136.274993896484375 143.0187530517578125 149.9250030517578125 158.506256103515625 167.587493896484375 177.2062530517578125 189.0812530517578125 200.7937469482421875 212.193756103515625 222.212493896484375 235.787506103515625 245.53125 249.556243896484375 255.1750030517578125 256.41876220703125 254.993743896484375 253.1875 251.6062469482421875 249.431243896484375 244.881256103515625 242.03125 241.09375
160.193756103515625 160.962493896484375 157.837493896484375 155.131256103515625 153.3562469482421875 152.59375 151.2624969482421875 150.287506103515625 148.84375 147.024993896484375 143.8874969482421875 139.806243896484375 135.649993896484375 130.8562469482421875 126.69374847412109375 122.3625030517578125 119.4499969482421875 118.6875 119.91249847412109375 124.40000152587890625 130.931243896484375 138.6437530517578125 146.087493896484375 153.4562530517578125 160.7562408447265625 167.975006103515625 176.7687530517578125 185.681243896484375 193.899993896484375 204.6437530517578125 217.625 230.0062408447265625 241.5625 250.662506103515625 261.9375 265.381256103515625 269.462493896484375 271.774993896484375 269.85626220703125 266.60626220703125 265.20623779296875 261.600006103515625 256.85626220703125 252.6374969482421875 248.993743896484375
168.806243896484375 170.725006103515625 171.0124969482421875 169.8312530517578125 170.4562530517578125 167.837493896484375 168.5500030517578125 170.3562469482421875 171.225006103515625 170.8249969482421875 166.15625 160.068756103515625 154.1125030517578125 148.037506103515625 142.837493896484375 137.2062530517578125 132.274993896484375 129.899993896484375 131.806243896484375 138.375 147.931243896484375 157.149993896484375 163.875 172.5625 180.962493896484375 189 198 204.568756103515625 212.1812591552734375 223.1812591552734375 235.537506103515625 249.5 259.743743896484375 268.54998779296875 276.95001220703125 282.068756103515625 284.256256103515625 286.462493896484375 284.98126220703125 282.83123779296875 278.65625 275.375 269.881256103515625 263.46875 258.725006103515625
183.818756103515625 184.09375 183.493743896484375 184.5749969482421875 186.09375 185.7624969482421875 185.975006103515625 189.6875 193.7312469482421875 195.3249969482421875 188.6812591552734375 180.837493896484375 174.4250030517578125 167.975006103515625 161.493743896484375 154.3625030517578125 147.4375 142.2937469482421875 146.1062469482421875 155.649993896484375 167.818756103515625 177.4499969482421875 185.1750030517578125 193.7624969482421875 202.3562469482421875 212.287506103515625 218.056243896484375 223.9187469482421875 233.46875 243.818756103515625 255.9562530517578125 265.95001220703125 277.23748779296875 287.34375 295.41876220703125 299.318756103515625 302.568756103515625 301.70623779296875 300.131256103515625 297.068756103515625 294.931243896484375 289.337493896484375 283.537506103515625 275.412506103515625 269.024993896484375
198.662506103515625 200.131256103515625 199.40625 198.8874969482421875 199.9875030517578125 200.15625 201.2624969482421875 203.9250030517578125 208.243743896484375 211.25 204.337493896484375 197.912506103515625 191.7937469482421875 186.212493896484375 179.368743896484375 174.368743896484375 167.225006103515625 162.0187530517578125 168.493743896484375 179.15625 190.350006103515625 199.1374969482421875 207.850006103515625 214.9499969482421875 223.7062530517578125 232.912506103515625 238.975006103515625 244.09375 252.337493896484375 263.725006103515625 274.412506103515625 284.53125 292.29998779296875 302.16876220703125 312.96875 315.71875 317.712493896484375 317.818756103515625 316.32501220703125 314.57501220703125 309.40625 304.193756103515625 296.95623779296875 288.662506103515625 281.443756103515625
214.4875030517578125 216.412506103515625 215.9187469482421875 213.3625030517578125 212.0625 210.100006103515625 210.493743896484375 211.8249969482421875 213.462493896484375 213.462493896484375 213.087493896484375 210.912506103515625 208.9875030517578125 205.6750030517578125 201.28125 198.318756103515625 195.931243896484375 198.2062530517578125 205.149993896484375 211.3125 216.1125030517578125 223.4812469482421875 229.03125 236.0625 245.274993896484375 253.1750030517578125 258.912506103515625 264.443756103515625 270.681243896484375 281.131256103515625 293.57501220703125 303.537506103515625 309.83123779296875 317.21875 325.618743896484375 330.399993896484375 332.15625 333.337493896484375 334.556243896484375 330.3125 323.63751220703125 317.631256103515625 310.16876220703125 301.868743896484375 293.65625
232.2062530517578125 231.34375 229.875 227.8000030517578125 225.337493896484375 223.2687530517578125 220.46875 215.506256103515625 212.100006103515625 215.15625 221.256256103515625 224.618743896484375 226.806243896484375 225.2624969482421875 224.399993896484375 224.225006103515625 226.5062408447265625 234.4250030517578125 245.618743896484375 245.5 243.4812469482421875 246.912506103515625 251.118743896484375 258.193756103515625 267.6875 274.587493896484375 278.899993896484375 283.54376220703125 291.13751220703125 301.712493896484375 311.64373779296875 321.45623779296875 326.61248779296875 332.64373779296875 339.287506103515625 343.48126220703125 345.818756103515625 347.306243896484375 347.20001220703125 344.90625 339.73126220703125 333.6875 326.287506103515625 316.993743896484375 309.95001220703125
247.725006103515625 246.225006103515625 244.6687469482421875 241.193756103515625 239.100006103515625 235.306243896484375 231.225006103515625 225.7687530517578125 219.368743896484375 220.006256103515625 232.0749969482421875 239.318756103515625 244.8249969482421875 245.337493896484375 246.243743896484375 247.3562469482421875 250.462493896484375 258.88751220703125 268.649993896484375 266.375 261.412506103515625 264.48126220703125 267.86248779296875 278.04376220703125 287.04376220703125 293.337493896484375 297.48748779296875 300.475006103515625 307.96875 318.83123779296875 329.375 336.318756103515625 341.131256103515625 345.29376220703125 350.625 353.4375 356.993743896484375 358.568756103515625 358.61248779296875 357.11248779296875 352.01873779296875 346.07501220703125 341.881256103515625 335.381256103515625 327.649993896484375
263.21875 261.056243896484375 257.70001220703125 254.6437530517578125 252.806243896484375 249.7125091552734375 245.90625 242.5500030517578125 240.3625030517578125 244.34375 253.243743896484375 260.25 265.306243896484375 266.66876220703125 268.11248779296875 269.756256103515625 271.11248779296875 275.024993896484375 277.787506103515625 276.618743896484375 273.493743896484375 277.15625 282.75 295.88751220703125 303.493743896484375 308.54376220703125 312.574981689453125 316.337493896484375 322.1875 332.256256103515625 341.3125 348.475006103515625 353.57501220703125 358.181243896484375 363.20001220703125 364.662506103515625 366.79376220703125 368.79376220703125 368.912506103515625 367.90625 365.868743896484375 361.225006103515625 357.162506103515625 349.76251220703125 343.725006103515625
280.131256103515625 277.46875 272.53125 268.70623779296875 265.806243896484375 264.01873779296875 262.01873779296875 262.5625 264.13751220703125 269.8125 279.89373779296875 286.63751220703125 288.537506103515625 288.368743896484375 288.79376220703125 288.943756103515625 287.631256103515625 286.818756103515625 284.587493896484375 281.318756103515625 282.118743896484375 286.431243896484375 296.46875 307.975006103515625 319.71875 322.850006103515625 325.662506103515625 329.475006103515625 334.73126220703125 341.60626220703125 349.931243896484375 357.868743896484375 363.71875 368.774993896484375 373.08123779296875 375.63751220703125 377.024993896484375 377.149993896484375 378.79376220703125 379.375 377.912506103515625 372.399993896484375 369.04998779296875 363.04998779296875 357.431243896484375
292.443756103515625 289.056243896484375 284.73126220703125 282.537506103515625 280.431243896484375 278.59375 278.65625 283.193756103515625 287.54998779296875 293.9375 305.100006103515625 315.29376220703125 315.01873779296875 312.35626220703125 310.98748779296875 307.587493896484375 304.29376220703125 298 292.90625 286.350006103515625 285.431243896484375 291.08123779296875 305.068756103515625 322.256256103515625 331.743743896484375 330.256256103515625 332.73748779296875 336.41876220703125 342.73748779296875 351.381256103515625 359.35626220703125 366.056243896484375 372.018768310546875 377.087493896484375 381.631256103515625 384.287506103515625 385.837493896484375 385.524993896484375 386.868743896484375 388.20001220703125 386.868743896484375 381.29376220703125 373.774993896484375 365.54376220703125 357.0625
305.850006103515625 302.76251220703125 299.1875 296.631256103515625 294.79998779296875 295.931243896484375 297.42498779296875 301.54376220703125 307.51873779296875 315.70623779296875 327.056243896484375 338.662506103515625 339.89373779296875 333.45001220703125 330.40625 325.631256103515625 319.300018310546875 312.51251220703125 304.524993896484375 295.0625 286.850006103515625 294.412506103515625 311.42498779296875 325.08123779296875 327.118743896484375 327.04998779296875 335.42498779296875 343.79998779296875 351.01873779296875 360.3125 368.212493896484375 374.01251220703125 378.66876220703125 383.34375 387.662506103515625 390.181243896484375 390.92498779296875 390.45623779296875 390.79376220703125 391.693756103515625 392.13751220703125 385.274993896484375 370.524993896484375 356.08123779296875 345.412506103515625
317.15625 314.931243896484375 311.76251220703125 309.79376220703125 309.10626220703125 309.32501220703125 312.23748779296875 319.45001220703125 326.29998779296875 335.01873779296875 343.625 353.3125 354.5 352.024993896484375 346.193756103515625 341.88751220703125 333.881256103515625 326.881256103515625 317.20623779296875 307.95001220703125 302.88751220703125 308.212493896484375 317.875 327.35626220703125 328.42498779296875 331.425018310546875 340.48126220703125 349.625 359.912506103515625 368.59375 376.181243896484375 381.59375 384.956268310546875 387.76873779296875 392.42498779296875 394.087493896484375 395.274993896484375 395.98748779296875 394.42498779296875 392.36248779296875 388.20001220703125 371.375 358.42498779296875 349.962493896484375 343.399993896484375
327.17498779296875 325.087493896484375 323.125 321.79376220703125 322.993743896484375 324.63751220703125 329.45623779296875 335.89373779296875 342.412506103515625 349.48748779296875 358.131256103515625 366.287506103515625 369.48748779296875 368.931243896484375 362.67498779296875 356.90625 348.38751220703125 339.10626220703125 330.193756103515625 323.506256103515625 320.600006103515625 321.693756103515625 328.118743896484375 333.756256103515625 338.443756103515625 342.96875 350.76873779296875 360.58123779296875 370.024993896484375 379.3125 385.26873779296875 387.71875 392.118743896484375 393.25 395.98126220703125 396.118743896484375 398.337493896484375 400.96875 399.0625 387.21875 370.493743896484375 358.618743896484375 353.82501220703125 348.83123779296875 339.40625
335.60626220703125 333.1875 332.21875 331.73126220703125 334.100006103515625 336.86248779296875 342.65625 349.04998779296875 354.631256103515625 362.45001220703125 371.087493896484375 379.756256103515625 384.51251220703125 385.087493896484375 379.875 369.524993896484375 361.618743896484375 352.524993896484375 342.762481689453125 336.76251220703125 337.131256103515625 338.350006103515625 341.931243896484375 345.681243896484375 349.381256103515625 353.82501220703125 360.26251220703125 371.537506103515625 382.568756103515625 392.41876220703125 397.524993896484375 397.537506103515625 395.76251220703125 395.20623779296875 395.41876220703125 398.881256103515625 401.931243896484375 403.04998779296875 399.649993896484375 384.287506103515625 361.850006103515625 351.631256103515625 349.61248779296875 343.381256103515625 335.225006103515625
341.46875 339.681243896484375 338.4375 339.493743896484375 343.54998779296875 347.256256103515625 354.0625 360.6875 366.73126220703125 373.625 383.13751220703125 393.725006103515625 399.662506103515625 401.25 396.381256103515625 386.587493896484375 370.587493896484375 360.64373779296875 353.649993896484375 351.181243896484375 351.57501220703125 353.73748779296875 355.89373779296875 357.243743896484375 361.41876220703125 363.881256103515625 368.95623779296875 380.35626220703125 394.368743896484375 405.71875 411.818756103515625 409.96875 403.618743896484375 397.73748779296875 400.07501220703125 403.91876220703125 405.33123779296875 408.95001220703125 411.787506103515625 391.9375 369.76251220703125 356.28125 347.368743896484375 339.931243896484375 332.068756103515625
348.381256103515625 346.73748779296875 345.962493896484375 348.57501220703125 352.556243896484375 358.11248779296875 365.743743896484375 372.91876220703125 378.51873779296875 385.600006103515625 392.725006103515625 406.36248779296875 414.32501220703125 416.64373779296875 411.01873779296875 398.756256103515625 381.743743896484375 366.375 364.58123779296875 363.4375 366.08123779296875 367.42498779296875 368.13751220703125 368.381256103515625 370.35626220703125 373.08123779296875 375.5 389.412506103515625 407.11248779296875 420.568756103515625 423.774993896484375 410.806243896484375 402.57501220703125 398.756256103515625 398.23748779296875 401.53125 408.03125 412.20623779296875 409.568756103515625 397.17498779296875 375.29376220703125 358.125 346.76251220703125 338.73126220703125 330.70001220703125
351.306243896484375 350.34375 350.975006103515625 355.568756103515625 361.368743896484375 368.087493896484375 374.524993896484375 383.54376220703125 389.71875 396.368743896484375 402.73126220703125 413.45001220703125 424.350006103515625 432.71875 424.64373779296875 407.51251220703125 387.67498779296875 371.631256103515625 365.23126220703125 368.256256103515625 375.568756103515625 379.662506103515625 373.21875 375.756256103515625 377.90625 382.0625 388.64373779296875 399.84375 418.01873779296875 432.23748779296875 436.306243896484375 416.91876220703125 402.73748779296875 389.60626220703125 385.274993896484375 393.59375 403.76873779296875 408.01873779296875 408.5625 397.256256103515625 378.32501220703125 359.35626220703125 346.412506103515625 338.60626220703125 330.11248779296875
352.92498779296875 352.0625 353.787506103515625 357.63751220703125 365.212493896484375 375.162506103515625 383.46875 391.40625 397.162506103515625 403.11248779296875 407.943756103515625 418.90625 434.412506103515625 449.25 434.75 408.375 384.850006103515625 374.681243896484375 370.01251220703125 371.86248779296875 375.32501220703125 374.84375 375.649993896484375 378.274993896484375 382.01873779296875 389.04376220703125 396.23126220703125 408.26251220703125 420.10626220703125 427.087493896484375 426.20001220703125 410.21875 392.53125 373.787506103515625 365.57501220703125 377.51251220703125 397.693756103515625 411.70001220703125 413 402.943756103515625 383.693756103515625 361.318756103515625 349.78125 341.35626220703125 331.818756103515625
