data/historical-monthly-weather-data/wc2.1_cruts4.09_10m_prec_1957-01.asc
ncols        51
nrows        45
xllcorner    -63.500000000000
yllcorner    -7.500000000000
cellsize     0.166666666667
NODATA_value -9999
[rows 0 to 19 of 45, columns 0 to 44 of 51]
149.712493896484375 148.34375 142.3937530517578125 138.3312530517578125 133.037506103515625 130.881256103515625 127.13124847412109375 121.6437530517578125 117.30625152587890625 114.75624847412109375 113.47499847412109375 112.6437530517578125 110.96875 106.68125152587890625 104.25624847412109375 103.3312530517578125 102.6062469482421875 100.15000152587890625 102.2312469482421875 104.4250030517578125 108.06874847412109375 113.1062469482421875 118.33750152587890625 123.69374847412109375 130.743743896484375 137.318756103515625 145 154.149993896484375 164.4812469482421875 174.7062530517578125 185.975006103515625 197.6687469482421875 207.5812530517578125 219.625 229.600006103515625 235.78125 238.0437469482421875 238.443756103515625 237.1374969482421875 234.787506103515625 231.46875 228.8687591552734375 225.09375 222.1125030517578125 221.556243896484375
158.9499969482421875 156.899993896484375 152.381256103515625 148.068756103515625 144.631256103515625 143.287506103515625 140.162506103515625 137.193756103515625 135.024993896484375 133.118743896484375 130.5437469482421875 127.78749847412109375 124.23125457763671875 120.90625 117.625 114.9499969482421875 112.58750152587890625 111.375 112.8249969482421875 116.03125 121.20000457763671875 126.81874847412109375 133.318756103515625 140.65625 147.375 154.21875 162.53125 171.243743896484375 180.568756103515625 192.625 204.6062469482421875 216.212493896484375 225.96875 239.21875 248.3562469482421875 250.5625 254.087493896484375 253.2062530517578125 249.7937469482421875 245.993743896484375 242.4812469482421875 238.975006103515625 233.2937469482421875 229.2937469482421875 227.5500030517578125
167.1750030517578125 165.587493896484375 161.7624969482421875 158.6750030517578125 156.662506103515625 156.4499969482421875 155.78125 155.506256103515625 154.649993896484375 153.4250030517578125 150.756256103515625 146.756256103515625 142.6374969482421875 137.756256103515625 133.225006103515625 128.5 125.2312469482421875 124.125 125.08750152587890625 129.5 136.2937469482421875 144.375 152.125 159.556243896484375 166.837493896484375 174.006256103515625 182.4187469482421875 190.8687591552734375 198.649993896484375 209.53125 222.8125 235.3625030517578125 246.46875 254.9375 265.32501220703125 266.58123779296875 268.1875 267.993743896484375 263.95001220703125 258.64373779296875 255.21875 250.3312530517578125 244.46875 239.225006103515625 235.0500030517578125
173.881256103515625 172.7937469482421875 172.25 170.600006103515625 171.0187530517578125 169.537506103515625 171.6687469482421875 174.90625 176.9875030517578125 177.7624969482421875 173.96875 168.131256103515625 162.318756103515625 156.2687530517578125 150.662506103515625 144.5625 139.193756103515625 136.5187530517578125 138.318756103515625 145.0625 155.1374969482421875 164.9250030517578125 172.03125 180.818756103515625 189.2062530517578125 197.1374969482421875 205.6750030517578125 211.5500030517578125 218.5437469482421875 229.681243896484375 242.2624969482421875 256.40625 265.90625 273.756256103515625 280.962493896484375 283.54376220703125 282.85626220703125 282.21875 278.46875 274.13751220703125 267.95623779296875 263.381256103515625 256.881256103515625 249.59375 244.5625
186.618743896484375 183.2375030517578125 181.6875 182.274993896484375 183.625 185.0812530517578125 187.4562530517578125 193.3312530517578125 199.2375030517578125 202.625 197.306243896484375 189.9375 183.881256103515625 177.662506103515625 170.787506103515625 163.118743896484375 155.6999969482421875 150.2062530517578125 154.2062530517578125 164.256256103515625 177.1999969482421875 187.537506103515625 195.7624969482421875 204.431243896484375 212.9562530517578125 222.7937469482421875 227.818756103515625 232.818756103515625 241.7062530517578125 252.0749969482421875 264.42498779296875 274.375 284.774993896484375 293.725006103515625 300.3125 301.318756103515625 301.36248779296875 297.318756103515625 293.337493896484375 288.04376220703125 283.76251220703125 276.962493896484375 270.17498779296875 261.29376220703125 254.8625030517578125
197.1750030517578125 195.024993896484375 193.9499969482421875 193.6374969482421875 195.1624908447265625 197.493743896484375 201.0625 206.181243896484375 212.6750030517578125 217.8625030517578125 212.6437530517578125 207.0562591552734375 201.600006103515625 196.600006103515625 189.600006103515625 184.4250030517578125 176.975006103515625 171.6750030517578125 178.756256103515625 190.28125 202.25 211.65625 220.90625 227.931243896484375 236.537506103515625 245.5437469482421875 250.8125 254.9562530517578125 262.431243896484375 273.881256103515625 284.70623779296875 294.837493896484375 301.712493896484375 310.556243896484375 320.068756103515625 319.931243896484375 318.71875 315.600006103515625 311.57501220703125 307.375 299.98126220703125 293.45001220703125 285.10626220703125 275.975006103515625 268.79998779296875
207.881256103515625 206.381256103515625 206.3249969482421875 204.931243896484375 204.881256103515625 205.431243896484375 208.4812469482421875 212.4562530517578125 216.443756103515625 218.7624969482421875 220.5812530517578125 219.712493896484375 218.9562530517578125 216.6437530517578125 212.556243896484375 209.868743896484375 207.7937469482421875 210.743743896484375 218.71875 225.806243896484375 230.9562530517578125 238.8125 244.6125030517578125 251.431243896484375 260.45001220703125 268.006256103515625 272.850006103515625 277.350006103515625 282.67498779296875 293.181243896484375 305.875 315.875 321.375 327.881256103515625 335.14373779296875 337.23126220703125 335.881256103515625 333.912506103515625 332.412506103515625 325.568756103515625 316.493743896484375 309.01873779296875 300.34375 291.037506103515625 282.95001220703125
220.1062469482421875 216.2937469482421875 216.1125030517578125 216.03125 215.662506103515625 216.431243896484375 216.600006103515625 214.5 213.59375 219.1687469482421875 227.8249969482421875 232.975006103515625 236.8249969482421875 236.725006103515625 236.71875 237.368743896484375 240.625 250.0500030517578125 263.01873779296875 263.743743896484375 261.568756103515625 265.100006103515625 269.350006103515625 276.13751220703125 285.368743896484375 291.774993896484375 295.04998779296875 298.537506103515625 305.28125 315.981231689453125 326.11248779296875 336.04376220703125 340.57501220703125 345.899993896484375 351.60626220703125 353.20001220703125 352.568756103515625 351.006256103515625 348.068756103515625 342.96875 335.14373779296875 327.475006103515625 318.625 308.225006103515625 301.29376220703125
231.193756103515625 227.46875 227.7375030517578125 226.8312530517578125 227.256256103515625 226.65625 225.837493896484375 223.4812469482421875 219.7062530517578125 222.90625 237.7312469482421875 247.0124969482421875 254.524993896484375 256.82501220703125 259.181243896484375 261.73748779296875 266.381256103515625 276.625 288.350006103515625 287 281.64373779296875 284.756256103515625 288.13751220703125 298.193756103515625 306.831268310546875 312.53125 315.70623779296875 317.60626220703125 324.381256103515625 335.64373779296875 346.70001220703125 353.91876220703125 358.35626220703125 362.068756103515625 366.70001220703125 367.0625 367.79376220703125 366.46875 363.51873779296875 358.975006103515625 350.98748779296875 343.149993896484375 337.25 329.35626220703125 321.743743896484375
242.1437530517578125 238.662506103515625 237.743743896484375 237.649993896484375 238.75 239.1374969482421875 238.8312530517578125 238.837493896484375 239.4875030517578125 246.287506103515625 258.07501220703125 267.29376220703125 274.54376220703125 278.01873779296875 281.524993896484375 285.23126220703125 288.59375 294.32501220703125 298.76251220703125 298.75 295.399993896484375 299.1875 304.92498779296875 318.118743896484375 325.20623779296875 329.556243896484375 332.73748779296875 335.618743896484375 340.837493896484375 351.57501220703125 361.431243896484375 369.212493896484375 374.318756103515625 378.82501220703125 383.45001220703125 382.568756103515625 382 381.21875 378.14373779296875 373.881256103515625 368.712493896484375 361.92498779296875 355.90625 346.90625 340.931243896484375
254.368743896484375 251.274993896484375 249.4375 249.0999908447265625 249.5812530517578125 251.462493896484375 253.181243896484375 257.274993896484375 261.86248779296875 270.5625 283.774993896484375 293.006256103515625 297.23126220703125 299.42498779296875 302.462493896484375 305.243743896484375 306.331268310546875 307.256256103515625 306.518768310546875 304.4375 305.350006103515625 309.875 320.462493896484375 331.88751220703125 343.375 345.631256103515625 347.681243896484375 350.837493896484375 355.6875 363.368743896484375 372.79376220703125 381.71875 387.98126220703125 393.32501220703125 397.54998779296875 398.006256103515625 396.837493896484375 394.23126220703125 392.556243896484375 389.662506103515625 384.79376220703125 376.88751220703125 371.38751220703125 363.5625 358.006256103515625
263.850006103515625 260.712493896484375 259.774993896484375 261.20001220703125 262.725006103515625 264.631256103515625 268.35626220703125 276.412506103515625 283.868743896484375 293.42498779296875 307.837493896484375 320.83123779296875 323.13751220703125 323.07501220703125 324.61248779296875 324.03125 323.3125 318.70001220703125 315.15625 309.712493896484375 308.943756103515625 315.0625 330.068756103515625 347.71875 356.88751220703125 354.29998779296875 356.36248779296875 359.79376220703125 366.1875 376.07501220703125 385.42498779296875 393.33123779296875 400.01873779296875 405.64373779296875 410.40625 411.26873779296875 410.5625 407.649993896484375 405.36248779296875 402.818756103515625 397.67498779296875 389.506256103515625 379.65625 369.4375 360.912506103515625
274.46875 272.26251220703125 272.29376220703125 273.67498779296875 275.693756103515625 280.41876220703125 285.556243896484375 293.256256103515625 302.35626220703125 313.743743896484375 328.443756103515625 343.100006103515625 347.25 343.59375 343.70001220703125 341.95001220703125 338.34375 333.51251220703125 327.162506103515625 318.84375 310.375 318.73748779296875 337.212493896484375 351.193756103515625 352.45001220703125 351.556243896484375 360.362518310546875 369.287506103515625 377.131256103515625 388 397.59375 404.85626220703125 410.381256103515625 415.85626220703125 420.662506103515625 421.693756103515625 420.412506103515625 417.568756103515625 413.912506103515625 410.524993896484375 406.83123779296875 397.181243896484375 379.774993896484375 363.131256103515625 352.26251220703125
282.95623779296875 282.149993896484375 282.85626220703125 285.04998779296875 288.350006103515625 292.193756103515625 298.65625 309.306243896484375 319.368743896484375 331.38751220703125 343.443756103515625 356.34375 360.693756103515625 361.32501220703125 358.8125 357.85626220703125 352.756256103515625 348.01873779296875 340.162506103515625 332.35626220703125 327.537506103515625 333.693756103515625 344.412506103515625 354.04998779296875 354.412506103515625 357.037506103515625 367 377.21875 388.82501220703125 399.35626220703125 408.899993896484375 416.04998779296875 420.4375 424.14373779296875 429.59375 430.01873779296875 429.587493896484375 428.28125 422.506256103515625 415.84375 407.20001220703125 386.85626220703125 370.98126220703125 360.225006103515625 353.412506103515625
289.25 289.100006103515625 291.07501220703125 293.943756103515625 299.07501220703125 304.26251220703125 312.506256103515625 322.42498779296875 332.67498779296875 343.693756103515625 356.368743896484375 367.84375 374.23126220703125 376.91876220703125 374.162506103515625 371.912506103515625 366.524993896484375 359.63751220703125 352.881256103515625 348.125 345.975006103515625 347.868743896484375 355.381256103515625 361.243743896484375 365.98748779296875 370.693756103515625 379.693756103515625 391.08123779296875 402.16876220703125 413.65625 421.64373779296875 425.725006103515625 431.48126220703125 433.556243896484375 437.13751220703125 436.243743896484375 437.34375 438.71875 433.90625 418.17498779296875 397.20001220703125 380.8125 371.91876220703125 363.368743896484375 353.056243896484375
293.86248779296875 293.931243896484375 296.91876220703125 300.60626220703125 306.850006103515625 313.01873779296875 322.04998779296875 331.95001220703125 341.881256103515625 354.350006103515625 367.649993896484375 379.70001220703125 387.662506103515625 391.5625 390.07501220703125 383.287506103515625 378.73126220703125 372.36248779296875 365 361.26873779296875 362.975006103515625 365.33123779296875 370.118743896484375 374.462493896484375 378.631256103515625 383.712493896484375 391.712493896484375 405.100006103515625 418.35626220703125 430.6875 437.975006103515625 439.537506103515625 438.66876220703125 439.09375 440.087493896484375 443.28125 445.73748779296875 445.98748779296875 441.10626220703125 423.03125 396.75 380.837493896484375 373.34375 362.01251220703125 352.46875
295.743743896484375 296.82501220703125 299.618743896484375 304.67498779296875 312.41876220703125 319.368743896484375 329.193756103515625 339.3125 350.42498779296875 362.868743896484375 377.837493896484375 391.95623779296875 401.17498779296875 406.168731689453125 405.225006103515625 399.21875 386.462493896484375 379.399993896484375 375.20623779296875 375.5 377.618743896484375 381.40625 385.0625 387.32501220703125 392.550018310546875 396.01251220703125 402.92498779296875 416.95001220703125 433.899993896484375 448.149993896484375 456.693756103515625 456.375 450.59375 445.23126220703125 448.86248779296875 452.787506103515625 453.806243896484375 457.35626220703125 460.64373779296875 438.631256103515625 413.15625 392.53125 376.350006103515625 362.61248779296875 352.90625
296.01873779296875 297.475006103515625 300.51873779296875 306.743743896484375 314.149993896484375 322.693756103515625 333.23126220703125 344.006256103515625 356.243743896484375 370.681243896484375 384.993743896484375 402.662506103515625 414.306243896484375 420.412506103515625 418.88751220703125 410.48126220703125 396.75 384.01873779296875 385.243743896484375 387.006256103515625 392.04998779296875 395.60626220703125 398.33123779296875 400.01873779296875 403.48126220703125 407.837493896484375 412.23748779296875 429.41876220703125 450.86248779296875 467.58123779296875 472.95623779296875 460.20001220703125 452.46875 449.61248779296875 450.193756103515625 453.649993896484375 460.524993896484375 464.725006103515625 461.39373779296875 447.100006103515625 421.493743896484375 397.38751220703125 379.350006103515625 365.71875 355.51873779296875
292.493743896484375 294.64373779296875 298.693756103515625 306.26873779296875 314.96875 324.5 333.868743896484375 346.4375 360.90625 376.92498779296875 392.375 407.787506103515625 422.76873779296875 435.38751220703125 431.524993896484375 418.243743896484375 401.66876220703125 388.10626220703125 384.32501220703125 390.462493896484375 401.056243896484375 408.20001220703125 403.89373779296875 408.73126220703125 413.03125 419.556243896484375 428.943756103515625 443.5625 465.975006103515625 483.66876220703125 490 469.943756103515625 455.625 442.375 438.787506103515625 448.056243896484375 459.16876220703125 463.45623779296875 462.987518310546875 449.04376220703125 426.13751220703125 400.943756103515625 382.337493896484375 369.931243896484375 358.931243896484375
287.79376220703125 290.100006103515625 294.76873779296875 301.3125 311.16876220703125 323.5 334.712493896484375 346.70001220703125 362.28125 379.399993896484375 395.01873779296875 411.350006103515625 431.41876220703125 451.03125 440.85626220703125 418.16876220703125 397.787506103515625 390.23748779296875 388.212493896484375 393.024993896484375 399.962493896484375 402.681243896484375 406.693756103515625 412.23126220703125 418.90625 429.20001220703125 439.662506103515625 455.587493896484375 471.287506103515625 480.88751220703125 481.53125 465.13751220703125 446.88751220703125 427.32501220703125 419.350006103515625 432.89373779296875 455.60626220703125 471 470.76251220703125 457.45623779296875 433.631256103515625 405.399993896484375 389.39373779296875 377.118743896484375 364.737518310546875
