data/historical-monthly-weather-data/wc2.1_cruts4.09_10m_prec_1959-04.asc
ncols        51
nrows        45
xllcorner    -63.500000000000
yllcorner    -7.500000000000
cellsize     0.166666666667
NODATA_value -9999
[rows 0 to 19 of 45, columns 0 to 44 of 51]
359.381256103515625 371.40625 370.712493896484375 375.51873779296875 373.068756103515625 360.506256103515625 345.712493896484375 325.618743896484375 308.66876220703125 296.712493896484375 288.818756103515625 281.61248779296875 273.09375 262.893768310546875 254.9437408447265625 248.03125 242.631256103515625 236.287506103515625 232.818756103515625 229.5812530517578125 227.149993896484375 225.8625030517578125 224.40625 227.774993896484375 229.912506103515625 235.350006103515625 245.5812530517578125 258.774993896484375 270.649993896484375 279.556243896484375 288.70623779296875 298.087493896484375 304.943756103515625 313.537506103515625 321.51873779296875 327.212493896484375 330.256256103515625 333.149993896484375 336.86248779296875 338.26873779296875 339.60626220703125 340.75 338.71875 338.725006103515625 337.25
370.98748779296875 384.15625 394.756256103515625 403.337493896484375 409.337493896484375 394.806243896484375 377.037506103515625 361.64373779296875 345.087493896484375 330.556243896484375 319.78125 308.67498779296875 297.73126220703125 285.806243896484375 274.350006103515625 266.26873779296875 257.475006103515625 252.625 249.212493896484375 245.3125 242.6750030517578125 240.618743896484375 240.5 242.524993896484375 246 250.5625 259.868743896484375 272.462493896484375 282.10626220703125 289.23126220703125 297.95623779296875 307.774993896484375 314.65625 323.912506103515625 330.65625 335.90625 341.256256103515625 344.524993896484375 347.256256103515625 347.25 347.149993896484375 348.493743896484375 346.556243896484375 344.118743896484375 341.48748779296875
369.743743896484375 385.899993896484375 395.35626220703125 407.28125 415.931243896484375 406.48126220703125 394.58123779296875 383.98126220703125 373.33123779296875 359.274993896484375 345.21875 331.131256103515625 319.01873779296875 303.962493896484375 291.587493896484375 281.6875 271.774993896484375 266.16876220703125 260.975006103515625 257.03125 254.556243896484375 252.681243896484375 250.725006103515625 252.3000030517578125 256.006256103515625 260.193756103515625 270.46875 279.79376220703125 287.53125 295.149993896484375 302.850006103515625 310.943756103515625 320.29998779296875 328.83123779296875 334.443756103515625 339.274993896484375 346.98126220703125 352.875 354.89373779296875 355.60626220703125 355.83123779296875 354.83123779296875 352.618743896484375 350.58123779296875 347.5625
360.36248779296875 376.962493896484375 391.64373779296875 401.23748779296875 410.21875 408.89373779296875 404.524993896484375 400.412506103515625 395.806243896484375 386.64373779296875 371.368743896484375 353.48748779296875 336.600006103515625 321.5 307.662506103515625 296.774993896484375 286.78125 279.693756103515625 273.225006103515625 268.4375 266.35626220703125 263.70623779296875 259.868743896484375 261.84375 264.8125 267.21875 277.837493896484375 285.54376220703125 292.774993896484375 301.443756103515625 308.61248779296875 316.07501220703125 322.4375 330.162506103515625 335.8125 343.725006103515625 351.5 358.256256103515625 362.975006103515625 362.70001220703125 363.21875 363.26873779296875 358.462493896484375 354.350006103515625 352.5
368.03125 378.13751220703125 382.32501220703125 392.08123779296875 405.100006103515625 407.83123779296875 406.806243896484375 409.537506103515625 412.118743896484375 410.10626220703125 392.399993896484375 368.212493896484375 350.73126220703125 335.899993896484375 321.412506103515625 309.58123779296875 298.26251220703125 290.600006103515625 283.068756103515625 277.024993896484375 275.23748779296875 271.318756103515625 267.318756103515625 270.212493896484375 270.537506103515625 272.45623779296875 280.79998779296875 291.28125 300.20623779296875 306.48748779296875 313.225006103515625 317.20001220703125 322.8125 330.70001220703125 337.399993896484375 345.76873779296875 353.29998779296875 361.45623779296875 367.51251220703125 368.48126220703125 370.943756103515625 366.84375 362.61248779296875 360.07501220703125 356.243743896484375
365.46875 376.818756103515625 381.412506103515625 382.57501220703125 393.86248779296875 398.96875 399.11248779296875 402.79998779296875 406.556243896484375 409.006256103515625 389.17498779296875 367.381256103515625 352.243743896484375 339.14373779296875 324.962493896484375 314.337493896484375 301.818756103515625 293.73126220703125 287.95623779296875 282.42498779296875 278.67498779296875 274.17498779296875 271.993743896484375 272.79376220703125 273.54998779296875 275.70623779296875 283.243743896484375 292.693756103515625 300.95001220703125 306.524993896484375 312.45623779296875 318.51873779296875 321.462493896484375 328.449981689453125 336.79998779296875 344.67498779296875 354.9375 363.88751220703125 370.21875 374.381256103515625 373.67498779296875 369.57501220703125 366.51251220703125 364.725006103515625 362.25
364.243743896484375 374.493743896484375 378.9375 378.756256103515625 379.431243896484375 379.131256103515625 379.306243896484375 381.368743896484375 380.306243896484375 376.65625 369.118743896484375 358.118743896484375 350.037506103515625 338.712493896484375 326.96875 318.35626220703125 307.15625 296.08123779296875 288.412506103515625 284.01873779296875 281.237518310546875 277.818756103515625 275 273.42498779296875 274.28125 276.54998779296875 284.537506103515625 291.9375 299.3125 305.16876220703125 311.70623779296875 316.774993896484375 320.943756103515625 325.20001220703125 332.63751220703125 341.14373779296875 350.149993896484375 360.681243896484375 370.54998779296875 374.92498779296875 371.493743896484375 368.66876220703125 366.806243896484375 365.36248779296875 364.82501220703125
363.89373779296875 370.51251220703125 372.11248779296875 373.931243896484375 374.73748779296875 370.899993896484375 362.193756103515625 352.95001220703125 344.08123779296875 341.243743896484375 345.600006103515625 346.51873779296875 344.07501220703125 337.875 329.45001220703125 320.631256103515625 310.03125 298.70001220703125 288.412506103515625 284.21875 282.95623779296875 280.39373779296875 276.46875 274.712493896484375 276.23126220703125 275.975006103515625 283.056243896484375 290.42498779296875 297.931243896484375 304.318756103515625 308.46875 313.274993896484375 317.1875 321.42498779296875 327.318756103515625 333.056243896484375 342.537506103515625 352.056243896484375 360.07501220703125 363.743743896484375 363.837493896484375 363.537506103515625 361.818756103515625 359.46875 357.04998779296875
362.64373779296875 368.8125 369.399993896484375 368.743743896484375 368.681243896484375 362.48126220703125 354.64373779296875 343.443756103515625 327.86248779296875 319.78125 328.71875 334.57501220703125 340.256256103515625 336.60626220703125 327.98126220703125 320.23126220703125 311.399993896484375 301.318756103515625 292.76251220703125 286.287506103515625 279.84375 278.92498779296875 274.70001220703125 275.11248779296875 275.86248779296875 273.92498779296875 279.89373779296875 287.712493896484375 295.024993896484375 300.931243896484375 306.506256103515625 308.850006103515625 310.89373779296875 312.287506103515625 317.54998779296875 323.79998779296875 333.162506103515625 340.318756103515625 348.26873779296875 352.037506103515625 353.631256103515625 352.524993896484375 352.90625 352.76251220703125 346.45001220703125
360.875 364.11248779296875 364.98748779296875 364.337493896484375 362.493743896484375 357.16876220703125 350.85626220703125 340.818756103515625 331.90625 328.61248779296875 332.693756103515625 334.5 337.774993896484375 335.0625 328.537506103515625 319.931243896484375 311.618743896484375 302.975006103515625 294.53125 290.068756103515625 283.131256103515625 278.1875 273.09375 274.75 272.58123779296875 269.118743896484375 274.587493896484375 281.962493896484375 290.23126220703125 298.074981689453125 300.76873779296875 301.368743896484375 302.11248779296875 303.162506103515625 306.8125 313.837493896484375 320.274993896484375 327.118743896484375 334.45623779296875 340.89373779296875 345.35626220703125 345.256256103515625 344.743743896484375 340.600006103515625 336.76251220703125
359.162506103515625 362.54376220703125 362.068756103515625 360.381256103515625 356.337493896484375 352.125 347.399993896484375 339.943756103515625 335.98126220703125 335.118743896484375 338.537506103515625 341.76251220703125 338.8125 335.45001220703125 326.881256103515625 317.662506103515625 310.125 302.76251220703125 296.100006103515625 290.86248779296875 287.431243896484375 280.868743896484375 272.64373779296875 266.25 267.1875 264.29376220703125 267.75 274.26873779296875 281.03125 288.318756103515625 290.850006103515625 291.11248779296875 291.84375 292.375 295.16876220703125 299.0625 304.693756103515625 311.506256103515625 319.962493896484375 327.40625 332.25 332.57501220703125 334.850006103515625 333.70001220703125 328.756256103515625
355.58123779296875 357.618743896484375 356.537506103515625 358.256256103515625 355.91876220703125 350.11248779296875 347.743743896484375 344.25 342.993743896484375 343.26251220703125 346.42498779296875 349.337493896484375 341.17498779296875 333.85626220703125 324.45001220703125 315.54998779296875 307.243743896484375 300.037506103515625 294.1875 289.756256103515625 285.350006103515625 278.462493896484375 270.54998779296875 267 261.98126220703125 255.5500030517578125 258.462493896484375 263.48126220703125 270.04998779296875 274.931243896484375 277.681243896484375 278.899993896484375 278.431243896484375 279.09375 281.34375 285.85626220703125 292.381256103515625 299.631256103515625 305.96875 311.693756103515625 318.068756103515625 320.0625 321.59375 317.537506103515625 312.60626220703125
352.9375 354.16876220703125 353.350006103515625 353.60626220703125 353.09375 351.725006103515625 348.100006103515625 344.45001220703125 343.26873779296875 346.306243896484375 349.15625 350.850006103515625 342.91876220703125 327.51873779296875 317.493743896484375 310.58123779296875 301.28125 294.193756103515625 289.681243896484375 284 279.368743896484375 270.90625 260.53125 256.875 247.024993896484375 239.9250030517578125 245.3937530517578125 250.350006103515625 257.774993896484375 261.631256103515625 264.20001220703125 265.118743896484375 264.33123779296875 264.818756103515625 265.9375 272.037506103515625 278.92498779296875 286.16876220703125 294.056243896484375 300.5 302.64373779296875 306.82501220703125 306.16876220703125 303.193756103515625 302.087493896484375
349 349.725006103515625 347.61248779296875 347.225006103515625 348.862518310546875 347.524993896484375 344.01251220703125 341.587493896484375 342.256256103515625 343.82501220703125 343.36248779296875 339.70623779296875 332.693756103515625 320.84375 307.818756103515625 301.85626220703125 292.649993896484375 284.006256103515625 280.01251220703125 273.1875 267.29376220703125 257.3125 247.943756103515625 241.118743896484375 234.03125 228.90625 233.1437530517578125 238.587493896484375 244.7062530517578125 248.8249969482421875 251.1437530517578125 252.774993896484375 250.131256103515625 250.243743896484375 252.256256103515625 259.15625 266.125 274.86248779296875 284.73748779296875 290.193756103515625 289.38751220703125 288.23748779296875 293.07501220703125 298.712493896484375 300.95001220703125
343.681243896484375 344.837493896484375 343.556243896484375 343.662506103515625 345.89373779296875 344.29376220703125 342.149993896484375 339.57501220703125 337.91876220703125 336.787506103515625 334.850006103515625 329.98126220703125 321.287506103515625 309.962493896484375 296.03125 286.568756103515625 278.86248779296875 273.931243896484375 269.42498779296875 263.181243896484375 255.6750030517578125 247.5187530517578125 237.1687469482421875 231.056243896484375 225.34375 222.256256103515625 225.743743896484375 231.34375 237.34375 240.3249969482421875 240.818756103515625 239.7375030517578125 239.4562530517578125 238.149993896484375 238.806243896484375 244.806243896484375 255.9875030517578125 268.01251220703125 277.51251220703125 280.60626220703125 280.54376220703125 283.66876220703125 293.01873779296875 296.01873779296875 295.537506103515625
336.381256103515625 337.487518310546875 338.53125 340.212493896484375 341.743743896484375 340.181243896484375 337.75 335.42498779296875 335.024993896484375 332.01873779296875 328.1875 321.59375 312.51251220703125 299.63751220703125 283.98126220703125 268.762481689453125 264.743743896484375 263.712493896484375 258.51873779296875 253.1750030517578125 246.0812530517578125 236.9187469482421875 226.7375030517578125 221.975006103515625 217.28125 215.912506103515625 218.524993896484375 224.4499969482421875 230.1437530517578125 233.6374969482421875 235.9187469482421875 234.462493896484375 228.931243896484375 225.8562469482421875 224.193756103515625 235.2624969482421875 246.4875030517578125 259.131256103515625 269.51873779296875 276.962493896484375 279.681243896484375 285.20001220703125 290.787506103515625 292.0625 289.818756103515625
327.556243896484375 330.381256103515625 333.01873779296875 335.60626220703125 336.899993896484375 335.29376220703125 334.743743896484375 332.368743896484375 329.51251220703125 326.41876220703125 321.137481689453125 313.806243896484375 303.25 290.46875 276.899993896484375 264.493743896484375 253.943756103515625 250.9812469482421875 248.462493896484375 244.5437469482421875 237.6750030517578125 229.6875 220.068756103515625 213.7312469482421875 210.1437530517578125 208.7375030517578125 212.1750030517578125 217.725006103515625 224.2624969482421875 228.875 230.881256103515625 229.899993896484375 224.90625 221.0812530517578125 223.774993896484375 231.4375 243.212493896484375 256.818756103515625 271.54998779296875 277.78125 281.912506103515625 286.11248779296875 287.10626220703125 287.806243896484375 284.225006103515625
316.85626220703125 322.61248779296875 325.412506103515625 330.45623779296875 332.1875 331.59375 331.54998779296875 327.59375 323.9375 318.89373779296875 312.01251220703125 303.943756103515625 293.26873779296875 282.306243896484375 269.931243896484375 259.13751220703125 248.2937469482421875 237.6875 237.9812469482421875 235.068756103515625 230.868743896484375 223.412506103515625 215.006256103515625 209.5500030517578125 207.2062530517578125 206.4812469482421875 207.90625 215.243743896484375 222.5625 226.53125 225.537506103515625 219.0124969482421875 219.131256103515625 219.1125030517578125 220.3000030517578125 230.774993896484375 242.368743896484375 254.84375 267.64373779296875 278.600006103515625 280.82501220703125 283.431243896484375 284.28125 283.95001220703125 281.09375
304.993743896484375 313.0625 318.35626220703125 322.60626220703125 325.493743896484375 326.1875 325.137481689453125 323.46875 319.787506103515625 313.73126220703125 304.662506103515625 292.962493896484375 282.931243896484375 274.243743896484375 260.162506103515625 249.662506103515625 240.056243896484375 230.912506103515625 225.225006103515625 222.78125 223.8312530517578125 219.8562469482421875 206.65625 205.1875 205.568756103515625 207.524993896484375 211.4562530517578125 217.125 224.71875 227.59375 226.6437530517578125 221.399993896484375 217.556243896484375 211.306243896484375 211.4875030517578125 222.25 234.806243896484375 246.787506103515625 261.84375 271.46875 278.57501220703125 281.33123779296875 281 280.368743896484375 278.09375
292.83123779296875 303.243743896484375 308.493743896484375 311.681243896484375 317.181243896484375 320.83123779296875 321.79376220703125 318.212493896484375 314.131256103515625 307.756256103515625 297.29998779296875 287.056243896484375 276.693756103515625 266.556243896484375 251.6125030517578125 236.75 225.3625030517578125 221.943756103515625 216.118743896484375 213.3312530517578125 211.8125 207.412506103515625 203.6125030517578125 203.462493896484375 204.756256103515625 206.9562530517578125 212.3937530517578125 220.3687591552734375 225.8562469482421875 226.4250030517578125 223.3312530517578125 223.131256103515625 215.65625 205.037506103515625 200.1125030517578125 210.5 227.462493896484375 243.3937530517578125 257.29998779296875 268.287506103515625 274.73126220703125 277.431243896484375 277.54376220703125 276.79376220703125 272.5
