data/historical-monthly-weather-data/wc2.1_cruts4.09_10m_prec_1983-06.asc
ncols        51
nrows        45
xllcorner    -63.500000000000
yllcorner    -7.500000000000
cellsize     0.166666666667
NODATA_value -9999
[rows 0 to 18 of 45, columns 0 to 42 of 51]
111.78125 106.6687469482421875 106.0187530517578125 109.5437469482421875 111.96875 118.09375 122.44374847412109375 126.3562469482421875 130.4375 139.2687530517578125 149.868743896484375 160.65625 172.1062469482421875 181.756256103515625 191.850006103515625 203.1062469482421875 211.9875030517578125 218.3562469482421875 223.693756103515625 230.774993896484375 237.4875030517578125 236.1125030517578125 235.774993896484375 231.631256103515625 229.056243896484375 227.5749969482421875 228.743743896484375 231.84375 227.662506103515625 218.6437530517578125 204.556243896484375 196.65625 192.306243896484375 184.28125 177.21875 172.337493896484375 167.28125 163.806243896484375 158.162506103515625 154.6999969482421875 153.6750030517578125 156.3937530517578125 153.618743896484375
106.72499847412109375 101.5437469482421875 102.75 105 108.6687469482421875 114.6687469482421875 119.02500152587890625 122.8937530517578125 130.618743896484375 139.6875 149.09375 158.96875 166.087493896484375 174.2375030517578125 182.6999969482421875 192.118743896484375 199.0749969482421875 204.5187530517578125 210.850006103515625 220.068756103515625 225.0124969482421875 224.149993896484375 225.556243896484375 223.8125 221.2375030517578125 218.6750030517578125 219.8562469482421875 220.006256103515625 216.4812469482421875 205.1437530517578125 196.28125 193.431243896484375 188.131256103515625 182.693756103515625 177.9375 170.931243896484375 167.318756103515625 163.368743896484375 158.587493896484375 156.09375 157.4812469482421875 153.462493896484375 155.225006103515625
101.83750152587890625 99.94374847412109375 101.625 102.8249969482421875 107.25 114.53749847412109375 120.24375152587890625 127.7375030517578125 136.0500030517578125 144.8937530517578125 152.5437469482421875 159.493743896484375 166.649993896484375 170.037506103515625 176.1875 183.337493896484375 187.493743896484375 191.8000030517578125 196.9000091552734375 202.8312530517578125 207.725006103515625 211.625 212.375 214.975006103515625 210.1875 206.993743896484375 211.756256103515625 209.962493896484375 203.71875 198.4812469482421875 188.5625 182.8125 177.274993896484375 173.443756103515625 166.8125 156.6999969482421875 154.7375030517578125 153.181243896484375 149.3874969482421875 147.693756103515625 150.5187530517578125 148.9812469482421875 149
96.8125 93.7375030517578125 97.96875 101.77500152587890625 105.4875030517578125 112.9187469482421875 121.0625 129.662506103515625 140.024993896484375 149.774993896484375 155.375 159.693756103515625 163.1937408447265625 164.8625030517578125 170.1875 175.5812530517578125 176.2687530517578125 179.7062530517578125 183.125 192.96875 195.8312530517578125 194.875 197.256256103515625 201.90625 197.8125 195.6750030517578125 197.7312469482421875 194.1062469482421875 191.9499969482421875 187.9250030517578125 180.6750030517578125 172.774993896484375 167 159.1125030517578125 152.712493896484375 150.693756103515625 148.774993896484375 144.837493896484375 140.8249969482421875 139.306243896484375 140.850006103515625 143.0749969482421875 143.149993896484375
99.3125 95.33750152587890625 94.13124847412109375 99.25624847412109375 106.1750030517578125 112.24375152587890625 120.8249969482421875 132.1062469482421875 145.193756103515625 155.5124969482421875 160.2624969482421875 158.537506103515625 160.6687469482421875 162.131256103515625 164.068756103515625 167.4250030517578125 168.75 166.9250030517578125 168.3562469482421875 174.75 177.1374969482421875 179.4499969482421875 182.8125 186.556243896484375 183.712493896484375 183.412506103515625 183.0625 184.90625 183.4875030517578125 176.162506103515625 172.1875 167.024993896484375 159.5500030517578125 153.1750030517578125 149.2375030517578125 143.3249969482421875 140.556243896484375 138.587493896484375 133.6750030517578125 130.5749969482421875 132.3874969482421875 134.6125030517578125 136.2624969482421875
96.6125030517578125 94.75 94.41249847412109375 93.1062469482421875 101.4250030517578125 112.47499847412109375 120.2624969482421875 130.5 145.4187469482421875 156.6875 158.149993896484375 156.493743896484375 158.368743896484375 159.3312530517578125 158.6875 160.59375 159.868743896484375 157.3125 159.7624969482421875 163.149993896484375 167.6875 169.5625 171.9499969482421875 171.774993896484375 173.0437469482421875 174.1062469482421875 172.1125030517578125 173.8625030517578125 173.306243896484375 167.2312469482421875 165.975006103515625 161.96875 157.475006103515625 150.100006103515625 142.587493896484375 141.7375030517578125 136.243743896484375 129.15625 127.5437469482421875 128.8312530517578125 127.6062469482421875 130.756256103515625 130.6875
96.24375152587890625 93.5749969482421875 93.93125152587890625 94.68125152587890625 96.56874847412109375 103.2312469482421875 111.2375030517578125 124.34999847412109375 134.318756103515625 144.5 149.3000030517578125 149.7687530517578125 153.6374969482421875 156.1875 155.412506103515625 155.5 155.6374969482421875 152.568756103515625 150.162506103515625 153.149993896484375 153.412506103515625 156.15625 157.756256103515625 160.53125 165.7312469482421875 167.037506103515625 164.6062469482421875 164.118743896484375 163.4562530517578125 164.40625 159.337493896484375 153.46875 148.15625 144.90625 142.4000091552734375 137.3312530517578125 128.71875 123.94374847412109375 121.5625 123.33750152587890625 121.86875152587890625 123.4562530517578125 125.30625152587890625
94.8125 90.65000152587890625 91.5187530517578125 95.0500030517578125 97.44374847412109375 105.84375 108.86875152587890625 112.3000030517578125 116.47499847412109375 127.6687469482421875 136.8249969482421875 142.068756103515625 147.6750030517578125 150.40625 152.475006103515625 152.0500030517578125 148.8937530517578125 145.9812469482421875 142.5500030517578125 140.0124969482421875 148.0437469482421875 148.6999969482421875 149.368743896484375 151.7062530517578125 156.75 156.412506103515625 155.2687530517578125 154.7687530517578125 154.4499969482421875 152.068756103515625 154.21875 148.6750030517578125 144.6062469482421875 140.225006103515625 133.9187469482421875 128.2624969482421875 122.59999847412109375 117.8562469482421875 112.91249847412109375 111.18125152587890625 111.44374847412109375 115.2937469482421875 114.25624847412109375
93.0625 90.1437530517578125 90.05625152587890625 92.49375152587890625 95.81874847412109375 101.40000152587890625 108.3000030517578125 113.91249847412109375 113.86875152587890625 116.46250152587890625 123.3937530517578125 131.09375 141.100006103515625 145.3125 146.993743896484375 144.787506103515625 146.21875 145.5812530517578125 144.1999969482421875 139.693756103515625 138.100006103515625 145.0437469482421875 142.2312469482421875 148.806243896484375 149.850006103515625 150.3249969482421875 149.243743896484375 150.4499969482421875 153.568756103515625 150.6437530517578125 153.2937469482421875 142.1374969482421875 132.8312530517578125 127.6125030517578125 125.75 125.2375030517578125 122.05625152587890625 119.09375 114.0124969482421875 109.3125 106.43125152587890625 105.1875 108.68125152587890625
91.5437469482421875 89.2937469482421875 89.58750152587890625 91.91249847412109375 94.83750152587890625 99.71250152587890625 105.6875 109.2937469482421875 113.6999969482421875 117.3562469482421875 120.53125 121.99375152587890625 133.1875 139.850006103515625 141.899993896484375 141.5124969482421875 140.100006103515625 144.5 144.506256103515625 143.693756103515625 139.65625 139.587493896484375 135.5812530517578125 139.3312530517578125 139.1125030517578125 142.568756103515625 142.4187469482421875 142.1750030517578125 142.2937469482421875 143.71875 144.243743896484375 137.006256103515625 131.774993896484375 127.52500152587890625 122.53125 120.5 119.40000152587890625 118.34375 114.90625 113.8874969482421875 112.4375 110.56874847412109375 105.30625152587890625
91.46875 88.6999969482421875 88.9812469482421875 90.59375 92.44374847412109375 98.34375 101.68125152587890625 105.2062530517578125 111.03125 116.13124847412109375 120.97499847412109375 123.1125030517578125 126.78125 133.71875 134.681243896484375 134.8249969482421875 134.0124969482421875 135.5500030517578125 139.4812469482421875 144.306243896484375 148.90625 144.90625 135.46875 125.5625 130.649993896484375 140.8000030517578125 142.0500030517578125 139 135.962493896484375 135.65625 135.625 131.556243896484375 128.4375 125.34375 121.83750152587890625 117.49375152587890625 116.65000152587890625 114.38124847412109375 115.65625 113.18125152587890625 110.78125 106.7687530517578125 104.00624847412109375
90.93125152587890625 88.6999969482421875 90.25 90.4812469482421875 92.53749847412109375 96.5 102.19374847412109375 106.5 111.7624969482421875 113.7062530517578125 119.90625 122.5812530517578125 119.8125 125.16249847412109375 129.7937469482421875 129.5187530517578125 129.0124969482421875 132.1374969482421875 137.9812469482421875 148.5500030517578125 154.693756103515625 152.8874969482421875 142.4499969482421875 128.162506103515625 127.66249847412109375 130.756256103515625 129.712493896484375 130.0124969482421875 130.8625030517578125 129.0562591552734375 123.97499847412109375 123.80625152587890625 122.26250457763671875 117.65625 117.125 117.2937469482421875 118.43125152587890625 117.4375 112.7375030517578125 113.3249969482421875 111.3125 106.33750152587890625 96.1999969482421875
92.3312530517578125 89.5 90.18125152587890625 90.3874969482421875 92.81874847412109375 95.66249847412109375 100.2687530517578125 104.65625 108.2312469482421875 112.0437469482421875 116.875 119.7375030517578125 119.7937469482421875 115.47499847412109375 117.34999847412109375 120.21250152587890625 121.5187530517578125 126.83750152587890625 128.6812591552734375 138 147.2062530517578125 146.8937530517578125 141.0500030517578125 129.9812469482421875 120.8625030517578125 121.21875 123.3125 124.76250457763671875 126.84999847412109375 127.375 121.51874542236328125 116.90000152587890625 118.09375 112.59999847412109375 111.81874847412109375 114.00624847412109375 118.6875 120.29375457763671875 122.8625030517578125 119.3000030517578125 111.5500030517578125 104.6687469482421875 89.78749847412109375
92.3874969482421875 89.8000030517578125 89.81874847412109375 90.28125 90.9562530517578125 94.4187469482421875 97.7312469482421875 102.6999969482421875 107.36875152587890625 110.09375 113.88124847412109375 113.125 113.3249969482421875 111.0625 105.59999847412109375 110.78125 111.83750152587890625 115.3562469482421875 119.24375152587890625 126.99375152587890625 134.75 135.7375030517578125 132.8312530517578125 128.03125 122.6875 118.69374847412109375 116.96250152587890625 116.28749847412109375 117.53749847412109375 117.41249847412109375 116.9499969482421875 114.34375 113.0625 112.1687469482421875 108.78749847412109375 115.8874969482421875 124.25624847412109375 129.9875030517578125 132.712493896484375 126.15625 108.0500030517578125 96.31874847412109375 91.1125030517578125
88.4499969482421875 86.49375152587890625 87.78125 89.0749969482421875 89.69374847412109375 92.97499847412109375 97 100.6875 104.5187530517578125 107.71875 109.91249847412109375 109.1125030517578125 108.0500030517578125 104.2312469482421875 97.59375 101.21250152587890625 103.3312530517578125 109.06874847412109375 110.4250030517578125 116.40625 124.9375 127.6999969482421875 129.34375 127.78749847412109375 127.56874847412109375 124.69374847412109375 122.8562469482421875 120.78749847412109375 122.375 117.7624969482421875 112.3874969482421875 112.25624847412109375 115.7312469482421875 110.59999847412109375 104.0625 105.875 120.96875 135.65625 136.4812469482421875 126.95000457763671875 116.40625 109.15625 106.74375152587890625
85.40000152587890625 83.0437469482421875 84.61875152587890625 85.2687530517578125 87.8562469482421875 91.59999847412109375 94.9187469482421875 97.74375152587890625 102.59999847412109375 107.5187530517578125 109.15000152587890625 107.16249847412109375 105.4499969482421875 101.5500030517578125 96.4250030517578125 89.38124847412109375 93.7375030517578125 101.3000030517578125 102.96875 108.1999969482421875 115.44374847412109375 120.48749542236328125 125.83750152587890625 128.681243896484375 129.1750030517578125 127.03125 123.18125152587890625 122.36875152587890625 121.68125152587890625 122.24375152587890625 118.9187469482421875 114.40625 108.03749847412109375 101.59999847412109375 96.28125 111.34375 118.05625152587890625 128.037506103515625 134.4375 135.0124969482421875 132.006256103515625 124.75624847412109375 113.6125030517578125
81.3937530517578125 80.13124847412109375 80.9250030517578125 83.31874847412109375 85.8562469482421875 90.03749847412109375 93.3312530517578125 96.8000030517578125 99.09375 102.5437469482421875 106.0812530517578125 104.7937469482421875 100.96250152587890625 97.05625152587890625 95.8312530517578125 90.00624847412109375 82.71250152587890625 88.90625 94.75624847412109375 98.8937530517578125 104.5812530517578125 112.6437530517578125 119.125 126.71875 127.6750030517578125 121.84999847412109375 118.50624847412109375 117.25624847412109375 120.84375 122.6125030517578125 122.67499542236328125 121.28749847412109375 114.9499969482421875 112.65000152587890625 118.03749847412109375 123.15000152587890625 132.2375030517578125 139.662506103515625 145.756256103515625 138.65625 135.868743896484375 124.49375152587890625 109.4187469482421875
75.11875152587890625 74.625 77.0500030517578125 79.63124847412109375 82.55625152587890625 87.625 90.40000152587890625 93.3874969482421875 95.83750152587890625 97.50624847412109375 99.5437469482421875 100.1437530517578125 96.0187530517578125 93.08750152587890625 93.31874847412109375 89.9499969482421875 83.15625 77.6125030517578125 88.38124847412109375 89.41249847412109375 94.7937469482421875 102.625 113.0437469482421875 119.5500030517578125 123.5 118.25 113.03125 116.8625030517578125 119.71875 118.96875 113.68125152587890625 109.15000152587890625 122.6374969482421875 124.5812530517578125 125.7687530517578125 144.568756103515625 150.9499969482421875 145.587493896484375 144.774993896484375 139.6187591552734375 125.24375152587890625 112.40000152587890625 100.59999847412109375
69.3000030517578125 70.05625152587890625 72.6687469482421875 75.78749847412109375 79.25624847412109375 82.9187469482421875 86.08750152587890625 88.7687530517578125 92.27500152587890625 95.33750152587890625 96.75 92.83750152587890625 90 88.65000152587890625 87.31874847412109375 85.49375152587890625 84.5437469482421875 77.3625030517578125 75.8874969482421875 78.3562469482421875 87.0124969482421875 97.99375152587890625 98.2062530517578125 107.6875 111.8874969482421875 116.47499847412109375 116.0749969482421875 113.91249847412109375 119.2062530517578125 118.28749847412109375 115.0625 116.47499847412109375 123.0812530517578125 123.44374847412109375 129.493743896484375 142.40625 143.006256103515625 136.7062530517578125 134.8937530517578125 125.8874969482421875 113.59375 99.59375 92.74375152587890625
