data/historical-monthly-weather-data/wc2.1_cruts4.09_10m_prec_1951-10.asc
ncols        51
nrows        45
xllcorner    -63.500000000000
yllcorner    -7.500000000000
cellsize     0.166666666667
NODATA_value -9999
[rows 0 to 19 of 45, columns 0 to 43 of 51]
146.0 142.087493896484375 140.2687530517578125 141.1875 141.1374969482421875 140.6750030517578125 138.28125 135.9812469482421875 133.743743896484375 132.818756103515625 133.59375 133.3125 132.3249969482421875 129.5812530517578125 127.15000152587890625 124.6999969482421875 122.17499542236328125 118.53749847412109375 115.78749847412109375 113.0124969482421875 110.83750152587890625 108.2687530517578125 106.1750030517578125 104.4812469482421875 103.25624847412109375 102.43125152587890625 101.8125 101.53125 101.84999847412109375 102.63124847412109375 103.83750152587890625 105.2937469482421875 107.43125152587890625 110.09375 112.93125152587890625 113.9187469482421875 114.5 114.6750030517578125 113.40625 111.63124847412109375 109.8625030517578125 108.21250152587890625 105.65625 102.43125152587890625
142.681243896484375 138.90625 139.3312530517578125 142.5124969482421875 145.8562469482421875 144.743743896484375 142.8249969482421875 142.0437469482421875 141.712493896484375 141.118743896484375 140.693756103515625 138.90625 136.5562591552734375 133.53125 130.318756103515625 127.5437469482421875 123.78125 120.28749847412109375 117.3312530517578125 114.8000030517578125 112.21875 110.03125 108.1125030517578125 106.74375152587890625 105.5625 104.21250152587890625 104.11249542236328125 104.05625152587890625 104.1437530517578125 104.77500152587890625 107.06874847412109375 109.93125152587890625 113.125 117.0812530517578125 120.2062530517578125 120.74375152587890625 121.5500030517578125 121.4875030517578125 120.09999847412109375 117.96250152587890625 116.0437469482421875 114.3937530517578125 111.7937469482421875 108.30625152587890625
137.6750030517578125 134.993743896484375 135.8937530517578125 139.993743896484375 144.1687469482421875 145.118743896484375 146.1125030517578125 148.193756103515625 149.8249969482421875 149.787506103515625 148.225006103515625 144.806243896484375 141.03125 136.712493896484375 132.7687530517578125 129.1750030517578125 125.63124847412109375 122.2624969482421875 119.25 116.78749847412109375 114.39374542236328125 112.9499969482421875 111.2624969482421875 109.7687530517578125 108.46875 107.5 107.1750030517578125 107.0625 106.3312530517578125 107.61875152587890625 110.56874847412109375 113.3000030517578125 116.58750152587890625 120.90625 124.53749847412109375 125.2312469482421875 125.6875 126.1374969482421875 125.1875 123.21875 121.4250030517578125 119.72499847412109375 117.2624969482421875 114.40625
131.537506103515625 129.100006103515625 131.693756103515625 134.7375030517578125 139.3874969482421875 142.4812469482421875 146.881256103515625 152.2375030517578125 157.225006103515625 158.537506103515625 155.2687530517578125 149.6437530517578125 144.03125 138.84375 135.0437469482421875 130.850006103515625 126.9499969482421875 124.1374969482421875 121.59375 119.53125 117.6374969482421875 115.7624969482421875 113.6750030517578125 112.4875030517578125 111.1437530517578125 109.90625 109.41249847412109375 108.83750152587890625 108.21875 109.65000152587890625 112.7624969482421875 116.22499847412109375 118.84999847412109375 122.4499969482421875 125.5500030517578125 127.69374847412109375 128.9875030517578125 129.712493896484375 129.431243896484375 128.037506103515625 125.6437530517578125 124.2937469482421875 122.1999969482421875 119.9875030517578125
131.381256103515625 126.22499847412109375 125.53125 128.1875 133.7312469482421875 139.1374969482421875 145.53125 153.212493896484375 162.3562469482421875 167.2937469482421875 161.193756103515625 152.100006103515625 145.59375 140.649993896484375 136.34375 131.837493896484375 128.181243896484375 124.94374847412109375 122.40000152587890625 120.5124969482421875 119.5187530517578125 117.66249847412109375 115.71875 114.8125 113.49375152587890625 112.24375152587890625 110.9499969482421875 110.6437530517578125 110.53749847412109375 111.3562469482421875 114.3249969482421875 117.5749969482421875 120.6875 124.1437530517578125 127.8000030517578125 129.6999969482421875 131.399993896484375 133.0437469482421875 132.837493896484375 131.7375030517578125 129.5812530517578125 127.72499847412109375 126.3625030517578125 124.4875030517578125
131.1062469482421875 126.2937469482421875 122.9375 121.6374969482421875 128.0187530517578125 135.6437530517578125 142.5437469482421875 150.306243896484375 159.6750030517578125 167.162506103515625 159.3937530517578125 150.368743896484375 145.149993896484375 140.600006103515625 136.59375 133.287506103515625 129.568756103515625 126.5124969482421875 124.4375 122.56874847412109375 121.7937469482421875 120.53749847412109375 119.125 117.40625 116.03125 114.5749969482421875 112.84999847412109375 111.6062469482421875 111.6374969482421875 112.1374969482421875 114.75624847412109375 118.59999847412109375 121.1999969482421875 124.69374847412109375 128.350006103515625 130.8249969482421875 132.9812469482421875 135.7312469482421875 137.1687469482421875 135.462493896484375 131.53125 130.0187530517578125 128.4812469482421875 127.5625
133.7624969482421875 128.881256103515625 125.1750030517578125 122.84375 126.6687469482421875 131.9187469482421875 137.1687469482421875 141.837493896484375 145.962493896484375 147.7624969482421875 147.1062469482421875 144.337493896484375 142.0749969482421875 139.6062469482421875 136.568756103515625 134.100006103515625 131.2312469482421875 128.0500030517578125 125.65625 124.3874969482421875 124.28125 123.625 122.2937469482421875 120.66249847412109375 119.15625 117.36875152587890625 115.5187530517578125 113.4875030517578125 112.13124847412109375 112.97499847412109375 115.3000030517578125 118.2937469482421875 120.61875152587890625 124.21250152587890625 128.131256103515625 130.162506103515625 132.618743896484375 135.7312469482421875 139.125 136.024993896484375 131.59375 128.943756103515625 127.84999847412109375 127.95000457763671875
137.537506103515625 132.306243896484375 129.818756103515625 129.256256103515625 130.493743896484375 133.149993896484375 133.662506103515625 131.725006103515625 127.97499847412109375 128.287506103515625 133.431243896484375 136.2312469482421875 137.912506103515625 137.6999969482421875 136.774993896484375 135.006256103515625 132.78125 129.8562469482421875 127.68125152587890625 126.9499969482421875 127.4187469482421875 127.0187530517578125 125.97499847412109375 124.40625 122.6062469482421875 120.0187530517578125 117.25 114.125 112.0187530517578125 111.7624969482421875 114.0124969482421875 117.0749969482421875 119.53749847412109375 123 126.2312469482421875 127.94374847412109375 129.1374969482421875 131.34375 132.3000030517578125 129.9499969482421875 125.8625030517578125 122.82500457763671875 120.8874969482421875 120.25
141.9499969482421875 137.993743896484375 136.693756103515625 135.96875 136.4250030517578125 136.649993896484375 134.8874969482421875 129.068756103515625 119.7937469482421875 116.8000030517578125 125.0187530517578125 131.0124969482421875 135.149993896484375 136.40625 136.8000030517578125 136.4375 135.1374969482421875 133.868743896484375 133.118743896484375 132.2937469482421875 132.524993896484375 132.462493896484375 130.3562469482421875 128.9250030517578125 125.8625030517578125 122.02500152587890625 117.80625152587890625 115.2312469482421875 112.8312530517578125 111.71250152587890625 113.625 116.125 117.7062530517578125 120.11875152587890625 122.3125 123.94374847412109375 125.0124969482421875 125.28749847412109375 124.1437530517578125 121.58750152587890625 117.4250030517578125 113.36875152587890625 110.8625030517578125 108.16249847412109375
147.0812530517578125 143.9187469482421875 142.6687469482421875 142.6875 143.4312591552734375 142.9812469482421875 140.1062469482421875 133.6062469482421875 125.875 122.94374847412109375 126.2937469482421875 130.2375030517578125 134.4499969482421875 136.6125030517578125 137.9187469482421875 138.587493896484375 138.1687469482421875 138.5187530517578125 138.96875 139.9499969482421875 139.71875 138.84375 135.787506103515625 132.4812469482421875 127.44374847412109375 122.7624969482421875 118.8937530517578125 115.28125 112.86875152587890625 111.6750030517578125 112.16249847412109375 114.1875 115.31874847412109375 117.41249847412109375 119.52500152587890625 120.38124847412109375 120.2375030517578125 119.25624847412109375 117.25624847412109375 113.3249969482421875 108.5625 103.77500152587890625 99.25 95.27500152587890625
152.443756103515625 149.787506103515625 148.493743896484375 148.6437530517578125 149.625 151.2937469482421875 149 141.6125030517578125 134.7375030517578125 131.53125 131.9875030517578125 133.743743896484375 135.7312469482421875 138.09375 139.756256103515625 140.524993896484375 141.306243896484375 142.899993896484375 144.8874969482421875 147.306243896484375 148.693756103515625 146.5187530517578125 141.787506103515625 135.0749969482421875 129.9812469482421875 125.5 121.58750152587890625 117.8000030517578125 114.0500030517578125 112.5187530517578125 112.5812530517578125 113.7687530517578125 114.52500152587890625 115.83750152587890625 116.75624847412109375 116.41249847412109375 115.34375 112.7937469482421875 109.78125 105.09375 99.6062469482421875 94.2312469482421875 89.53125 84.125
156.8937530517578125 154.274993896484375 153.3000030517578125 154.0187530517578125 155.53125 157.8562469482421875 157.1374969482421875 148.8625030517578125 142.524993896484375 138.493743896484375 137.1374969482421875 137.875 138.6437530517578125 140.5124969482421875 142.6999969482421875 143.4250030517578125 144.5749969482421875 146.587493896484375 149.1999969482421875 153.1750030517578125 156.8874969482421875 154.212493896484375 147.8312530517578125 139.4250030517578125 132.0625 125.81874847412109375 121.08750152587890625 118.19374847412109375 115.46875 114.1875 113.09999847412109375 113.43125152587890625 113.1999969482421875 113.8562469482421875 114.3874969482421875 113.07500457763671875 110.88124847412109375 107.9812469482421875 103.5625 98.2624969482421875 91.4812469482421875 85.74375152587890625 80.69374847412109375 75.75624847412109375
160.3562469482421875 158.1750030517578125 157.3249969482421875 157.524993896484375 158.7375030517578125 159.9250030517578125 157.600006103515625 152.381256103515625 147.162506103515625 144.2312469482421875 142.537506103515625 141.993743896484375 142.5187530517578125 142.53125 144.4375 146.0500030517578125 146.8125 149.4250030517578125 152.493743896484375 156.0812530517578125 161.4875030517578125 159.506256103515625 152.34375 143.3562469482421875 131.3562469482421875 123.7937469482421875 122.1374969482421875 119.5187530517578125 117.5625 115.81874847412109375 114.09375 112.8249969482421875 112.3125 111.80625152587890625 111.7375030517578125 110.15000152587890625 107.375 104.5625 100.0812530517578125 92.7062530517578125 85.5500030517578125 80.40000152587890625 74.75 66.1999969482421875
162.568756103515625 160.4375 159.712493896484375 159.556243896484375 159.6875 159.8312530517578125 157.65625 154.537506103515625 151.1437530517578125 148.125 146.0625 145.068756103515625 144.850006103515625 145.09375 145.3312530517578125 147.09375 147.5500030517578125 149.600006103515625 151.90625 154.6750030517578125 158.899993896484375 157.9375 153.993743896484375 146.693756103515625 137.024993896484375 129.9499969482421875 126.7312469482421875 123.2062530517578125 120.19374847412109375 116.7937469482421875 113.7937469482421875 112.0812530517578125 110.8562469482421875 109.9875030517578125 109.59375 108.0625 105.6750030517578125 103.46875 99.11875152587890625 92.4187469482421875 83.6999969482421875 75.93125152587890625 69.84375 63.88124847412109375
163.0124969482421875 161.274993896484375 159.943756103515625 159.756256103515625 159.631256103515625 159.225006103515625 158.6374969482421875 156.631256103515625 153.306243896484375 150.7125091552734375 148.850006103515625 147.4562530517578125 146.681243896484375 146.65625 146.2937469482421875 147.6374969482421875 147.3625030517578125 147.912506103515625 148.7312469482421875 151.1062469482421875 155.006256103515625 156.46875 156.0437469482421875 153.2312469482421875 148.21875 141.9499969482421875 135.625 129.318756103515625 123.7624969482421875 118.13124847412109375 113.53749847412109375 110.6062469482421875 109.18125152587890625 109.0124969482421875 108.65625 106.875 105.7687530517578125 106.2937469482421875 105.3312530517578125 98.875 89.1125030517578125 80.18125152587890625 73.49375152587890625 67.4187469482421875
162.006256103515625 160.131256103515625 159.25 159.2062530517578125 159.056243896484375 159.3125 158.8874969482421875 157.2375030517578125 154.818756103515625 152.7562408447265625 150.193756103515625 147.725006103515625 146.712493896484375 146.6687469482421875 146.8187408447265625 146.912506103515625 144.9875030517578125 144.5562591552734375 144.6437530517578125 146 149.625 153.8874969482421875 157.899993896484375 161 159.28125 153.100006103515625 145.212493896484375 136.5 128.056243896484375 119.5625 113.25624847412109375 108.6062469482421875 106.5749969482421875 106.3937530517578125 105.4375 103.21250152587890625 105.21250152587890625 107.68125152587890625 110.4250030517578125 106.4499969482421875 99.1437530517578125 89.0812530517578125 79.90000152587890625 71.61875152587890625
159.21875 157.881256103515625 158.162506103515625 158.875 158.850006103515625 159.34375 159.3937530517578125 158.3249969482421875 156.3312530517578125 153.556243896484375 150.587493896484375 147.556243896484375 145.3312530517578125 144.350006103515625 143.75 142.837493896484375 139.4562530517578125 138.212493896484375 138.225006103515625 139.712493896484375 143.662506103515625 149.75 158.056243896484375 166.7624969482421875 169.84375 161.3625030517578125 152.537506103515625 141.1062469482421875 129.912506103515625 119.6750030517578125 112.58750152587890625 108.3937530517578125 103.96875 100.91249847412109375 98.9812469482421875 100.0124969482421875 103.81874847412109375 112.84999847412109375 123.0437469482421875 118.15625 110.28125 98.4812469482421875 86.3000030517578125 77.03125
155.568756103515625 155.006256103515625 156.4375 157.6875 158.40625 159.774993896484375 160.3625030517578125 159.40625 157.3000030517578125 154.65625 151.5687408447265625 147.1875 143.5749969482421875 140.556243896484375 138.5749969482421875 136.1875 132.5500030517578125 130.412506103515625 130.837493896484375 131.9499969482421875 136.21875 142.9499969482421875 152.4250030517578125 163.0187530517578125 168.225006103515625 163.375 156.9375 144.375 130.78125 118.09999847412109375 109.63124847412109375 104.875 103.06874847412109375 102.21250152587890625 97.7687530517578125 92.40000152587890625 101.81874847412109375 113.96875 122.03749847412109375 121.8874969482421875 115.1125030517578125 104.24375152587890625 92.5437469482421875 83.25
150.6750030517578125 151.806243896484375 154.3249969482421875 156.6437530517578125 158.59375 160.181243896484375 161 160.71875 159.399993896484375 156.09375 151.4875030517578125 146.399993896484375 140.9812469482421875 136.131256103515625 133.024993896484375 130.725006103515625 127.02500152587890625 124.06874847412109375 124.08750152587890625 124.5500030517578125 128.568756103515625 137.3125 144.131256103515625 154.1750030517578125 160.131256103515625 160.71875 155.1062469482421875 144.2375030517578125 132.024993896484375 117.46250152587890625 106.40625 105.27500152587890625 109.15625 107.93125152587890625 104.3249969482421875 101.2312469482421875 106.7687530517578125 114.49375152587890625 120.24375152587890625 121.1687469482421875 116.97499847412109375 110.4187469482421875 99.03125 89.9562530517578125
145.125 148.006256103515625 151.3874969482421875 154.7937469482421875 158.006256103515625 160.899993896484375 162.8000030517578125 163.21875 161.625 158.40625 153.0124969482421875 146.087493896484375 139.162506103515625 132.600006103515625 128.7375030517578125 125.9499969482421875 121.68125152587890625 120.46250152587890625 120.3125 121.6437530517578125 124.125 129.8937530517578125 139.256256103515625 148.1875 153.743743896484375 154.34375 150.631256103515625 144.375 132.9812469482421875 120.03125 111.4187469482421875 113.75624847412109375 117.2375030517578125 120.4562530517578125 121.84375 118.5625 118.0500030517578125 120.3874969482421875 122.0625 121.81874847412109375 119.6687469482421875 114.56874847412109375 105.33750152587890625 96.5437469482421875
