data/historical-monthly-weather-data/wc2.1_cruts4.09_10m_prec_1978-05.asc
ncols        45
nrows        45
xllcorner    -63.500000000000
yllcorner    -7.500000000000
cellsize     0.166666666667
NODATA_value -9999
[rows 0 to 19 of 45, columns 0 to 43 of 45]
268.89373779296875 259.306243896484375 255.2937469482421875 256.806243896484375 256.493743896484375 257.556243896484375 255.7624969482421875 255.899993896484375 257.662506103515625 261.85626220703125 264.712493896484375 266.3125 269.618743896484375 273.556243896484375 277.03125 282.1875 285.899993896484375 287.16876220703125 290.625 296.1875 300.40625 303.943756103515625 311 314.20623779296875 318.868743896484375 325.375 329.73126220703125 335.84375 339.16876220703125 344.493743896484375 345.16876220703125 348.51251220703125 353.01251220703125 355.649993896484375 358.51251220703125 363.51251220703125 367.024993896484375 367.23126220703125 366.92498779296875 368.51873779296875 367.03125 366.274993896484375 362.225006103515625 362.95623779296875
268.962493896484375 258.243743896484375 257.07501220703125 259.70623779296875 262.70001220703125 264.95623779296875 263.6875 264.54998779296875 268.300018310546875 270.625 273.868743896484375 275.212493896484375 276.537506103515625 278.25 279.743743896484375 281.818756103515625 283.85626220703125 285.04998779296875 291.225006103515625 298.09375 302.975006103515625 308.33123779296875 313.725006103515625 319.274993896484375 323.181243896484375 327.181243896484375 332.95001220703125 338.23748779296875 342.26873779296875 345.21875 346.068756103515625 352.9375 354.34375 358.98748779296875 360.631256103515625 360 364.84375 365.23748779296875 366.875 362.375 360.1875 363.29998779296875 359.14373779296875 354.181243896484375
267.493743896484375 260.649993896484375 263.15625 266.39373779296875 269.131256103515625 273.037506103515625 275.73748779296875 279.625 284.21875 286.568756103515625 288.35626220703125 287.07501220703125 285.45623779296875 282.756256103515625 282.70001220703125 284.0625 283.29376220703125 282.48126220703125 287.149993896484375 293.787506103515625 299.225006103515625 307.056243896484375 313.3125 318.23748779296875 322.306243896484375 329.149993896484375 335.92498779296875 339.01873779296875 340.287506103515625 342.59375 343.58123779296875 347.693756103515625 352.9375 354.818756103515625 358.306243896484375 356.225006103515625 358.38751220703125 359.306243896484375 358.181243896484375 355.66876220703125 356.006256103515625 352.84375 351.1875 346.46875
262.48126220703125 255.662506103515625 264.868743896484375 269.54998779296875 274.45001220703125 278.79376220703125 283.73748779296875 291.20623779296875 300.20001220703125 303.98126220703125 302.73748779296875 298.60626220703125 292 286.818756103515625 284.83123779296875 283.443756103515625 280.29376220703125 278.868743896484375 281.95623779296875 289.86248779296875 300.09375 307 312.13751220703125 318.225006103515625 322.850006103515625 327.86248779296875 334.662506103515625 334.98126220703125 335.368743896484375 340.037506103515625 341.45001220703125 344.58123779296875 347.33123779296875 348.20001220703125 348.381256103515625 351.85626220703125 354.837493896484375 354.63751220703125 353.32501220703125 351.118743896484375 348.57501220703125 348.78125 342.4375 336.5
273.73126220703125 264.993743896484375 261.86248779296875 267.493743896484375 275.79998779296875 280.537506103515625 288.14373779296875 298.625 312.462493896484375 320.07501220703125 314.293731689453125 304.09375 297.79998779296875 291.70623779296875 287.787506103515625 283.48126220703125 277.962493896484375 275.875 277.787506103515625 286.34375 297.149993896484375 303.76873779296875 308.21875 318.13751220703125 321.70623779296875 326.6875 327.149993896484375 330.66876220703125 331.8125 334.506256103515625 337.67498779296875 338.537506103515625 339.78125 343.66876220703125 345.48126220703125 345.53125 349.20001220703125 350.95001220703125 350.20623779296875 346.568756103515625 345.125 340.48126220703125 334.662506103515625 330.45623779296875
280.25 273.006256103515625 268.54376220703125 263.118743896484375 272.193756103515625 281.86248779296875 289.98126220703125 298.431243896484375 313.29376220703125 322.53125 318.03125 305.91876220703125 301.45001220703125 296.71875 289.912506103515625 287.475006103515625 279.943756103515625 276.11248779296875 278.631256103515625 287.975006103515625 296.681243896484375 304.57501220703125 311.95001220703125 315.76873779296875 320.09375 324.46875 324.98126220703125 325.64373779296875 328.087493896484375 331.131256103515625 333.850006103515625 336.29998779296875 336.625 338.806243896484375 339.21875 340.337493896484375 341.34375 341.61248779296875 344.5 340.88751220703125 335.63751220703125 331.73126220703125 324.9375 320.23748779296875
289.024993896484375 281.125 275.98126220703125 271.16876220703125 271.46875 275.587493896484375 282.54376220703125 290.375 294.48126220703125 303.71875 306.287506103515625 301.85626220703125 300.79376220703125 298.58123779296875 294.04998779296875 289.881256103515625 286.83123779296875 285.23748779296875 286.118743896484375 294.681243896484375 300.11248779296875 305.29998779296875 308.399993896484375 314.03125 319.14373779296875 325.618743896484375 323.95623779296875 323.17498779296875 321.524993896484375 324.850006103515625 328.337493896484375 328.243743896484375 326.712493896484375 328.04998779296875 329.225006103515625 331.600006103515625 330.51873779296875 330.193756103515625 333.14373779296875 332.21875 325.16876220703125 318.625 312.212493896484375 309.306243896484375
296.41876220703125 288.29998779296875 282.756256103515625 280.006256103515625 279.625 283.23126220703125 280.693756103515625 272.537506103515625 267.45001220703125 278.60626220703125 292.5 296.462493896484375 301.14373779296875 300.5625 298.29376220703125 296.712493896484375 294.32501220703125 295.29376220703125 296.04376220703125 298.84375 305.818756103515625 308.149993896484375 310.381256103515625 311.0625 317.48126220703125 317.337493896484375 318.92498779296875 316.375 314.9375 318.037506103515625 320.76873779296875 320.15625 319.556243896484375 317.54998779296875 315.25 315.243743896484375 315.45001220703125 316.66876220703125 316.1875 310.643768310546875 307.587493896484375 301.818756103515625 297.181243896484375 291.725006103515625
302.16876220703125 294.65625 290.83123779296875 286.681243896484375 284.63751220703125 285.756256103515625 282.48126220703125 275.90625 264.756256103515625 263.91876220703125 277.949981689453125 289.337493896484375 300.081268310546875 301.225006103515625 300.431243896484375 301.5 301.08123779296875 304.29998779296875 308.462493896484375 305.087493896484375 303.837493896484375 308.63751220703125 305.76873779296875 313.04998779296875 312.63751220703125 310.850006103515625 308.506256103515625 309.82501220703125 312.36248779296875 312.79376220703125 316.918731689453125 314.21875 307 301.70623779296875 301.256256103515625 302.006256103515625 302.59375 303.73126220703125 304.75 297.787506103515625 290.912506103515625 285.09375 283.57501220703125 281.756256103515625
306.600006103515625 301.28125 297.70001220703125 294.98748779296875 289.96875 290.64373779296875 288.54376220703125 284.068756103515625 279.79376220703125 281.25 287.92498779296875 290.131256103515625 301.88751220703125 303.28125 305.13751220703125 304.212493896484375 304.131256103515625 307.5 312.756256103515625 314.649993896484375 309.600006103515625 305.350006103515625 302.79376220703125 306.756256103515625 303.48126220703125 301.618743896484375 298.8125 299.943756103515625 304.23748779296875 308.225006103515625 307.181243896484375 302.53125 298.20623779296875 293.375 289.11248779296875 288.756256103515625 287.89373779296875 289.20623779296875 290.118743896484375 288.337493896484375 285.32501220703125 282.524993896484375 273.98748779296875 266.60626220703125
310.53125 307.431243896484375 303.04376220703125 300.88751220703125 296 297.73126220703125 296.774993896484375 291.17498779296875 289.243743896484375 293.53125 300.67498779296875 305.78125 304.381256103515625 307.58123779296875 306.70001220703125 304.92498779296875 305.181243896484375 309.73748779296875 314.45001220703125 319.600006103515625 323.78125 313.818756103515625 304.306243896484375 291.17498779296875 295 297.25 294.32501220703125 294.54376220703125 293.962493896484375 294.04998779296875 294.75 292.21875 286.850006103515625 281.32501220703125 275.868743896484375 272.475006103515625 271.306243896484375 273.51251220703125 277.337493896484375 277.61248779296875 276 271.45623779296875 268.337493896484375 257.693756103515625
315.087493896484375 310.78125 307.399993896484375 305.375 302.48126220703125 301.14373779296875 303.1875 301.899993896484375 303.0625 303.42498779296875 309.568756103515625 317.20623779296875 309.712493896484375 309.53125 310.63751220703125 306.40625 305.962493896484375 309.92498779296875 315.39373779296875 324.34375 331.931243896484375 327.10626220703125 314.89373779296875 297.46875 287.399993896484375 281.625 276.96875 277.306243896484375 279.70623779296875 279.20623779296875 275.89373779296875 273.225006103515625 268.412506103515625 263.25 261.01873779296875 261.38751220703125 262.54376220703125 263.149993896484375 264.79998779296875 266.04376220703125 266.95001220703125 262.793731689453125 255 237.068756103515625
320.33123779296875 313.75 309.806243896484375 308.243743896484375 305.006256103515625 306.33123779296875 306.01873779296875 304.23126220703125 306.806243896484375 311.57501220703125 316.73748779296875 321.25 318.16876220703125 305.51873779296875 303.381256103515625 304.45001220703125 303.67498779296875 307.5 312.131256103515625 320.443756103515625 331.48748779296875 325.3125 313.768768310546875 295.6875 270.662506103515625 259.868743896484375 263.11248779296875 264.868743896484375 268.28125 268.631256103515625 263.043731689453125 256.09375 250.412506103515625 244.806243896484375 243.9250030517578125 247.7312469482421875 251.100006103515625 255.3125 259.51873779296875 260.350006103515625 258.84375 255.1125030517578125 239.7375030517578125 225.350006103515625
318.54998779296875 313.04998779296875 310.774993896484375 308.88751220703125 307.57501220703125 307.381256103515625 306.5 306.243743896484375 311.14373779296875 315.42498779296875 314.60626220703125 315.04998779296875 311.756256103515625 304.76251220703125 292.100006103515625 296.15625 295.35626220703125 296.98126220703125 303.28125 311.53125 318.506256103515625 314.675018310546875 305.92498779296875 291.9375 271.962493896484375 258.65625 255.193756103515625 252.5749969482421875 253.912506103515625 251.2937469482421875 249.5 241.5124969482421875 235.837493896484375 230.9375 228.931243896484375 235.868743896484375 243.6875 251.21875 256.868743896484375 254.8249969482421875 243.881256103515625 232.287506103515625 227.337493896484375 225.193756103515625
315.48748779296875 311.90625 310.8125 308.60626220703125 306.524993896484375 307.09375 309.54376220703125 311.48748779296875 313.556243896484375 313.712493896484375 311.51251220703125 309.84375 303.712493896484375 296.04376220703125 279 280.95623779296875 282.58123779296875 287.79998779296875 293.42498779296875 299.431243896484375 306.287506103515625 305.67498779296875 301.743743896484375 296.54998779296875 285.899993896484375 275.03125 265.100006103515625 258.637481689453125 254.068756103515625 248.149993896484375 237.743743896484375 228.287506103515625 225.7687530517578125 217.3125 210.837493896484375 215.3625030517578125 232.8874969482421875 246.3625030517578125 249.8937530517578125 244.181243896484375 232.4499969482421875 227.1687469482421875 229.4375 225.962493896484375
311.193756103515625 307.29998779296875 308.243743896484375 307.73748779296875 305.243743896484375 308.100006103515625 311.600006103515625 313.106231689453125 312.59375 312.98748779296875 308.92498779296875 305.04376220703125 298.3125 292.26873779296875 278.662506103515625 264.1875 269.76873779296875 280.837493896484375 283.3125 288.45623779296875 295.056243896484375 301.25 304.13751220703125 304.76873779296875 296.618743896484375 284.274993896484375 271.787506103515625 260.78125 253.6374969482421875 247.7687530517578125 240.2687530517578125 228.618743896484375 215.34375 202.9250030517578125 195.2937469482421875 211.1125030517578125 222.3625030517578125 233.774993896484375 239.8937530517578125 239.712493896484375 232.8625030517578125 227.5812530517578125 225.3625030517578125 217.2937469482421875
308.67498779296875 305.600006103515625 304.712493896484375 305.95001220703125 306.975006103515625 307.84375 309.78125 310.487518310546875 311.8125 311.350006103515625 308.58123779296875 306.024993896484375 298.23748779296875 290.350006103515625 280.23126220703125 269.5 257.10626220703125 265.79376220703125 272.931243896484375 278.943756103515625 285.9375 292.73748779296875 301.725006103515625 309.318756103515625 307.46875 286.36248779296875 270.256256103515625 259.431243896484375 251.5437469482421875 244.9875030517578125 238.462493896484375 230.5 218.649993896484375 208.024993896484375 210.962493896484375 216.0437469482421875 226.5625 237.1875 247.068756103515625 240.5749969482421875 231.9375 224.09375 215.725006103515625 210.84375
304.36248779296875 303.48126220703125 304.57501220703125 305.13751220703125 306.54376220703125 310.82501220703125 311.3125 310.64373779296875 309.89373779296875 309.975006103515625 307.33123779296875 307.5 296.931243896484375 291 281.787506103515625 273.01251220703125 261.662506103515625 251.181243896484375 267.5625 271.66876220703125 276.64373779296875 283.893768310546875 292.5 300.625 301.01873779296875 284.287506103515625 264.225006103515625 256.131256103515625 249.3625030517578125 239.181243896484375 224.9187469482421875 213.28125 219.09375 218.806243896484375 217.3874969482421875 230.90625 240.5187530517578125 242.243743896484375 244.6999969482421875 239.7937469482421875 225.0437469482421875 216.431243896484375 208.7937469482421875 204.943756103515625
299.78125 299.806243896484375 300.70623779296875 304.45623779296875 307.95001220703125 310.381256103515625 312.412506103515625 313.600006103515625 312.649993896484375 313.850006103515625 309.118743896484375 300.57501220703125 292.48748779296875 287.625 279.42498779296875 273.89373779296875 267.34375 253.6750030517578125 252.337493896484375 258.26251220703125 263.850006103515625 274.17498779296875 267.35626220703125 277.256256103515625 278.600006103515625 274.53125 263.51251220703125 250.3937530517578125 243.7687530517578125 233.5625 222.625 217.506256103515625 221.100006103515625 220.7687530517578125 222.287506103515625 231.4375 233.8625030517578125 232.5124969482421875 235.0625 227.3125 215.2312469482421875 206.03125 201.8625030517578125 200.868743896484375
293.818756103515625 295.01873779296875 297.712493896484375 299.537506103515625 304.48126220703125 312.6875 316.85626220703125 318.006256103515625 316.82501220703125 314.14373779296875 312.09375 308.875 305.01251220703125 295.118743896484375 284.23748779296875 268.20623779296875 255.23748779296875 255.7937469482421875 252.7624969482421875 254.7687530517578125 250.6875 253.9562530517578125 261.11248779296875 262.524993896484375 259.0625 250.556243896484375 245.15625 241.9250030517578125 231.556243896484375 219.9375 214.8874969482421875 221.40625 221.0187530517578125 218.59375 222.2937469482421875 227.475006103515625 228.5187530517578125 227.037506103515625 223.631256103515625 217.475006103515625 204.381256103515625 195.899993896484375 195.5749969482421875 195.3249969482421875
