data/historical-monthly-weather-data/wc2.1_cruts4.09_10m_prec_1988-04.asc
ncols        51
nrows        45
xllcorner    -63.500000000000
yllcorner    -7.500000000000
cellsize     0.166666666667
NODATA_value -9999
[rows 20 to 39 of 45, columns 0 to 43 of 51]
327.412506103515625 334.037506103515625 338.48748779296875 341.66876220703125 342.912506103515625 350.712493896484375 357.506256103515625 358.256256103515625 355.84375 348.76251220703125 338.73126220703125 327.41876220703125 316.743743896484375 308.07501220703125 295.256256103515625 284.53125 276.225006103515625 271.850006103515625 270.212493896484375 267.20623779296875 264.537506103515625 259.037506103515625 252.1875 250.181243896484375 251.962493896484375 253.5 255.4000091552734375 257.01873779296875 256.91876220703125 257.04376220703125 253.3874969482421875 249.725006103515625 238.8874969482421875 225.850006103515625 215.649993896484375 231.318756103515625 254.875 274.681243896484375 288.556243896484375 297.024993896484375 301.01873779296875 304.068756103515625 301.76251220703125 301.29376220703125
323.318756103515625 326.756256103515625 332.70623779296875 342.149993896484375 347.756256103515625 353.899993896484375 361.5 365.85626220703125 363.893768310546875 353.462493896484375 337.681243896484375 319.443756103515625 305.26873779296875 296.11248779296875 289.51251220703125 281.524993896484375 277.10626220703125 271.54376220703125 268.556243896484375 264.243743896484375 256.6875 250.9499969482421875 247.5 246.6374969482421875 248.9875030517578125 255.162506103515625 268.28125 269.51251220703125 268.256256103515625 267.63751220703125 262.912506103515625 256.83123779296875 247.7624969482421875 239.537506103515625 236.475006103515625 245.431243896484375 263.40625 280.118743896484375 290.26251220703125 296.100006103515625 299.51251220703125 300.712493896484375 298.23126220703125 296.54998779296875
320.712493896484375 330.962493896484375 338.70001220703125 347.506256103515625 353.693756103515625 360.21875 364.987518310546875 372.131256103515625 376.98748779296875 359.587493896484375 335.756256103515625 311.61248779296875 294.01251220703125 286.5 283.881256103515625 281.024993896484375 276.274993896484375 269.3125 263.66876220703125 257.118743896484375 250.2687530517578125 243.8937530517578125 237.8874969482421875 238.087493896484375 243.71875 252.587493896484375 267.725006103515625 272.649993896484375 273.306243896484375 272.024993896484375 269.756256103515625 266.381256103515625 263.212493896484375 259.58123779296875 259.98748779296875 264.88751220703125 276.33123779296875 288.51873779296875 295.01873779296875 296.556243896484375 297.306243896484375 295.95001220703125 293.14373779296875 290.774993896484375
322.29998779296875 333.6875 343.881256103515625 349.98126220703125 355.01251220703125 361.29998779296875 368.868743896484375 373.45623779296875 374.79376220703125 355.84375 330.91876220703125 308.95001220703125 285.71875 281.631256103515625 280.90625 277.868743896484375 272.39373779296875 266.868743896484375 259.350006103515625 252.5500030517578125 244.125 235.056243896484375 228.243743896484375 230.037506103515625 235.15625 240.15625 252.4875030517578125 264.35626220703125 270.85626220703125 275.95001220703125 278.9375 282.03125 281.912506103515625 279.33123779296875 280.16876220703125 283.568756103515625 291.368743896484375 296.899993896484375 298.23126220703125 295.975006103515625 294.73748779296875 291.45001220703125 287.79376220703125 284.1875
328.23748779296875 340.53125 348.66876220703125 355.568756103515625 361.38751220703125 365.287506103515625 368.993743896484375 370.64373779296875 365.024993896484375 352.23748779296875 331.04998779296875 309.53125 294.92498779296875 284.693756103515625 280.149993896484375 275.975006103515625 272.26251220703125 265.693756103515625 257.568756103515625 248.068756103515625 237.71875 227.375 219.9250030517578125 219.662506103515625 222.9812469482421875 231.868743896484375 245.8874969482421875 258.850006103515625 270.350006103515625 282.943756103515625 292.13751220703125 300.306243896484375 302.21875 299.475006103515625 297.256256103515625 295.881256103515625 299.024993896484375 298.818756103515625 297.975006103515625 295.89373779296875 292.71875 287.787506103515625 284.45623779296875 279.306243896484375
344.64373779296875 355.006256103515625 355.66876220703125 360.256256103515625 362.54376220703125 364.92498779296875 366.556243896484375 365.168731689453125 355.26251220703125 341.962493896484375 327.76251220703125 313.88751220703125 301.037506103515625 291.868743896484375 283.8125 279.84375 274.5625 266.73126220703125 256.41876220703125 244.100006103515625 234.306243896484375 221.6875 211.3249969482421875 206.6999969482421875 212.9875030517578125 224.6437530517578125 243.024993896484375 257.61248779296875 273.725006103515625 288.225006103515625 304.181243896484375 318.537506103515625 322.34375 315.837493896484375 308.42498779296875 304.381256103515625 303.162506103515625 300.631256103515625 297.524993896484375 294.399993896484375 291.118743896484375 284.6875 279.17498779296875 272.381256103515625
356.85626220703125 361.65625 363.125 364.26873779296875 362.73126220703125 364.524993896484375 362.75 357.45623779296875 347.774993896484375 340.58123779296875 331.09375 318.21875 307.024993896484375 298.15625 290.36248779296875 284.70001220703125 278.193756103515625 268.243743896484375 258.45623779296875 247 233.7375030517578125 219.524993896484375 206.1062469482421875 200.6875 209.725006103515625 220.743743896484375 240.193756103515625 256.556243896484375 274.662506103515625 291.381256103515625 310.975006103515625 329.04998779296875 335.54376220703125 325.76873779296875 315.40625 308.76873779296875 305.193756103515625 301.1875 296.287506103515625 292.65625 287.66876220703125 282.725006103515625 277.09375 272.14373779296875
371.412506103515625 371.60626220703125 370.056243896484375 367.96875 365.962493896484375 363.63751220703125 361.125 352.86248779296875 345.92498779296875 339.85626220703125 329.431243896484375 320.149993896484375 310.375 303.29376220703125 296.03125 288.3125 282.09375 274.587493896484375 262.86248779296875 252.1875 239.306243896484375 223.9499969482421875 214.4250030517578125 209.59375 214.25 223.84375 240.0625 256.993743896484375 274.337493896484375 291.837493896484375 309.35626220703125 325.29376220703125 329.556243896484375 323 315.89373779296875 308.631256103515625 305.212493896484375 301.14373779296875 296.33123779296875 291.837493896484375 287.36248779296875 283.162506103515625 278.4375 276.16876220703125
381.806243896484375 380.04376220703125 374.912506103515625 371.32501220703125 366.35626220703125 359.82501220703125 354.67498779296875 350.193756103515625 346.368743896484375 338.95001220703125 331.61248779296875 323.149993896484375 313.568756103515625 307.100006103515625 302.225006103515625 297.63751220703125 291.90625 280.912506103515625 271.03125 259.399993896484375 246.962493896484375 232.212493896484375 223.087493896484375 220.2312469482421875 222.024993896484375 229.287506103515625 243.975006103515625 259.106231689453125 274.875 290.431243896484375 303.681243896484375 316.04998779296875 316.837493896484375 314.61248779296875 310.475006103515625 305.618743896484375 303.368743896484375 300.38751220703125 296.462493896484375 290.70623779296875 283.818756103515625 280.54998779296875 278.5625 285.42498779296875
384.23748779296875 381.10626220703125 375.0625 366.443756103515625 361.54376220703125 356.54998779296875 351.975006103515625 348.524993896484375 343.70623779296875 336.90625 331.681243896484375 324.33123779296875 319.181243896484375 313.787506103515625 308.9375 303.58123779296875 297.84375 290.787506103515625 279.899993896484375 266.39373779296875 252.2312469482421875 240.6687469482421875 233.037506103515625 228.9250030517578125 228.618743896484375 233.8562469482421875 247.212493896484375 259.412506103515625 273.20001220703125 285.631256103515625 296.5 304.5 305.649993896484375 305.95001220703125 304.712493896484375 301.48126220703125 300.912506103515625 299.100006103515625 294.3125 291.493743896484375 288.23748779296875 287.23126220703125 285.96875 293.306243896484375
381.931243896484375 377.20623779296875 370.3125 363.006256103515625 358.88751220703125 353.11248779296875 349.63751220703125 344.318756103515625 339.70623779296875 335.45623779296875 331.556243896484375 326.45001220703125 324.287506103515625 317.943756103515625 314.337493896484375 309.837493896484375 306.17498779296875 299.556243896484375 290.10626220703125 277.61248779296875 262.98748779296875 249.850006103515625 240.725006103515625 234.600006103515625 232.181243896484375 239.2375030517578125 248.4499969482421875 259.95623779296875 271.26873779296875 279.76251220703125 288.693756103515625 295.13751220703125 297.850006103515625 298.86248779296875 297.975006103515625 296.625 294.5 293.76251220703125 293.037506103515625 291.556243896484375 289.875 289.399993896484375 290.837493896484375 294.681243896484375
375.3125 370.125 363.86248779296875 359.975006103515625 355.399993896484375 347.524993896484375 343.9375 338.20001220703125 333.993743896484375 330.09375 328.274993896484375 328.0625 324.98126220703125 321.34375 317.899993896484375 314.57501220703125 308.537506103515625 302.931243896484375 293.631256103515625 285.26251220703125 271.556243896484375 258.32501220703125 247.2375030517578125 241.350006103515625 241.0625 244.118743896484375 250.506256103515625 260.60626220703125 268.681243896484375 276.03125 283.70001220703125 288.92498779296875 289.524993896484375 290.743743896484375 290.931243896484375 289.8125 289.381256103515625 287.35626220703125 286.975006103515625 286.20001220703125 289.20001220703125 291.04998779296875 292.76873779296875 296.86248779296875
361.756256103515625 354.92498779296875 350.48748779296875 346.46875 344.149993896484375 337.01251220703125 330.806243896484375 327.006256103515625 322.9375 322.04998779296875 325.774993896484375 325.09375 325.98126220703125 325.5 321.725006103515625 317 312.3125 307.356231689453125 297.443756103515625 288.11248779296875 277.35626220703125 265.024993896484375 253.712493896484375 248.4812469482421875 248.3000030517578125 247.787506103515625 253.5749969482421875 260.07501220703125 266.65625 273.45001220703125 278.26251220703125 281.149993896484375 281.287506103515625 282.90625 283.725006103515625 284.162506103515625 283.524993896484375 282.61248779296875 280.537506103515625 284.98126220703125 286.60626220703125 288.237518310546875 291.42498779296875 296.76873779296875
345.3125 340.60626220703125 337.712493896484375 334.15625 330.96875 326.58123779296875 321.243743896484375 315.59375 312.04376220703125 312.21875 315.3125 320.662506103515625 325.17498779296875 324.212493896484375 321.899993896484375 316.524993896484375 312.625 307.743743896484375 299.38751220703125 290.58123779296875 280.524993896484375 269.649993896484375 259.537506103515625 252.337493896484375 252.4375 251.1437530517578125 253.9187469482421875 258.462493896484375 263.850006103515625 267.625 271.04376220703125 274.368743896484375 274.51251220703125 275.67498779296875 276.912506103515625 276.875 276.95001220703125 273.70623779296875 276.274993896484375 279.67498779296875 280.212493896484375 283.42498779296875 287.73748779296875 293.73748779296875
327.024993896484375 325.306243896484375 324.82501220703125 320.568756103515625 317.25 312.39373779296875 306.95001220703125 302.85626220703125 298.04376220703125 296.98748779296875 304.32501220703125 314.850006103515625 324.46875 329.08123779296875 325.29998779296875 319.756256103515625 313.306243896484375 305.91876220703125 300.4375 290.493743896484375 283.024993896484375 271.65625 262.63751220703125 254.4499969482421875 253.068756103515625 253.381256103515625 255.1687469482421875 256.818756103515625 260.818756103515625 264.537506103515625 266.037506103515625 268.568756103515625 267.36248779296875 268.95623779296875 269.149993896484375 268.225006103515625 266.375 269.54376220703125 271.6875 273.29998779296875 273.34375 276.912506103515625 281.881256103515625 287.10626220703125
310.64373779296875 311.006256103515625 309.89373779296875 306.38751220703125 302.399993896484375 296.51251220703125 291.90625 286.693756103515625 279.64373779296875 277.375 283.88751220703125 298.95623779296875 315.15625 322.662506103515625 320.556243896484375 316.03125 310.850006103515625 304.73748779296875 299.39373779296875 293.01251220703125 284.40625 275.08123779296875 263.287506103515625 256.850006103515625 253.7375030517578125 253.350006103515625 255.0749969482421875 256.962493896484375 259.774993896484375 261.306243896484375 262.143768310546875 262.600006103515625 261.23748779296875 263.024993896484375 261.83123779296875 258.493743896484375 261.287506103515625 264.26873779296875 264.91876220703125 266.76873779296875 268.681243896484375 271.14373779296875 274.23126220703125 278.912506103515625
295.350006103515625 297.3125 295.45623779296875 292.818756103515625 288.681243896484375 283.475006103515625 279.506256103515625 271.837493896484375 261.725006103515625 255.631256103515625 265.556243896484375 288.70001220703125 303.70001220703125 310.15625 312.10626220703125 309.806243896484375 303.875 299.556243896484375 295.850006103515625 288.443756103515625 281.45623779296875 272.493743896484375 261.912506103515625 256.60626220703125 252.743743896484375 252 254.3000030517578125 256.431243896484375 257.90625 257.837493896484375 258.831268310546875 259.4000244140625 257.82501220703125 256.98126220703125 254.9375 253.9562530517578125 256.5625 260.0625 262.318756103515625 261.506256103515625 263.04376220703125 264.381256103515625 267.712493896484375 270.743743896484375
284.29998779296875 284.243743896484375 281.51251220703125 279.89373779296875 276.243743896484375 272.493743896484375 267.850006103515625 259.975006103515625 252.1062469482421875 244.4875030517578125 261.318756103515625 284.11248779296875 295.568756103515625 301.45623779296875 303.1875 302.26251220703125 296.46875 293.84375 287.95623779296875 280.381256103515625 274.26251220703125 265.86248779296875 258.806243896484375 254.0749969482421875 250.3625030517578125 251.037506103515625 250.90625 254.274993896484375 256.26873779296875 256.34375 254.693756103515625 254.943756103515625 254.787506103515625 252.71875 248.4499969482421875 250.9187469482421875 253.1875 254.6062469482421875 258.287506103515625 258.131256103515625 257.368743896484375 258.67498779296875 258.975006103515625 259.774993896484375
276.25 273.274993896484375 270.89373779296875 269.91876220703125 268.07501220703125 263.08123779296875 259.39373779296875 254.9562530517578125 254.03125 260.1875 277.193756103515625 286.337493896484375 289.04998779296875 293.45623779296875 295.16876220703125 292.912506103515625 288.84375 285.54998779296875 277.837493896484375 272.462493896484375 266.23126220703125 258.51251220703125 252.725006103515625 250.318756103515625 248.15625 246.756256103515625 247.5187530517578125 250.40625 252.125 253.818756103515625 253.53125 251.4187469482421875 251.1437530517578125 250.8937530517578125 251.7937469482421875 251.431243896484375 251.3874969482421875 253.3562469482421875 254.0812530517578125 251.8125 251.475006103515625 252.943756103515625 251.9812469482421875 253.475006103515625
267.92498779296875 265.412506103515625 263.462493896484375 262.774993896484375 261.15625 258.09375 253.4499969482421875 253.899993896484375 256.51251220703125 262.681243896484375 271.98748779296875 280.037506103515625 282.57501220703125 285.662506103515625 286.875 284.681243896484375 281.399993896484375 277.98748779296875 269.98748779296875 263.35626220703125 256.73748779296875 252.337493896484375 245 242.662506103515625 243.693756103515625 243.475006103515625 244.681243896484375 247.493743896484375 249.412506103515625 250.943756103515625 249.2687530517578125 252.0437469482421875 254.399993896484375 254.3874969482421875 255.4187469482421875 254.3000030517578125 252.8312530517578125 253.4375 252.006256103515625 247.28125 245.3937530517578125 246.2687530517578125 244.037506103515625 244.6374969482421875
