data/historical-monthly-weather-data/wc2.1_cruts4.09_10m_prec_2022-11.asc
ncols        45
nrows        45
xllcorner    -63.500000000000
yllcorner    -7.500000000000
cellsize     0.166666666667
NODATA_value -9999
[rows 0 to 18 of 45, columns 0 to 43 of 45]
286.256256103515625 292.85626220703125 293.09375 299.274993896484375 304.537506103515625 311.41876220703125 316.068756103515625 320.024993896484375 321.09375 319.92498779296875 317.912506103515625 307.806243896484375 297.45623779296875 282.20623779296875 266.13751220703125 248.931243896484375 233 216.756256103515625 201.9250030517578125 189.306243896484375 180.493743896484375 172.4250030517578125 165.306243896484375 156.149993896484375 148.0124969482421875 140.6374969482421875 133.506256103515625 126.46875 119.3249969482421875 113.65000152587890625 108.74375152587890625 105.03749847412109375 103.7062530517578125 103.49375152587890625 103.18125152587890625 104.46250152587890625 106.2062530517578125 107.46875 107.91249847412109375 108.3874969482421875 107.90000152587890625 107.75 106.33750152587890625 104.9562530517578125
288.274993896484375 291.64373779296875 294.35626220703125 300.556243896484375 308.743743896484375 314.63751220703125 317.806243896484375 323.975006103515625 324.5625 321.875 318.32501220703125 305.59375 291.46875 276.631256103515625 258.91876220703125 243.225006103515625 225.868743896484375 208.09375 190.506256103515625 175.59375 165.9000091552734375 157.431243896484375 150.2062530517578125 142.712493896484375 133.975006103515625 126.52500152587890625 120.59999847412109375 114.31874847412109375 108.5500030517578125 104.6374969482421875 101.6062469482421875 99.7312469482421875 99.71250152587890625 102.2375030517578125 104.34375 106.5187530517578125 109.03125 111.1062469482421875 111.53125 112.0625 112.28749847412109375 111.65000152587890625 110.6437530517578125 108.13124847412109375
286.95623779296875 290.762481689453125 292.412506103515625 296.024993896484375 303.274993896484375 306.98126220703125 312.925018310546875 317.67498779296875 319.13751220703125 316.07501220703125 309.256256103515625 294.837493896484375 280.181243896484375 264.462493896484375 246.7937469482421875 230.243743896484375 214.625 199.0187530517578125 182.756256103515625 169.0625 159.3312530517578125 150.462493896484375 142.6750030517578125 134.712493896484375 125.84375 117.625 111.9562530517578125 106.6062469482421875 101.21250152587890625 98.43125152587890625 97.53749847412109375 96.83750152587890625 99.44374847412109375 102.68125152587890625 106.2624969482421875 108.625 111.4499969482421875 115.1374969482421875 116.2062530517578125 117.4375 117.84999847412109375 116.55625152587890625 115.15625 112.96875
278.66876220703125 281.65625 285.66876220703125 287.5 293.506256103515625 295.95001220703125 299.46875 305.21875 308.381256103515625 306.037506103515625 296.54998779296875 280.162506103515625 264.443756103515625 248.34375 231.693756103515625 216.225006103515625 202.21875 188.443756103515625 175.493743896484375 164.818756103515625 155.1374969482421875 145.493743896484375 136.0687408447265625 126.6750030517578125 117.25 108.7312469482421875 103.58750152587890625 97.90000152587890625 93.72499847412109375 93.11875152587890625 93.53125 94.79375457763671875 97.6875 101.9375 106.36875152587890625 110.7375030517578125 114.90000152587890625 118.9250030517578125 120.9187469482421875 122.4812469482421875 122.34375 121.6999969482421875 119.2312469482421875 116.53749847412109375
277.23126220703125 275.83123779296875 269.90625 273.09375 280.82501220703125 282.65625 284.64373779296875 289.89373779296875 295.118743896484375 294.837493896484375 280.32501220703125 260.662506103515625 244.8562469482421875 230.712493896484375 215.681243896484375 202.2624969482421875 189.3000030517578125 178.818756103515625 168.3874969482421875 158.4250030517578125 149.8125 139.65625 129.774993896484375 120.16249847412109375 108.9875030517578125 99.7375030517578125 93.7624969482421875 89.78749847412109375 86.91249847412109375 87.0124969482421875 88.7624969482421875 91.40000152587890625 95.59999847412109375 101.08750152587890625 106.8625030517578125 111.99375152587890625 117.19374847412109375 122.3937530517578125 125.68125152587890625 126.44374847412109375 127.0500030517578125 125.21875 122.84999847412109375 120.13124847412109375
269.743743896484375 268.98126220703125 262.95623779296875 257.356231689453125 266.149993896484375 272.556243896484375 275.85626220703125 278.806243896484375 282.149993896484375 282.618743896484375 266.712493896484375 247.899993896484375 233.8562469482421875 220.6750030517578125 206.712493896484375 193.9375 182.774993896484375 173.287506103515625 164.6062469482421875 154.7687530517578125 145.1687469482421875 135.3562469482421875 125.28125 114.6999969482421875 104.6125030517578125 95.19374847412109375 89.91249847412109375 86 83.28749847412109375 83.6374969482421875 85.0187530517578125 88.84375 93.43125152587890625 99.7937469482421875 106.0812530517578125 112.3249969482421875 118.3312530517578125 124.5749969482421875 128.9499969482421875 130.59375 128.9562530517578125 127.22499847412109375 124.6999969482421875 122.27500152587890625
264.25 266.07501220703125 260.33123779296875 254.5124969482421875 256.91876220703125 258.46875 260.774993896484375 261.76873779296875 258.71875 251.493743896484375 243.399993896484375 231.1750030517578125 220.8187408447265625 209.8000030517578125 198.625 188.024993896484375 177.8625030517578125 168.7624969482421875 159.4562530517578125 151.7937469482421875 141.7125091552734375 131.2312469482421875 120.8874969482421875 110.3125 100.44374847412109375 91.93125152587890625 86.7624969482421875 82.7375030517578125 79.3312530517578125 79.9375 81.9187469482421875 85.25 90.71875 97.77500152587890625 105.2312469482421875 111.4250030517578125 117.5500030517578125 124.7062530517578125 131.462493896484375 132.71875 130.256256103515625 127.96250152587890625 125.4812469482421875 122.8125
261.524993896484375 262.524993896484375 258.537506103515625 256.79376220703125 258.01251220703125 254.7937469482421875 248.306243896484375 239.193756103515625 228.1999969482421875 221.212493896484375 219.662506103515625 214.1750030517578125 207.162506103515625 198.693756103515625 190 181.9187469482421875 173 164.225006103515625 155.9499969482421875 147.8874969482421875 138.8937530517578125 128.4187469482421875 117 106.5749969482421875 97.4875030517578125 88.0187530517578125 82.88124847412109375 78.7062530517578125 75.81874847412109375 76.02500152587890625 77.86875152587890625 81.7687530517578125 87.78125 95.02500152587890625 102.94374847412109375 108.9499969482421875 115.75 122.21250152587890625 126.71875 128.193756103515625 127.02500152587890625 125.1062469482421875 122.7624969482421875 119.96875
259.274993896484375 261.79998779296875 260.274993896484375 259.037506103515625 258.76251220703125 253.4499969482421875 245.09375 233.4375 215.225006103515625 203.725006103515625 204.899993896484375 202.6687469482421875 198.600006103515625 192.1750030517578125 185.8874969482421875 179.1687469482421875 171.818756103515625 164.337493896484375 158.412506103515625 150.350006103515625 139.193756103515625 128.4499969482421875 116.21875 106.58750152587890625 96.40000152587890625 86.3249969482421875 80.52500152587890625 76.46250152587890625 73.38750457763671875 72.75 74.7937469482421875 79.09375 84.55625152587890625 91.25624847412109375 98.53125 104.875 111.25624847412109375 117.13124847412109375 120.58750152587890625 122.77500152587890625 122.3249969482421875 120.3000030517578125 118.78125 116.4875030517578125
257.818756103515625 259.64373779296875 258.818756103515625 258.53125 258.806243896484375 254.2937469482421875 244.756256103515625 231.962493896484375 217.0437469482421875 206.8125 202.0437469482421875 196.368743896484375 192.8312530517578125 187.21875 182.037506103515625 177.056243896484375 171.443756103515625 165.818756103515625 160.2937469482421875 154.0187530517578125 142.53125 130.306243896484375 116.9499969482421875 106.21875 94.7937469482421875 84.72499847412109375 79.33750152587890625 74.6437530517578125 71.0625 69.875 71.6750030517578125 75.6750030517578125 81.1062469482421875 87.8000030517578125 94.9250030517578125 101.1062469482421875 107.46875 112.4375 115.6125030517578125 117.6687469482421875 118.1687469482421875 116.74375152587890625 114.65625 111.75624847412109375
256.79376220703125 258.743743896484375 257.431243896484375 257.193756103515625 257.375 255.4000091552734375 247.162506103515625 233.3937530517578125 219.056243896484375 208.056243896484375 201.537506103515625 194.587493896484375 188.7937469482421875 182.912506103515625 178.0187530517578125 173.6999969482421875 169.818756103515625 165.649993896484375 161.5124969482421875 157.0437469482421875 148.256256103515625 134.3625030517578125 118.74375152587890625 104.61875152587890625 93.55625152587890625 84.2687530517578125 78.97499847412109375 74.40000152587890625 70.1437530517578125 68.7937469482421875 70.38124847412109375 73.8000030517578125 79.30625152587890625 85.5812530517578125 91.88124847412109375 97.18125152587890625 102.5812530517578125 107.5187530517578125 111.5625 113.8125 114.3249969482421875 113.28125 111.625 109.0500030517578125
255.59375 257.26251220703125 255.9250030517578125 256.837493896484375 257.17498779296875 255.274993896484375 248.78125 235.0437469482421875 220.712493896484375 209.193756103515625 200.5187530517578125 193.3874969482421875 185.131256103515625 178.693756103515625 173.975006103515625 169.875 166.65625 162.975006103515625 160.4187469482421875 158.3937530517578125 151.600006103515625 137.693756103515625 120.58750152587890625 105.1062469482421875 92.9250030517578125 83.39374542236328125 78.1687469482421875 74.08750152587890625 70.97499847412109375 69.8312530517578125 70.4187469482421875 72.625 77.18125152587890625 82.625 88.6999969482421875 93.63124847412109375 98.31874847412109375 103.3249969482421875 107.03125 109.8874969482421875 111.56874847412109375 110.56874847412109375 109.0124969482421875 106.7375030517578125
253.712493896484375 255.90625 254.725006103515625 253.9375 252.84375 249.9562530517578125 242.7312469482421875 231.618743896484375 218.5812530517578125 207.850006103515625 198.3874969482421875 191.3312530517578125 183.1437530517578125 173.3312530517578125 167.6374969482421875 163.850006103515625 161.1125030517578125 159.3937530517578125 157.743743896484375 156.024993896484375 150.8000030517578125 137.5 120.03749847412109375 105.52500152587890625 92.31874847412109375 82.1374969482421875 78.15625 74.44374847412109375 71.71875 70.74375152587890625 70.81874847412109375 72.0187530517578125 75.2937469482421875 79.7687530517578125 85.11875152587890625 89.61875152587890625 94.0812530517578125 98.68125152587890625 103.19374847412109375 105.77500152587890625 108.56874847412109375 108.38124847412109375 105.66249847412109375 99.18125152587890625
251.09375 251.537506103515625 250.0124969482421875 248.412506103515625 246.875 241.818756103515625 234.9499969482421875 226.212493896484375 215.65625 204.774993896484375 194.975006103515625 185.6125030517578125 177.306243896484375 168.056243896484375 159.3625030517578125 155.5124969482421875 153.462493896484375 151.931243896484375 150.3625030517578125 147.9875030517578125 141.84375 130.3125 115.9812469482421875 103.25 91.8249969482421875 82.56874847412109375 79.16875457763671875 75.90000152587890625 72.9375 71.55625152587890625 71.29375457763671875 71.6374969482421875 73.8562469482421875 77.22499847412109375 82.2062530517578125 86.6374969482421875 90.78125 96.11249542236328125 100.0124969482421875 103.88124847412109375 105.7937469482421875 102.6374969482421875 98.71875 96.1999969482421875
246.149993896484375 246.2375030517578125 244.725006103515625 242.9812469482421875 240.875 235.412506103515625 229.5187530517578125 221.6999969482421875 211.3312530517578125 200.6999969482421875 190.4875030517578125 180.6062469482421875 170.96875 161.0500030517578125 150.118743896484375 145.318756103515625 143.837493896484375 142.743743896484375 141.3874969482421875 138.8625030517578125 132.5812530517578125 122.9375 111.6374969482421875 101.96875 93.31874847412109375 85.69374847412109375 82.09375 78.63124847412109375 75.40000152587890625 73.22499847412109375 71.99375152587890625 71.375 73.25 76.0749969482421875 79.86875152587890625 83.5124969482421875 88.15625 94.06874847412109375 98.6999969482421875 100.84375 100.30625152587890625 99.02500152587890625 98.4375 97.71875
239.6374969482421875 239.381256103515625 238.6374969482421875 236.7937469482421875 234.743743896484375 229.962493896484375 223.443756103515625 216.1062469482421875 207.375 198.21875 187.5500030517578125 176.8937530517578125 166.4875030517578125 154.9562530517578125 143 134.556243896484375 134.693756103515625 135.1374969482421875 133.65625 130.8125 125.55625152587890625 117.65625 108.2062530517578125 100.90625 94.4812469482421875 89.15000152587890625 86.25 82.52500152587890625 78.13124847412109375 74.8249969482421875 72.69374847412109375 71.5500030517578125 72.6875 75.44374847412109375 77.90000152587890625 82 87.0625 90.34999847412109375 94.05625152587890625 95.9562530517578125 97.5124969482421875 98.23125457763671875 98.3625030517578125 96
232.6374969482421875 233.375 231.962493896484375 230.225006103515625 228.837493896484375 224.125 218.8625030517578125 211.837493896484375 203.912506103515625 194.899993896484375 185.1999969482421875 174.4812469482421875 163.3000030517578125 151.6999969482421875 140.256256103515625 132.006256103515625 128.181243896484375 127.46875 126.69374847412109375 124.4499969482421875 119.8625030517578125 113.15000152587890625 105.2375030517578125 99.3937530517578125 95.0749969482421875 92.3874969482421875 91.0625 86.2375030517578125 80.09375 76.08750152587890625 73.59999847412109375 72.9499969482421875 73.43125152587890625 75.3312530517578125 80.08750152587890625 85.3000030517578125 87.8312530517578125 91.2624969482421875 95.22499847412109375 96.125 98.07500457763671875 99.24375152587890625 97.65625 96.8874969482421875
224.662506103515625 225.537506103515625 225.2062530517578125 224.34375 222.743743896484375 219.9250030517578125 215.712493896484375 209.337493896484375 201.6687469482421875 192.7062530517578125 183 172.225006103515625 160 149.181243896484375 139.318756103515625 131.037506103515625 125.2624969482421875 120.4499969482421875 120.50624847412109375 118.77500152587890625 115.8874969482421875 109.55625152587890625 102.72499847412109375 98.9812469482421875 96.65625 95.28125 96.0812530517578125 89.84999847412109375 81.77500152587890625 75.94374847412109375 72.65625 71.66249847412109375 74.2937469482421875 79.3312530517578125 84.6750030517578125 85.96250152587890625 89.02500152587890625 92.2687530517578125 93.9187469482421875 97.34999847412109375 98.80625152587890625 99.2375030517578125 98.53125 97.83750152587890625
216.03125 218.087493896484375 218.1374969482421875 217.975006103515625 217.568756103515625 215.3312530517578125 211.600006103515625 206.881256103515625 200.0749969482421875 192.162506103515625 182.0812530517578125 170.6125030517578125 158.3312530517578125 147.6374969482421875 137.2937469482421875 129.149993896484375 122.72499847412109375 116.5124969482421875 113.93125152587890625 112.53125 111.91249847412109375 108.6125030517578125 100.2375030517578125 98.0625 97.28125 96.55625152587890625 95.78749847412109375 90.4562530517578125 83.0812530517578125 76.27500152587890625 71.5625 72.3125 78.0749969482421875 82.68125152587890625 86.16249847412109375 88.9187469482421875 90.88124847412109375 92.90625 95.7375030517578125 98.40625 99.9250030517578125 101.63124847412109375 100.25624847412109375 99.09375
