data/historical-monthly-weather-data/wc2.1_cruts4.09_10m_prec_2012-01.asc
ncols        45
nrows        45
xllcorner    -63.500000000000
yllcorner    -7.500000000000
cellsize     0.166666666667
NODATA_value -9999
[rows 0 to 19 of 45, columns 0 to 44 of 45]
187.3000030517578125 184.46875 177.8625030517578125 173.8874969482421875 168.399993896484375 167.162506103515625 163.943756103515625 158.1999969482421875 152.868743896484375 149.662506103515625 147.9187469482421875 145.681243896484375 142.193756103515625 135.2624969482421875 130.0625 126.65625 123.5500030517578125 118.75 119.40000152587890625 120.2062530517578125 123.31874847412109375 128.056243896484375 132.8625030517578125 137.2624969482421875 143.3937530517578125 148.7062530517578125 154.381256103515625 161.2624969482421875 169.1624908447265625 176.8249969482421875 185.4187469482421875 194.4499969482421875 202.931243896484375 213.662506103515625 222.962493896484375 232.631256103515625 239.2937469482421875 244.350006103515625 248.6875 252.1875 254.5 255.962493896484375 255.90625 256.149993896484375 255.84375
199.125 194.712493896484375 189.15625 184.181243896484375 180.3874969482421875 179.7687530517578125 176.975006103515625 174.2062530517578125 171.350006103515625 168.712493896484375 165.006256103515625 160.118743896484375 154.087493896484375 148.337493896484375 142.149993896484375 136.7062530517578125 131.6437530517578125 127.77500152587890625 126.8937530517578125 128.037506103515625 132.350006103515625 137.2312469482421875 142.9562530517578125 149.181243896484375 154.59375 159.96875 166.6125030517578125 173.4875030517578125 180.7375030517578125 190.337493896484375 199.6750030517578125 208.84375 218.037506103515625 230.931243896484375 240.5812530517578125 248.0187530517578125 257.756256103515625 263.26873779296875 266.287506103515625 268.993743896484375 271.73748779296875 272.5 270.431243896484375 269.681243896484375 267.868743896484375
210.3249969482421875 206.1437530517578125 200.5 195.9812469482421875 192.899993896484375 192.65625 191.96875 191.6062469482421875 189.881256103515625 187.5124969482421875 183.337493896484375 176.8249969482421875 170.131256103515625 162.5437469482421875 155.0749969482421875 147.4562530517578125 141.5500030517578125 137.993743896484375 136.6875 139.1437530517578125 144.837493896484375 151.8874969482421875 158.399993896484375 164.2062530517578125 169.6999969482421875 174.9875030517578125 181.875 188.78125 194.8562469482421875 203.631256103515625 214.6125030517578125 225.162506103515625 236.568756103515625 245.899993896484375 257.88751220703125 265.524993896484375 274.568756103515625 281.92498779296875 284.756256103515625 286.20001220703125 289.381256103515625 288.61248779296875 286.29998779296875 283.98126220703125 278.8125
219.818756103515625 216.006256103515625 213.306243896484375 209.3312530517578125 207.96875 204.962493896484375 206.3874969482421875 209.087493896484375 210.1125030517578125 209.5124969482421875 203.5 194.8125 186.2312469482421875 177.431243896484375 169.0187530517578125 160.1374969482421875 152.1875 147.306243896484375 147.25 152.3562469482421875 161.100006103515625 169.368743896484375 174.6875 181.3249969482421875 187.3562469482421875 192.943756103515625 200.131256103515625 204.8312530517578125 210.524993896484375 219.975006103515625 230.7375030517578125 243.3249969482421875 254.256256103515625 264.11248779296875 274.1875 284.287506103515625 292.1875 300.125 303.756256103515625 306.59375 306.975006103515625 306.54998779296875 303.39373779296875 298.475006103515625 291.681243896484375
237.0187530517578125 229.931243896484375 224.7874908447265625 222.212493896484375 220.6437530517578125 219.868743896484375 220.306243896484375 224.806243896484375 229.4250030517578125 231.125 222.9250030517578125 212.5437469482421875 203.78125 194.9250030517578125 185.34375 175.0749969482421875 165.2062530517578125 157.78125 160.3125 168.975006103515625 180.1750030517578125 188.4562530517578125 194.3874969482421875 200.375 205.9875030517578125 212.993743896484375 217.037506103515625 221.3000030517578125 229.1750030517578125 238.3625030517578125 249.3312530517578125 258.556243896484375 271.287506103515625 283.35626220703125 294.006256103515625 303.70001220703125 313.475006103515625 318.95001220703125 322.75 324.850006103515625 327.618743896484375 324.64373779296875 321.100006103515625 314.118743896484375 305.03125
251.1437530517578125 245.3249969482421875 239.6999969482421875 234.8312530517578125 232.3874969482421875 232 233.1999969482421875 236.1999969482421875 241.03125 244.350006103515625 236.024993896484375 227.556243896484375 219.3937530517578125 211.78125 202.131256103515625 194.5625 184.6999969482421875 177.3937530517578125 182.90625 192.7312469482421875 202.462493896484375 209.375 215.943756103515625 220.1687469482421875 225.7937469482421875 231.943756103515625 236.3937530517578125 240.068756103515625 246.837493896484375 257.26251220703125 267.056243896484375 276.71875 286.556243896484375 299 312.95001220703125 321.899993896484375 330.725006103515625 337.53125 341.63751220703125 345.318756103515625 344.899993896484375 342.350006103515625 337.07501220703125 329.837493896484375 319.506256103515625
265.493743896484375 260.193756103515625 254.7062530517578125 247.274993896484375 241.8562469482421875 238.8312530517578125 239.0187530517578125 240.2624969482421875 241.962493896484375 241.8125 241.1437530517578125 237.7687530517578125 234.5625 229.71875 223.1750030517578125 218.1374969482421875 213.8125 214.712493896484375 220.649993896484375 225.537506103515625 227.96875 232.875 235.743743896484375 239.75 245.818756103515625 250.662506103515625 254.899993896484375 259.15625 264.1875 273.90625 285.631256103515625 295.41876220703125 304.381256103515625 314.975006103515625 327.11248779296875 338.38751220703125 347.20001220703125 355.42498779296875 362.600006103515625 363.725006103515625 361.71875 358.225006103515625 352.64373779296875 345.28125 333.53125
281.693756103515625 273.13751220703125 266.375 259.381256103515625 252.493743896484375 249.1437530517578125 245.524993896484375 239.5625 235.6687469482421875 238.9562530517578125 245.5500030517578125 248.5 250.03125 247.3874969482421875 245.0749969482421875 243.462493896484375 244.475006103515625 251.5687408447265625 262.04376220703125 260.193756103515625 254.962493896484375 255.287506103515625 256.36248779296875 260.32501220703125 266.61248779296875 270.487518310546875 273.462493896484375 277.01251220703125 283.556243896484375 293.631256103515625 303.162506103515625 313.09375 321.48126220703125 331.29998779296875 342.23748779296875 353.15625 362.79376220703125 371.506256103515625 377.39373779296875 380.73748779296875 380.462493896484375 376.912506103515625 371.350006103515625 362.78125 352.087493896484375
295.54376220703125 286.64373779296875 279.70623779296875 270.931243896484375 264.337493896484375 258.90625 253.75 247.1687469482421875 240.068756103515625 240.7687530517578125 253.912506103515625 261.225006103515625 266.537506103515625 266.34375 266.375 266.618743896484375 268.899993896484375 276.506256103515625 285.399993896484375 281.23126220703125 272.66876220703125 272.324981689453125 272.337493896484375 279.318756103515625 284.95623779296875 288.118743896484375 290.96875 292.98748779296875 299.48126220703125 310.056243896484375 320.399993896484375 327.79998779296875 336.08123779296875 344.35626220703125 354.17498779296875 363.756256103515625 374.631256103515625 383.48126220703125 389.61248779296875 393.91876220703125 393.83123779296875 390.36248779296875 388.4375 383.037506103515625 371.35626220703125
308.98126220703125 299.85626220703125 290.83123779296875 282.4375 275.975006103515625 271.181243896484375 266.118743896484375 261.6875 259.29376220703125 263.725006103515625 273.36248779296875 280.506256103515625 285.48748779296875 286.42498779296875 287.5625 288.881256103515625 289.787506103515625 292.600006103515625 294.04998779296875 291.04998779296875 284.293731689453125 284.399993896484375 286.5 296.318756103515625 300.462493896484375 302.350006103515625 305.100006103515625 307.91876220703125 312.875 322.850006103515625 332.04376220703125 339.86248779296875 348.662506103515625 357.537506103515625 367.243743896484375 375.45001220703125 384.86248779296875 394.16876220703125 400.40625 405.28125 408.6875 406.712493896484375 404.931243896484375 398.48748779296875 388.556243896484375
323.82501220703125 314.66876220703125 303.8125 294.4375 286.681243896484375 283.08123779296875 279.76873779296875 279.318756103515625 281.037506103515625 287.28125 298.20623779296875 305.1875 306.899993896484375 306.506256103515625 307.068756103515625 307.39373779296875 305.96875 303.85626220703125 300.037506103515625 294.912506103515625 292.20001220703125 292.86248779296875 299.35626220703125 307.45623779296875 315.70001220703125 315.625 317.26251220703125 320.162506103515625 324.625 331.73126220703125 340.412506103515625 349.193756103515625 358.881256103515625 368.350006103515625 377.48126220703125 386.800018310546875 395.381256103515625 402.64373779296875 410.5625 417.29376220703125 421.375 418.4375 417.443756103515625 412.5625 402.98126220703125
334.1875 324.618743896484375 314.45001220703125 306.756256103515625 299.681243896484375 295.76251220703125 294.34375 297.82501220703125 302.41876220703125 309.36248779296875 321.3125 332.04998779296875 331.71875 328.912506103515625 327.743743896484375 324.506256103515625 321.125 313.39373779296875 306.774993896484375 298.337493896484375 293.98748779296875 296.10626220703125 306.61248779296875 320.54998779296875 326.70623779296875 322.33123779296875 323.6875 326.51251220703125 332.0625 340.987518310546875 349.46875 357.15625 366.899993896484375 376.32501220703125 385.618743896484375 394.90625 403.53125 410.20001220703125 417.931243896484375 425.67498779296875 430.087493896484375 426.993743896484375 421.21875 413.70001220703125 401.100006103515625
345.712493896484375 336.875 327.443756103515625 319.23748779296875 312.287506103515625 311.21875 310.92498779296875 313.625 319.76251220703125 328.48748779296875 340.51873779296875 352.881256103515625 354.41876220703125 347.975006103515625 345.193756103515625 340.600006103515625 334.17498779296875 326.125 316.675018310546875 305.45001220703125 293.712493896484375 297.881256103515625 311.54998779296875 322.17498779296875 321.29376220703125 318.64373779296875 325.85626220703125 333.29376220703125 339.79998779296875 349.41876220703125 357.931243896484375 364.850006103515625 373.225006103515625 382.13751220703125 391.068756103515625 400 407.556243896484375 413.868743896484375 420.65625 428.08123779296875 434.58123779296875 429.975006103515625 415.90625 401.28125 386.556243896484375
354.225006103515625 346.787506103515625 337.806243896484375 330.13751220703125 324.29376220703125 321.92498779296875 322.79376220703125 328.3125 335.29998779296875 344.5625 353.73126220703125 364.243743896484375 366.01873779296875 363.98126220703125 358.431243896484375 354.443756103515625 346.399993896484375 338.36248779296875 327.399993896484375 316.618743896484375 308.212493896484375 310.181243896484375 316.537506103515625 323.25 321.76251220703125 322.38751220703125 330.381256103515625 338.587493896484375 348.13751220703125 357.243743896484375 365.51873779296875 372.125 379.15625 386.07501220703125 395.17498779296875 402.98126220703125 410.70001220703125 418.024993896484375 422.71875 426.868743896484375 428.225006103515625 412.506256103515625 400.431243896484375 392.587493896484375 382.837493896484375
358.75 351.95623779296875 344.46875 337.5625 333.66876220703125 332.65625 335.212493896484375 339.76251220703125 346.899993896484375 355.056243896484375 364.806243896484375 373.693756103515625 377.431243896484375 377.32501220703125 371.350006103515625 365.88751220703125 357.443756103515625 347.29998779296875 337.443756103515625 329.587493896484375 323.70001220703125 321.631256103515625 325.024993896484375 328.33123779296875 330.806243896484375 333.306243896484375 340.100006103515625 348.975006103515625 357.70001220703125 367.38751220703125 374.07501220703125 377.743743896484375 385.631256103515625 390.6875 397.625 403.5 411.850006103515625 420.662506103515625 423.89373779296875 416.318756103515625 402.993743896484375 393.58123779296875 391.625 388.70001220703125 376.5625
360.84375 354.21875 348.037506103515625 342.16876220703125 339.568756103515625 339.53125 342.837493896484375 347.21875 354.006256103515625 363.693756103515625 374.118743896484375 383.40625 388.5625 389.48748779296875 384.587493896484375 374.506256103515625 366.743743896484375 357.118743896484375 346.743743896484375 339.850006103515625 337.63751220703125 336.006256103515625 336.89373779296875 338.78125 340.76251220703125 343.54998779296875 349.087493896484375 359.38751220703125 369.63751220703125 379.837493896484375 385.662506103515625 386.92498779296875 388.568756103515625 391.76251220703125 395.881256103515625 404.6875 413.431243896484375 420.056243896484375 420.48126220703125 407.91876220703125 387.600006103515625 380.899993896484375 383.125 379.96875 370.11248779296875
359.28125 353.89373779296875 347.693756103515625 343.568756103515625 342.75 343.568756103515625 347.70623779296875 352.23748779296875 360.29376220703125 369.98748779296875 382.125 393.306243896484375 399.5 401.34375 396.78125 387.28125 371.475006103515625 361.3125 354.024993896484375 351.01251220703125 349.23748779296875 349 348.88751220703125 348.881256103515625 351.73748779296875 353.04376220703125 357.29998779296875 367.76251220703125 380.875 392.48748779296875 399.225006103515625 398.60626220703125 395.64373779296875 393.350006103515625 399.36248779296875 408.14373779296875 414.82501220703125 423.524993896484375 429.5 411.375 390.875 381.51251220703125 377.225006103515625 373.59375 364.85626220703125
354.618743896484375 350.01251220703125 344.51251220703125 342.04376220703125 341.149993896484375 343.943756103515625 349.037506103515625 354.443756103515625 363.57501220703125 375.193756103515625 386.5 400.95001220703125 409.212493896484375 411.90625 406.61248779296875 394.70001220703125 378.01251220703125 362.693756103515625 360.76251220703125 359.318756103515625 360.493743896484375 360.26251220703125 359.506256103515625 358.85626220703125 359.975006103515625 361.875 363.58123779296875 376.431243896484375 393.08123779296875 406.649993896484375 410.51873779296875 399.006256103515625 393.899993896484375 393.318756103515625 396.131256103515625 404.04376220703125 415.568756103515625 424.600006103515625 425.21875 415.306243896484375 395.53125 381.993743896484375 374.67498779296875 370.13751220703125 361.78125
345.149993896484375 341.850006103515625 337.98126220703125 337.48126220703125 338.368743896484375 342.506256103515625 346.6875 354.23126220703125 365.5625 378.662506103515625 390.98748779296875 402.85626220703125 414.11248779296875 422.850006103515625 415.14373779296875 398.524993896484375 379.225006103515625 363.506256103515625 357.1875 360.07501220703125 366.66876220703125 370.024993896484375 363.17498779296875 365.212493896484375 366.89373779296875 370.51251220703125 376.26873779296875 386.462493896484375 403.51873779296875 417.73748779296875 422.350006103515625 404.53125 393.33123779296875 383.256256103515625 381.881256103515625 394.41876220703125 409.243743896484375 418.10626220703125 422.493743896484375 414.381256103515625 398.193756103515625 382.3125 372.6875 367.95623779296875 359.59375
334.41876220703125 331.66876220703125 329.068756103515625 327.95623779296875 330.58123779296875 338.0625 344.46875 351.70001220703125 364.09375 378.20001220703125 390.587493896484375 403.068756103515625 418.962493896484375 434.131256103515625 420.287506103515625 394.837493896484375 372.13751220703125 362.412506103515625 358.006256103515625 359.931243896484375 363.5625 363.350006103515625 364.350006103515625 366.912506103515625 370.53125 377.23748779296875 383.618743896484375 394.5625 405.45623779296875 412.57501220703125 412.274993896484375 397.600006103515625 382.662506103515625 366.70623779296875 361.087493896484375 376.743743896484375 401.17498779296875 419.693756103515625 425.306243896484375 419.131256103515625 403.087493896484375 383.29998779296875 374.662506103515625 368.89373779296875 359.95001220703125
