data/historical-monthly-weather-data/wc2.1_cruts4.09_10m_prec_1956-03.asc
ncols        51
nrows        45
xllcorner    -63.500000000000
yllcorner    -7.500000000000
cellsize     0.166666666667
NODATA_value -9999
[rows 20 to 39 of 45, columns 0 to 44 of 51]
173.75 178.318756103515625 184.6875 191.7062530517578125 199.5124969482421875 209.524993896484375 219.4812469482421875 228.306243896484375 236.5812530517578125 242.3312530517578125 245.59375 246.306243896484375 246.9875030517578125 248.9562530517578125 243.818756103515625 234.40625 226.306243896484375 222.2624969482421875 221.318756103515625 220.774993896484375 222.975006103515625 225.59375 227.6999969482421875 233.03125 239.4375 246.524993896484375 254.524993896484375 262.481231689453125 270.25 276.568756103515625 278.20623779296875 275.087493896484375 264.131256103515625 249.0749969482421875 235.0187530517578125 257.10626220703125 288.056243896484375 308.212493896484375 320.46875 327.25 330.86248779296875 332.39373779296875 332.04998779296875 332.412506103515625 332.756256103515625
171.4187469482421875 176.875 185.0374908447265625 193.212493896484375 202.256256103515625 213.75 225.0812530517578125 235.5500030517578125 243.943756103515625 247.0812530517578125 246.006256103515625 243.243743896484375 240.899993896484375 240.6062469482421875 237.4562530517578125 232.243743896484375 227.65625 223.868743896484375 221.475006103515625 219.412506103515625 218.4250030517578125 218.493743896484375 221.3000030517578125 225.90625 232.431243896484375 241.1437530517578125 252.350006103515625 260.756256103515625 268.42498779296875 274.20001220703125 275.256256103515625 272.556243896484375 263.931243896484375 254.524993896484375 250.7562408447265625 265.78125 290.29998779296875 309.60626220703125 321.54376220703125 326.787506103515625 328.993743896484375 330.225006103515625 330.375 330.91876220703125 332.17498779296875
171.2375030517578125 178.1374969482421875 186.5625 195.7624969482421875 205.3000030517578125 216.7312469482421875 228.3249969482421875 241.4875030517578125 252.0124969482421875 251.2312469482421875 245.9812469482421875 238.306243896484375 232.3562469482421875 231.7937469482421875 231.818756103515625 229.806243896484375 226.556243896484375 223.006256103515625 219.6374969482421875 216.5437469482421875 214.068756103515625 211.6437530517578125 211.5749969482421875 215.75 223.9812469482421875 234.4875030517578125 246.774993896484375 256.943756103515625 264.912506103515625 270.25 272.993743896484375 274.712493896484375 272.756256103515625 269.712493896484375 273.524993896484375 286.35626220703125 303.399993896484375 317.475006103515625 325.649993896484375 328.587493896484375 328.868743896484375 329.16876220703125 329.350006103515625 329.006256103515625 330.91876220703125
173.618743896484375 180.4812469482421875 189.287506103515625 198.8937530517578125 208.65625 219.287506103515625 231.2375030517578125 243.7562408447265625 252.6374969482421875 249.8562469482421875 242.412506103515625 234.7937469482421875 226.09375 226.537506103515625 228.475006103515625 227.993743896484375 226.0437469482421875 222.631256103515625 217.568756103515625 213 208.9812469482421875 204.9250030517578125 202.9875030517578125 206.693756103515625 213.662506103515625 224 237.2062530517578125 249.962493896484375 260.53125 269.243743896484375 276.48748779296875 281.681243896484375 283.475006103515625 285.475006103515625 292.09375 304.95623779296875 317.899993896484375 324.95001220703125 328.256256103515625 329.23748779296875 328.899993896484375 327.76251220703125 327.274993896484375 325.83123779296875 329.89373779296875
179.756256103515625 185.4499969482421875 192.7624969482421875 202.318756103515625 212.8874969482421875 222.8000030517578125 232.131256103515625 241.287506103515625 246.8249969482421875 246.162506103515625 242.0812530517578125 235.2624969482421875 230.662506103515625 229.931243896484375 229.1125030517578125 228.75 226.475006103515625 222.725006103515625 217.4250030517578125 210.537506103515625 204.0187530517578125 198.15625 193.90625 195.3125 202.9187469482421875 215.850006103515625 229.3937530517578125 244.8874969482421875 257.79376220703125 270.95001220703125 281.04998779296875 289.243743896484375 294.26251220703125 298.693756103515625 304.89373779296875 312.29376220703125 321.51251220703125 326.70001220703125 328.268768310546875 329.962493896484375 329.350006103515625 327.131256103515625 324.11248779296875 324.46875 324.98748779296875
188.7062530517578125 194.181243896484375 199.2062530517578125 207.912506103515625 216.4562530517578125 224.5187530517578125 231.881256103515625 238.5625 242.1750030517578125 242.412506103515625 240.506256103515625 237.850006103515625 235.875 234.75 232.8249969482421875 231.787506103515625 228.5 224.524993896484375 218.9499969482421875 209.8937530517578125 202.5124969482421875 193.34375 185.3312530517578125 183.8125 193.09375 208.6875 225.818756103515625 241.725006103515625 257.10626220703125 272.943756103515625 286.493743896484375 298.506256103515625 305.71875 309.306243896484375 313.087493896484375 317.368743896484375 323.006256103515625 326.699981689453125 328.756256103515625 329.662506103515625 329.42498779296875 325.818756103515625 319.66876220703125 318.506256103515625 320.39373779296875
198.75 201.631256103515625 206.34375 212.4375 218.712493896484375 225.056243896484375 230.2062530517578125 234.806243896484375 237.7937469482421875 239.6374969482421875 240.21875 239.8625030517578125 239.743743896484375 239.931243896484375 238.3625030517578125 236.475006103515625 234.462493896484375 229.318756103515625 222.65625 214.4562530517578125 204.8562469482421875 194.1750030517578125 182.412506103515625 179.162506103515625 191.4250030517578125 207.0749969482421875 225.1687469482421875 241.3562469482421875 257.681243896484375 274.4375 290.17498779296875 305.63751220703125 314.681243896484375 316.03125 317.306243896484375 320.45623779296875 325 327.568756103515625 329.9375 331.662506103515625 330.181243896484375 325.506256103515625 318.04998779296875 314.837493896484375 324.20623779296875
209.7312469482421875 211.0437469482421875 214.1999969482421875 218.3000030517578125 221.5749969482421875 225.693756103515625 230.4499969482421875 233.662506103515625 236.28125 238.5749969482421875 239.59375 240.8562469482421875 242.8000030517578125 244.568756103515625 243.40625 241.5812530517578125 240.1062469482421875 236.6374969482421875 230.287506103515625 222.256256103515625 212.6687469482421875 201.375 193.0749969482421875 191.4375 199.4812469482421875 212.4187469482421875 228.7375030517578125 245.09375 260.868743896484375 276.26873779296875 291.70001220703125 306.23126220703125 314.70001220703125 316.21875 317.693756103515625 320.91876220703125 323.53125 327.09375 330.66876220703125 334.4375 336.524993896484375 330.693756103515625 319.8125 315.962493896484375 334.662506103515625
220.318756103515625 220.6999969482421875 222.1750030517578125 223.568756103515625 226.25 228.399993896484375 230.2687530517578125 232.4187469482421875 235.2375030517578125 237.3562469482421875 239.65625 242.5 245.681243896484375 249.1437530517578125 249.506256103515625 249.287506103515625 249.5625 246.6374969482421875 241.5 234.2624969482421875 224.75 214.068756103515625 207.03125 205.3874969482421875 211.399993896484375 220.6437530517578125 234.6999969482421875 249.975006103515625 264.9375 279.33123779296875 292.39373779296875 304.837493896484375 312.32501220703125 315.193756103515625 317.506256103515625 320.57501220703125 322.34375 325.66876220703125 329.78125 333.39373779296875 339.40625 333.78125 323.54376220703125 327.725006103515625 349.524993896484375
231.475006103515625 230.725006103515625 230.0812530517578125 229.53125 230.125 229.7312469482421875 230.375 231.399993896484375 234.125 236.2249908447265625 238.962493896484375 243.806243896484375 249.318756103515625 254.3249969482421875 256.20623779296875 257.662506103515625 259.193756103515625 260.587493896484375 257.118743896484375 248.037506103515625 237.962493896484375 228.131256103515625 220.90625 219.931243896484375 223.631256103515625 231.181243896484375 243.475006103515625 256.5 269.28125 281.3125 292.956268310546875 302.899993896484375 309.462493896484375 314.71875 318.350006103515625 320.51251220703125 321.92498779296875 325.38751220703125 325.60626220703125 328.16876220703125 333.98126220703125 336.95623779296875 335.53125 345.087493896484375 358.98748779296875
240.818756103515625 238.8937530517578125 236.4875030517578125 234.9875030517578125 234.131256103515625 231.600006103515625 231.4187469482421875 231.100006103515625 233.2375030517578125 235.53125 238.7687530517578125 244.318756103515625 251.3125 257.15625 261.100006103515625 265.08123779296875 270.16876220703125 272.78125 272.66876220703125 263.17498779296875 252.3249969482421875 241.4499969482421875 234.6125030517578125 233.149993896484375 235.15625 242.149993896484375 251.8687591552734375 262.274993896484375 273.756256103515625 283.79376220703125 293.73126220703125 303.256256103515625 309.66876220703125 315.181243896484375 319.625 320.443756103515625 321.649993896484375 325.068756103515625 323.25 318.743743896484375 325.86248779296875 337.95001220703125 346.475006103515625 357.70001220703125 371.837493896484375
248.662506103515625 245.8937530517578125 242.09375 239.1062469482421875 237.21875 233.587493896484375 232.34375 230.5 232.1374969482421875 234.40625 237.7375030517578125 243.993743896484375 251.2687530517578125 259.412506103515625 265.85626220703125 272.29998779296875 276.82501220703125 279.4375 279.48126220703125 273.67498779296875 262.90625 253.568756103515625 245.71875 243.743743896484375 246.818756103515625 251.6062469482421875 258.943756103515625 268.71875 277.4375 286.60626220703125 295.60626220703125 304.037506103515625 309.48126220703125 315.17498779296875 320.037506103515625 320.975006103515625 323.399993896484375 325.51251220703125 320.88751220703125 319.39373779296875 329.787506103515625 346.20001220703125 359.48126220703125 376.82501220703125 394.506256103515625
256.96875 254.118743896484375 249.431243896484375 245.493743896484375 241.912506103515625 238.631256103515625 235.75 232.8312530517578125 232.7624969482421875 234.875 239.806243896484375 245.78125 254.1125030517578125 264.66876220703125 271.95001220703125 278.60626220703125 283.100006103515625 285.96875 285.04376220703125 280.78125 272.86248779296875 264.16876220703125 256.068756103515625 255.056243896484375 256.82501220703125 260.056243896484375 266.14373779296875 274.32501220703125 283.01873779296875 290.73126220703125 298.61248779296875 306.193756103515625 312.443756103515625 318.42498779296875 322.73748779296875 326.037506103515625 328.92498779296875 330.29998779296875 327.5 333.449981689453125 344.100006103515625 359.91876220703125 376.368743896484375 395.462493896484375 422.875
264.95623779296875 261.75 257.65625 253.162506103515625 248.7624969482421875 243.9875030517578125 239.600006103515625 235.806243896484375 234.2937469482421875 235.1750030517578125 239.3125 247.8000030517578125 257.32501220703125 266.88751220703125 274.61248779296875 283.01873779296875 289.89373779296875 292.181243896484375 290.21875 286.65625 280.774993896484375 272.850006103515625 266.162506103515625 263.837493896484375 264.79998779296875 266.36248779296875 272.287506103515625 279.11248779296875 288.131256103515625 294.63751220703125 300.8125 308.76873779296875 316 322.024993896484375 328.243743896484375 332.01873779296875 334.6875 336.03125 339.14373779296875 346.662506103515625 355.82501220703125 371.28125 390.86248779296875 411.57501220703125 441.681243896484375
272.98126220703125 270.20623779296875 266.006256103515625 260.631256103515625 254.2312469482421875 249.056243896484375 243.15625 238.943756103515625 235.118743896484375 234.0625 238.59375 249.0812530517578125 260.6875 270.962493896484375 280.51873779296875 288.38751220703125 295.85626220703125 297.756256103515625 296.006256103515625 292.64373779296875 287.875 280.20001220703125 273.53125 270.506256103515625 271.056243896484375 272.399993896484375 276.96875 283.931243896484375 291.04376220703125 297.712493896484375 304.587493896484375 312.118743896484375 319.23126220703125 326.35626220703125 332.3125 335.54998779296875 338.67498779296875 344.86248779296875 350.412506103515625 357.45623779296875 366.456268310546875 379.537506103515625 397.756256103515625 418.07501220703125 443.375
282.100006103515625 278.63751220703125 273.75 268.068756103515625 261.693756103515625 255.40625 249.46875 243.006256103515625 237.1125030517578125 235.53125 240.0625 251.6374969482421875 265.57501220703125 277.568756103515625 286.618743896484375 294.756256103515625 300.850006103515625 302.26251220703125 301.631256103515625 299.45623779296875 294.13751220703125 286.212493896484375 278.79376220703125 276.131256103515625 275.712493896484375 276.20001220703125 280.287506103515625 287.0625 293.90625 300.33123779296875 307.9375 315.243743896484375 321.64373779296875 329.881256103515625 336.162506103515625 339.40625 345.431243896484375 351.975006103515625 356.23748779296875 364.04998779296875 373.818756103515625 385.39373779296875 399.506256103515625 418.399993896484375 437.01873779296875
290.17498779296875 287.09375 282.3125 276.23126220703125 270.306243896484375 264.181243896484375 257.13751220703125 249.787506103515625 241.524993896484375 235.7937469482421875 242.9499969482421875 259.899993896484375 274.39373779296875 284.66876220703125 293.79998779296875 300.4375 305.10626220703125 306.08123779296875 306.11248779296875 302.5625 297.568756103515625 289.86248779296875 282.806243896484375 278.787506103515625 277.568756103515625 277.931243896484375 282 289.33123779296875 295.76251220703125 303 310.462493896484375 317.818756103515625 325.837493896484375 334.618743896484375 340.868743896484375 345.8125 352.32501220703125 359.34375 363.975006103515625 369 376.48126220703125 386.54376220703125 399.28125 415.068756103515625 430.068756103515625
298.837493896484375 296.318756103515625 291.043731689453125 285.399993896484375 280.5 274.837493896484375 267.993743896484375 259.850006103515625 252.568756103515625 244.6750030517578125 259.14373779296875 276.712493896484375 286.73126220703125 294.57501220703125 300.88751220703125 306.337493896484375 308.537506103515625 308.618743896484375 307.32501220703125 302.86248779296875 296.42498779296875 289.399993896484375 284.15625 279.76873779296875 278.375 279.07501220703125 282.98126220703125 290.756256103515625 297.85626220703125 305.225006103515625 312.068756103515625 319.375 328.01873779296875 337.70623779296875 343.92498779296875 350.818756103515625 357.58123779296875 362.79998779296875 368.600006103515625 374.26873779296875 378.4375 387.756256103515625 396.6875 405.537506103515625 417.45623779296875
306.76251220703125 304.324981689453125 300.14373779296875 295.412506103515625 291.193756103515625 285.36248779296875 280.725006103515625 275.149993896484375 273.16876220703125 279.01251220703125 295.70001220703125 300.568756103515625 302.743743896484375 306.256256103515625 310.10626220703125 312.662506103515625 312.618743896484375 310.45623779296875 306.65625 300.51251220703125 292.48748779296875 285.662506103515625 280.756256103515625 277.53125 276.86248779296875 278.493743896484375 283.11248779296875 289.98748779296875 297.38751220703125 305.01251220703125 313.0625 319.537506103515625 327.21875 336.75 346.368743896484375 351.75 357.0625 363.4375 366.98748779296875 370.125 373.51873779296875 382.006256103515625 388.475006103515625 396.14373779296875 403.962493896484375
315.256256103515625 313.14373779296875 309.725006103515625 305.29376220703125 302.399993896484375 299.60626220703125 295.48748779296875 294.51251220703125 295.881256103515625 301.39373779296875 310.149993896484375 315.90625 318.10626220703125 318.82501220703125 320.618743896484375 320.081268310546875 317.59375 312.83123779296875 305.8125 298.45623779296875 289.056243896484375 281.756256103515625 275.662506103515625 273 274.118743896484375 276.8125 281.26873779296875 288.66876220703125 295.912506103515625 303.26251220703125 310.32501220703125 319.699981689453125 329.943756103515625 338.256256103515625 347.024993896484375 352.875 356.5 361.40625 365.350006103515625 365.45623779296875 366.6875 373.506256103515625 378.6875 383.89373779296875 389.76873779296875
