data/historical-monthly-weather-data/wc2.1_cruts4.09_10m_prec_1956-10.asc
ncols        45
nrows        45
xllcorner    -63.500000000000
yllcorner    -7.500000000000
cellsize     0.166666666667
NODATA_value -9999
[rows 0 to 19 of 45, columns 0 to 43 of 45]
158.7312469482421875 148.7687530517578125 145.40625 145.59375 145.181243896484375 146.4499969482421875 146.0187530517578125 145.568756103515625 144.9250030517578125 145.662506103515625 148.09375 148.71875 148.3937530517578125 145.9812469482421875 143.21875 140.274993896484375 137.212493896484375 132.6875 129.1062469482421875 125.6125030517578125 123.30625152587890625 120.64374542236328125 118.3874969482421875 116.22499847412109375 114.5124969482421875 113.15625 111.30625152587890625 109.7624969482421875 108.9875030517578125 109.7375030517578125 111.11875152587890625 112.9375 116.8125 121.46875 127.3562469482421875 137.193756103515625 147.9499969482421875 158.6750030517578125 168.6687469482421875 178.431243896484375 187.6999969482421875 193.068756103515625 196.118743896484375 197.7062530517578125
158.4250030517578125 147.568756103515625 145.2624969482421875 146.4812469482421875 148.337493896484375 148.881256103515625 149.03125 150.3249969482421875 152.125 153.5812530517578125 155.0812530517578125 154.28125 152.65625 150.131256103515625 146.6062469482421875 143.4562530517578125 139.087493896484375 134.350006103515625 130.131256103515625 126.6062469482421875 123.80625152587890625 121.58750152587890625 119.59375 117.88124847412109375 116.34999847412109375 114.5124969482421875 113.44374847412109375 112.3249969482421875 111.5625 112.53125 115.5 119.3937530517578125 125.30625152587890625 132.524993896484375 140.1374969482421875 152.506256103515625 167.1374969482421875 181.1437530517578125 193.2375030517578125 204.462493896484375 215.53125 221.899993896484375 225.6062469482421875 227.193756103515625
157.9875030517578125 148.40625 145.6125030517578125 146.631256103515625 148.1875 150.2937469482421875 153.09375 157.09375 160.962493896484375 163.056243896484375 163.318756103515625 160.756256103515625 157.6062469482421875 153.6374969482421875 149.318756103515625 145.2687530517578125 141.1999969482421875 136.881256103515625 132.943756103515625 129.725006103515625 127.3249969482421875 126.1125030517578125 124.52500152587890625 122.69374847412109375 121.03749847412109375 119.65625 118.28125 117.0437469482421875 115.34375 117.2062530517578125 121.09375 125.2062530517578125 132.78125 142.1999969482421875 152.431243896484375 167.631256103515625 184.712493896484375 202.3937530517578125 216.8874969482421875 229.90625 242.625 249.5187530517578125 253.837493896484375 256.78125
156.25 147.2375030517578125 145.4187469482421875 144.274993896484375 145.3312530517578125 149.100006103515625 154.962493896484375 162.03125 169.350006103515625 172.8562469482421875 171.1999969482421875 166.1875 160.9812469482421875 156.024993896484375 151.8562469482421875 147.1374969482421875 142.712493896484375 139.4375 136.412506103515625 134.037506103515625 132.462493896484375 130.962493896484375 129.118743896484375 127.65000152587890625 125.94374847412109375 124.2312469482421875 122.56874847412109375 120.71875 119.09999847412109375 121.21250152587890625 125.4562530517578125 130.7624969482421875 139.225006103515625 149.7624969482421875 161.443756103515625 181 202.162506103515625 223.2375030517578125 240.53125 255.9875030517578125 268.774993896484375 276.89373779296875 282.256256103515625 286.73748779296875
160.9499969482421875 148.75 142.493743896484375 140.09375 141.3937530517578125 147.087493896484375 154.6875 163.8249969482421875 175.475006103515625 182.818756103515625 177.962493896484375 169.0812530517578125 162.8625030517578125 158.131256103515625 153.412506103515625 148.3312530517578125 144.2624969482421875 140.881256103515625 138.318756103515625 136.5500030517578125 136.212493896484375 134.90625 133.368743896484375 132.21875 130.524993896484375 128.756256103515625 126.125 124.49375152587890625 123.3625030517578125 124.97499847412109375 129.2375030517578125 134.7312469482421875 145.375 157.71875 172.274993896484375 193.993743896484375 218.5625 244.1062469482421875 263.056243896484375 280.399993896484375 294.73748779296875 302.087493896484375 309.306243896484375 314.506256103515625
162.96875 150.962493896484375 141.506256103515625 134.75 137.1437530517578125 145.1374969482421875 153.149993896484375 162.28125 174.1062469482421875 184.125 177.243743896484375 168.1437530517578125 163.1437530517578125 158.756256103515625 154.381256103515625 150.7062530517578125 146.6750030517578125 143.868743896484375 142.21875 140.8312530517578125 140.7937469482421875 140.1999969482421875 139.274993896484375 137.15625 135.3562469482421875 133.3312530517578125 130.1437530517578125 127.43125152587890625 126.5 128.037506103515625 132.306243896484375 139.0437469482421875 150.5812530517578125 164.7375030517578125 181.0625 204.975006103515625 231.6374969482421875 260.618743896484375 283.787506103515625 300.556243896484375 311.256256103515625 319.15625 325.743743896484375 332.912506103515625
168.2624969482421875 155.75 145.78125 137.7937469482421875 137.4499969482421875 142.8874969482421875 149.0625 154.756256103515625 160.6374969482421875 164.1750030517578125 164.84375 162.5124969482421875 160.5812530517578125 158.337493896484375 155.118743896484375 152.46875 149.5187530517578125 146.9375 145.337493896484375 144.962493896484375 145.743743896484375 145.8249969482421875 144.9875030517578125 142.9375 140.96875 138.4875030517578125 135.118743896484375 131.412506103515625 128.962493896484375 131.225006103515625 135.6125030517578125 141.931243896484375 154.493743896484375 170.3937530517578125 188.725006103515625 212.90625 240.899993896484375 271.462493896484375 299.23126220703125 313.056243896484375 322.287506103515625 326.949981689453125 334.07501220703125 343.26873779296875
174.84375 161.475006103515625 152.7687530517578125 146.681243896484375 143.375 145.90625 146.787506103515625 145.087493896484375 142.09375 143.693756103515625 150.6125030517578125 154.34375 156.6875 156.8874969482421875 156.15625 154.4375 152.375 150.431243896484375 149.431243896484375 150.006256103515625 151.5124969482421875 151.875 151.3249969482421875 149.350006103515625 146.931243896484375 143.4812469482421875 138.9812469482421875 133.9812469482421875 130.649993896484375 131.943756103515625 136.662506103515625 143.618743896484375 157.5187530517578125 174.6999969482421875 193.399993896484375 217.5 243.4562530517578125 272.21875 294.26873779296875 308.743743896484375 317.600006103515625 320.23748779296875 324.181243896484375 330.3125
180.8937530517578125 168.96875 161.78125 155.600006103515625 151.4875030517578125 151.1437530517578125 149.243743896484375 143.024993896484375 133.6999969482421875 131.4250030517578125 141.712493896484375 148.931243896484375 153.9812469482421875 155.7937469482421875 157.006256103515625 157.381256103515625 156.806243896484375 156.8874969482421875 157.6437530517578125 158.1750030517578125 159.3874969482421875 160.1374969482421875 158.25 156.3874969482421875 152.399993896484375 147.375 141.1687469482421875 136.8562469482421875 133.306243896484375 133.9875030517578125 138.75 145.5 158.693756103515625 174.806243896484375 192.1437530517578125 215.3937530517578125 240.1374969482421875 263.78125 280.04998779296875 292.64373779296875 299.76873779296875 298.48126220703125 299.70001220703125 298.89373779296875
187.6875 176.649993896484375 169.662506103515625 164.5500030517578125 160.9187469482421875 159.5749969482421875 156.131256103515625 148.8312530517578125 141.162506103515625 138.8937530517578125 143.662506103515625 148.4562530517578125 153.53125 156.3937530517578125 159.125 161.2375030517578125 162.162506103515625 164.2437591552734375 166.493743896484375 169.243743896484375 169.881256103515625 169.631256103515625 166.524993896484375 162.2624969482421875 155.8249969482421875 149.693756103515625 143.9499969482421875 138.475006103515625 135.0500030517578125 136.0124969482421875 139.462493896484375 146.0124969482421875 158.8687591552734375 174.681243896484375 191.8874969482421875 213.118743896484375 234.4250030517578125 254.09375 267.350006103515625 275.29998779296875 279.375 275.024993896484375 269.631256103515625 264.14373779296875
194.65625 184.1875 177.375 172.625 169.431243896484375 170.2312469482421875 167.1125030517578125 158.5124969482421875 151.6750030517578125 149.1062469482421875 150.524993896484375 152.8562469482421875 155.3874969482421875 158.5500030517578125 162.125 164.868743896484375 167.65625 171.306243896484375 175.4499969482421875 179.993743896484375 182.6374969482421875 180.71875 175.5 166.9875030517578125 160.3249969482421875 154.4187469482421875 148.662506103515625 143.03125 138.1062469482421875 139.0187530517578125 142.34375 148.21875 160.8249969482421875 175.6875 191.024993896484375 209.3187408447265625 227.6125030517578125 242.524993896484375 252.3125 257.131256103515625 257.95623779296875 250.9375 243.943756103515625 233.5437469482421875
199.78125 189.649993896484375 183.3562469482421875 179.4499969482421875 176.9375 178.350006103515625 176.806243896484375 167.0124969482421875 160.6687469482421875 157.056243896484375 156.3874969482421875 157.9250030517578125 159.46875 162.4499969482421875 166.756256103515625 169.5625 172.84375 177.006256103515625 181.8937530517578125 188.368743896484375 193.8937530517578125 191.4499969482421875 184.15625 173.443756103515625 163.9499969482421875 155.8249969482421875 149.3000030517578125 145.0124969482421875 141.524993896484375 142.9250030517578125 144.9875030517578125 149.899993896484375 160.8249969482421875 174.225006103515625 188.3249969482421875 203.712493896484375 218.274993896484375 230.90625 236.806243896484375 239.475006103515625 236.1687469482421875 227.181243896484375 218.306243896484375 208.431243896484375
203.53125 194.274993896484375 188.368743896484375 183.993743896484375 181.306243896484375 181.2624969482421875 177.7937469482421875 171.2624969482421875 166.0500030517578125 163.53125 162.4812469482421875 162.975006103515625 164.7375030517578125 166.006256103515625 170.068756103515625 173.96875 176.7687530517578125 181.625 187.0124969482421875 192.9875030517578125 200.71875 199.131256103515625 190.875 179.3562469482421875 164.0187530517578125 154.2375030517578125 151.7624969482421875 148.100006103515625 145.78125 146.78125 148.1374969482421875 150.993743896484375 161.162506103515625 172.306243896484375 184.75 198.368743896484375 210.443756103515625 221.78125 227.1875 224.649993896484375 219.8249969482421875 211.7062530517578125 200.46875 180.1875
205.8562469482421875 196.975006103515625 191.3937530517578125 186.8249969482421875 183.0625 181.7687530517578125 178.2937469482421875 173.9875030517578125 170.693756103515625 167.993743896484375 166.462493896484375 166.875 168.256256103515625 170.225006103515625 172.399993896484375 176.40625 178.837493896484375 182.96875 187.368743896484375 192.274993896484375 198.5437469482421875 198.2312469482421875 193.943756103515625 184.537506103515625 172.068756103515625 162.912506103515625 158.6812591552734375 154.125 150.7375030517578125 149.75 149.5187530517578125 151.756256103515625 160.4499969482421875 170.493743896484375 181.7062530517578125 194.337493896484375 205.8562469482421875 217.399993896484375 222.631256103515625 221.399993896484375 212.5187530517578125 197.524993896484375 185.068756103515625 171.7937469482421875
206.662506103515625 198.306243896484375 192.024993896484375 187.4562530517578125 183.4250030517578125 181.5 179.774993896484375 176.7062530517578125 173.4812469482421875 171.2937469482421875 170.0124969482421875 170.193756103515625 171.1875 173.0500030517578125 174.506256103515625 177.96875 179.462493896484375 181.681243896484375 184.15625 188.5124969482421875 194.3125 196.9875030517578125 197.1125030517578125 193.53125 187.0500030517578125 179.0124969482421875 171.131256103515625 163.2687530517578125 156.837493896484375 152.8937530517578125 150.3625030517578125 150.71875 158.5124969482421875 168.8937530517578125 179.4250030517578125 190.368743896484375 202.9812469482421875 218.5812530517578125 229.09375 226.662506103515625 214.5 199.350006103515625 188.337493896484375 177.3562469482421875
205.7937469482421875 197.3000030517578125 191.587493896484375 187.2312469482421875 183.1750030517578125 181.975006103515625 180.431243896484375 177.7312469482421875 175.556243896484375 174.0124969482421875 172.0437469482421875 171.1437530517578125 172.0500030517578125 174.0124969482421875 176.0500030517578125 177.9875030517578125 177.3625030517578125 178.274993896484375 179.75 182.7375030517578125 188.118743896484375 194.2312469482421875 200.006256103515625 204.0437469482421875 201.931243896484375 194.212493896484375 184.59375 173.881256103515625 163.8937530517578125 156.0812530517578125 151.0500030517578125 148.756256103515625 155.056243896484375 164.65625 173.2312469482421875 181.9499969482421875 198.693756103515625 216.5 232 232.6687469482421875 225.3125 211.03125 197.600006103515625 184.118743896484375
202.756256103515625 194.9250030517578125 190.712493896484375 187.2687530517578125 183.399993896484375 182.4875030517578125 181.475006103515625 179.443756103515625 177.7937469482421875 175.4375 172.9875030517578125 171.600006103515625 171.225006103515625 172.162506103515625 173.225006103515625 173.8562469482421875 171.3125 171.118743896484375 172.381256103515625 175.40625 181.149993896484375 189.537506103515625 200.6999969482421875 212.1374969482421875 216.381256103515625 205.9187469482421875 195.2937469482421875 181.3249969482421875 167.8562469482421875 157.5187530517578125 151.162506103515625 149.1875 151.4375 155.8312530517578125 161.7687530517578125 174.46875 193.024993896484375 222.149993896484375 250.712493896484375 248.087493896484375 238.96875 223.9187469482421875 206.8562469482421875 193.6687469482421875
199.21875 192.1687469482421875 189.3562469482421875 186.587493896484375 183.6125030517578125 183.875 183.65625 181.90625 180.0500030517578125 177.787506103515625 175.1437530517578125 172.0500030517578125 169.899993896484375 168.318756103515625 167.618743896484375 166.350006103515625 163.4187469482421875 161.993743896484375 163.6750030517578125 166.15625 172.225006103515625 181.3625030517578125 194.024993896484375 208.193756103515625 215.4875030517578125 209.931243896484375 202.537506103515625 187.1437530517578125 170.53125 156.506256103515625 147.8125 144.5812530517578125 149.899993896484375 157.037506103515625 158.4187469482421875 159.337493896484375 186.587493896484375 220.631256103515625 245.1750030517578125 253.162506103515625 247.3312530517578125 234.350006103515625 218.3249969482421875 205.274993896484375
194.1187591552734375 189.0437469482421875 187.556243896484375 186.118743896484375 184.568756103515625 185.3000030517578125 185.5500030517578125 184.725006103515625 183.756256103515625 180.6374969482421875 176.149993896484375 172.0374908447265625 167.5812530517578125 163.587493896484375 161.462493896484375 160.225006103515625 157.118743896484375 154.600006103515625 155.71875 157.287506103515625 162.962493896484375 174.618743896484375 183.90625 197.6437530517578125 206.243743896484375 207.9499969482421875 201.7624969482421875 188.6062469482421875 173.7062530517578125 156.6687469482421875 144.0124969482421875 145.318756103515625 158.431243896484375 164.899993896484375 167.600006103515625 172.5625 192.8874969482421875 218.1750030517578125 238.837493896484375 250.149993896484375 250.837493896484375 246.5749969482421875 230.5749969482421875 217.662506103515625
187.96875 185.03125 184.6999969482421875 184.600006103515625 184.600006103515625 187.0500030517578125 188.787506103515625 188.943756103515625 187.6125030517578125 184.5124969482421875 179.0124969482421875 172.5749969482421875 166.09375 159.90625 156.756256103515625 154.8562469482421875 150.993743896484375 150.5500030517578125 151.3874969482421875 154.0625 157.75 165.618743896484375 178.149993896484375 190.71875 199.125 201.087493896484375 197.4562530517578125 190.3312530517578125 176.46875 161.087493896484375 151.3249969482421875 157.131256103515625 169.681243896484375 182.9875030517578125 194.006256103515625 199.7375030517578125 210.1875 225.75 239.506256103515625 249.600006103515625 255.5562591552734375 253.8312530517578125 241.9812469482421875 229.475006103515625
