data/historical-monthly-weather-data/wc2.1_cruts4.09_10m_prec_1990-12.asc
ncols        45
nrows        45
xllcorner    -63.500000000000
yllcorner    -7.500000000000
cellsize     0.166666666667
NODATA_value -9999
[rows 0 to 19 of 45, columns 0 to 44 of 45]
168.381256103515625 164.4812469482421875 160.2312469482421875 158.2624969482421875 154.84375 152.8312530517578125 150.100006103515625 146.149993896484375 142.7937469482421875 139.962493896484375 139.212493896484375 137.4812469482421875 136.625 134.21875 131.8874969482421875 129.649993896484375 127.94374847412109375 125.3937530517578125 124.31874847412109375 123.46875 124.44374847412109375 125.2624969482421875 126.0124969482421875 126.4812469482421875 126.80625152587890625 126.6875 126.6437530517578125 126.5812530517578125 126.4250030517578125 125.8562469482421875 124.47499847412109375 123.9250030517578125 123.9250030517578125 123.74375152587890625 124.06874847412109375 130.2624969482421875 136.1374969482421875 142.03125 147.774993896484375 154.037506103515625 159.46875 162.15625 164.3312530517578125 165.375 167.193756103515625
168.9250030517578125 164.2375030517578125 161.9812469482421875 160.875 159.25 156.2937469482421875 152.318756103515625 150.100006103515625 148.3249969482421875 146.225006103515625 144.7062530517578125 141.837493896484375 140.212493896484375 138.056243896484375 135.399993896484375 133.056243896484375 131.131256103515625 128.6687469482421875 126.625 125.9562530517578125 126.2312469482421875 126.46250152587890625 127.33750152587890625 127.6125030517578125 127.77500152587890625 127.66875457763671875 127.8874969482421875 127.9375 127.94374847412109375 127.66249847412109375 126.25 125.8125 126.03749847412109375 127.15000152587890625 129.4562530517578125 136.03125 145.5812530517578125 154.1750030517578125 160.506256103515625 167.3562469482421875 173.34375 175.993743896484375 178.118743896484375 177.568756103515625 178.149993896484375
167.806243896484375 164.0625 162.1687469482421875 160.8000030517578125 159.3625030517578125 156.21875 153.649993896484375 152.4499969482421875 151.3000030517578125 149.443756103515625 147.1312408447265625 144.25 142.6687469482421875 140.5437469482421875 138.149993896484375 135.4375 133.7624969482421875 131.537506103515625 130.0749969482421875 129.25 129.34375 129.787506103515625 130.3937530517578125 129.7937469482421875 129.225006103515625 129.3874969482421875 129.875 130.09375 130.725006103515625 129.818756103515625 128.975006103515625 128.975006103515625 131.556243896484375 133.0500030517578125 136.34375 145.8562469482421875 156.28125 166.368743896484375 174.443756103515625 182.024993896484375 188.2687530517578125 190.225006103515625 190.6437530517578125 191.037506103515625 189.5124969482421875
164.943756103515625 162.9250030517578125 162.225006103515625 159.681243896484375 158.4875030517578125 155.868743896484375 154.1062469482421875 153.3562469482421875 152.475006103515625 151.6125030517578125 149.3000030517578125 146.5812530517578125 144.2937469482421875 142.318756103515625 139.725006103515625 137.662506103515625 136.03125 133.587493896484375 132.7687530517578125 133.3874969482421875 133.5500030517578125 133.475006103515625 132.7312469482421875 131.6750030517578125 130.0749969482421875 129.9499969482421875 130.850006103515625 131.0625 132.3874969482421875 132.6062469482421875 131.962493896484375 131.7687530517578125 135.9250030517578125 139.96875 144.337493896484375 155.431243896484375 167.03125 179.131256103515625 189.118743896484375 197.2624969482421875 203.1374969482421875 204.412506103515625 203.993743896484375 204.0749969482421875 201.0187530517578125
169.306243896484375 164.3000030517578125 160.1750030517578125 158.506256103515625 157.6875 155.975006103515625 154.15625 153.4187469482421875 153.90625 153.587493896484375 150.681243896484375 147.431243896484375 145.806243896484375 144.131256103515625 141.6125030517578125 139.5812530517578125 137.84375 136.03125 136 137.6125030517578125 137.59375 136.21875 134.693756103515625 132.9187469482421875 130.7312469482421875 130.1875 130.431243896484375 131.225006103515625 132.9812469482421875 134.087493896484375 134.375 134.53125 139.524993896484375 145.15625 151.318756103515625 164.625 179.1437530517578125 192.818756103515625 203.8125 212.4375 218.587493896484375 218.8874969482421875 218.1437530517578125 215.9187469482421875 212.381256103515625
173 168.8312530517578125 163.4812469482421875 158.837493896484375 158.6750030517578125 158.6687469482421875 157.725006103515625 156.5812530517578125 156.475006103515625 155.993743896484375 153.1374969482421875 150.5625 149.712493896484375 148.318756103515625 147.0187530517578125 145.4499969482421875 144.274993896484375 141.8000030517578125 142.65625 143.225006103515625 141.4562530517578125 139.8249969482421875 137.4375 135.318756103515625 133.0500030517578125 131.649993896484375 132.9812469482421875 134.024993896484375 135.3562469482421875 136.649993896484375 137.649993896484375 139.1374969482421875 143.8000030517578125 149.662506103515625 158.6999969482421875 173.5625 189.2312469482421875 206.1125030517578125 218.462493896484375 226.34375 229.9562530517578125 229.8000030517578125 226.90625 225.0749969482421875 221.649993896484375
178.4499969482421875 174.3937530517578125 169.3249969482421875 164.087493896484375 161.618743896484375 160.475006103515625 159.8000030517578125 158.3312530517578125 156.78125 154.618743896484375 153.993743896484375 152.9562530517578125 153.631256103515625 152.8874969482421875 152.2437591552734375 151.75 152.0437469482421875 152 152.5124969482421875 150.84375 146.75 143.787506103515625 140.068756103515625 137.1750030517578125 135.3562469482421875 133.4187469482421875 134.368743896484375 136.6687469482421875 138.243743896484375 139.3625030517578125 140.631256103515625 142.46875 148.9250030517578125 155.6750030517578125 164.6999969482421875 180.3937530517578125 198.2624969482421875 216.4562530517578125 232.2062530517578125 239.0749969482421875 240.837493896484375 238.5187530517578125 235.9250030517578125 232.537506103515625 227.0500030517578125
184.024993896484375 179.7624969482421875 175.1374969482421875 171.587493896484375 169.256256103515625 166.3125 162.6687469482421875 158.03125 154.0187530517578125 153 154.681243896484375 156.287506103515625 157.337493896484375 158.3937530517578125 158.09375 158.506256103515625 159.243743896484375 160.712493896484375 161.3000030517578125 156.493743896484375 150.6687469482421875 145.6062469482421875 140.90625 137.4499969482421875 136.0812530517578125 134.78125 135.506256103515625 137.6374969482421875 140.618743896484375 142.5500030517578125 143.09375 145.256256103515625 153.0124969482421875 160.725006103515625 171.34375 186.46875 204.943756103515625 223.024993896484375 236.7624969482421875 244.6875 248.350006103515625 245.5749969482421875 242.5187530517578125 238.2937469482421875 230.1875
190.9499969482421875 187 183.0625 179.881256103515625 176.9499969482421875 174.3000030517578125 170.274993896484375 164.524993896484375 157.899993896484375 155.3937530517578125 158.7312469482421875 161.875 163.9562530517578125 165.024993896484375 164.9250030517578125 165.131256103515625 165.693756103515625 166.71875 166.5625 160.725006103515625 152.662506103515625 146.9187469482421875 142.118743896484375 139.9187469482421875 137.875 136.149993896484375 136.868743896484375 139.2687530517578125 141.75 143.6062469482421875 145.818756103515625 147.7624969482421875 155.65625 164.75 175.087493896484375 190.662506103515625 207.475006103515625 223.65625 235.787506103515625 245.0625 248.8937530517578125 246.943756103515625 245.3312530517578125 242.2062530517578125 235.524993896484375
196.712493896484375 193.493743896484375 190.3125 188.0500030517578125 185.256256103515625 182.65625 179.03125 174.1062469482421875 169.8312530517578125 167.46875 168.3937530517578125 169.4250030517578125 172.037506103515625 172.087493896484375 172.0124969482421875 171.4875030517578125 170.818756103515625 169.306243896484375 166.774993896484375 161.537506103515625 153.850006103515625 147.649993896484375 142.84375 141.1312408447265625 138.712493896484375 136.6999969482421875 137.600006103515625 139.71875 142.5500030517578125 144.868743896484375 146.71875 149.25 157.3562469482421875 166.28125 177.337493896484375 193.899993896484375 209.7687530517578125 224.868743896484375 235.068756103515625 243.9187469482421875 249.6062469482421875 249.4375 246.850006103515625 244.15625 238.7375030517578125
203.6687469482421875 200.6062469482421875 197.2062530517578125 194.4499969482421875 192.899993896484375 191.6875 188.868743896484375 184.0124969482421875 180.2375030517578125 178.537506103515625 178.6875 179.4875030517578125 180.337493896484375 180.225006103515625 178.649993896484375 177.1125030517578125 174.7687530517578125 171.287506103515625 166.649993896484375 160.9187469482421875 154.53125 148.3249969482421875 143.556243896484375 140.2624969482421875 139.756256103515625 137.912506103515625 138.2624969482421875 139.3312530517578125 140.943756103515625 143.71875 146.1999969482421875 149.8125 158.399993896484375 167.84375 178.806243896484375 194.287506103515625 209.96875 224.693756103515625 236.2624969482421875 244.7687530517578125 250.8937530517578125 250.681243896484375 249.625 248.1062469482421875 241.962493896484375
209.7375030517578125 206.4250030517578125 203.4499969482421875 201.662506103515625 200.243743896484375 199.462493896484375 197.7937469482421875 193.743743896484375 190.287506103515625 189.3874969482421875 189.587493896484375 190.3187408447265625 188.931243896484375 187.431243896484375 185.1875 181.868743896484375 178.34375 172.75 167.0749969482421875 161.2687530517578125 154.024993896484375 148.2624969482421875 144.5625 142.1062469482421875 141.28125 139.53125 139.1750030517578125 139.34375 140.0500030517578125 142.875 145.556243896484375 149.5187530517578125 158.03125 167.8125 178.8874969482421875 194.125 209.2375030517578125 223.9562530517578125 235.068756103515625 244.212493896484375 250.850006103515625 250.943756103515625 249.8249969482421875 247.837493896484375 239.818756103515625
215.3000030517578125 212.4812469482421875 210.024993896484375 207.931243896484375 207.037506103515625 205.8312530517578125 203.9375 201.381256103515625 198.787506103515625 198.6125030517578125 199.193756103515625 199.5812530517578125 197.443756103515625 193.7375030517578125 190.8562469482421875 186.625 181.7687530517578125 175.875 169.2687530517578125 162.1750030517578125 153.037506103515625 147.8312530517578125 145.475006103515625 143.806243896484375 141.6875 139.125 138.725006103515625 138.9875030517578125 139.649993896484375 141.5 144.100006103515625 147.8625030517578125 156.03125 165.9562530517578125 177.1437530517578125 192.90625 208.618743896484375 223.34375 234.524993896484375 242.912506103515625 249.243743896484375 250.6875 248.1374969482421875 241.4499969482421875 233.1437530517578125
219.3937530517578125 216.7062530517578125 214.306243896484375 212.6125030517578125 211.3000030517578125 210.125 208.4250030517578125 207.53125 206.787506103515625 206.2375030517578125 205.493743896484375 204.9812469482421875 203.3125 199.837493896484375 195.100006103515625 191.368743896484375 185.7624969482421875 178.712493896484375 171.4499969482421875 164.100006103515625 155.84375 150 146.350006103515625 143.9499969482421875 141.5749969482421875 139.1999969482421875 139.1875 138.2687530517578125 137.993743896484375 139.399993896484375 141.84375 145.131256103515625 153.6312408447265625 163.2312469482421875 174.9875030517578125 190.6999969482421875 207.068756103515625 223.493743896484375 236.243743896484375 246.6437530517578125 249.7687530517578125 245.462493896484375 241.4812469482421875 238.243743896484375 232.506256103515625
223.100006103515625 220.368743896484375 218.6062469482421875 216.837493896484375 215.8249969482421875 214.5437469482421875 214.0500030517578125 213.443756103515625 212.78125 211.693756103515625 210.6687469482421875 210.006256103515625 207.6750030517578125 204.625 199.40625 195.3249969482421875 188.850006103515625 181.412506103515625 173.96875 167.756256103515625 159.5500030517578125 153.0437469482421875 147.962493896484375 145.1437530517578125 142.9562530517578125 140.53125 140.0812530517578125 139 137.8625030517578125 137.631256103515625 138.7062530517578125 141.912506103515625 150.131256103515625 159.96875 171.881256103515625 186.1999969482421875 203.743743896484375 222.943756103515625 238.943756103515625 247.600006103515625 247.6750030517578125 243.756256103515625 240.9312591552734375 238.6062469482421875 229.787506103515625
225.225006103515625 222.9375 221.493743896484375 220.6125030517578125 219.712493896484375 219.03125 218.6437530517578125 217.3562469482421875 216.8000030517578125 216.84375 215.5 214.1875 211.881256103515625 208.625 203.712493896484375 197.6062469482421875 190.962493896484375 184.4187469482421875 177.006256103515625 170.600006103515625 163.0500030517578125 155.6687469482421875 149.868743896484375 146.7624969482421875 144.806243896484375 143.3562469482421875 142.462493896484375 140.631256103515625 138.0500030517578125 135.8937530517578125 135.649993896484375 137.381256103515625 144.0187530517578125 153.181243896484375 163.774993896484375 178.40625 197.462493896484375 219.618743896484375 238.8125 247.274993896484375 246.0625 242.2062530517578125 239.1687469482421875 233.8874969482421875 226.7937469482421875
226.53125 224.8874969482421875 222.5812530517578125 222.4187469482421875 222.4375 221.5124969482421875 221.631256103515625 221.6750030517578125 221.962493896484375 221.40625 220.100006103515625 217.9875030517578125 215.412506103515625 211.9499969482421875 207.0437469482421875 200.368743896484375 192.006256103515625 185.6374969482421875 179.59375 173.2624969482421875 165.75 158.2375030517578125 152.056243896484375 148.725006103515625 147.15625 146.568756103515625 145.9812469482421875 142.806243896484375 137.4187469482421875 133.4875030517578125 131.90625 133.337493896484375 138.0124969482421875 143.5500030517578125 151.649993896484375 166.506256103515625 188.162506103515625 216.681243896484375 245.4625091552734375 248.3874969482421875 242.6687469482421875 238.1875 233.125 230.4187469482421875 223.875
226.5500030517578125 225.4812469482421875 223.681243896484375 224.0625 224.4499969482421875 224.7375030517578125 224.806243896484375 224.3874969482421875 224.556243896484375 225.0124969482421875 224.3249969482421875 221.9562530517578125 218.368743896484375 214.6750030517578125 209.21875 202.1125030517578125 193.8312530517578125 185.006256103515625 180.9499969482421875 175.087493896484375 168.4250030517578125 161.0625 154.6062469482421875 151.875 150.631256103515625 150.46875 150.9499969482421875 145.412506103515625 137.181243896484375 130.5812530517578125 127.13124847412109375 127.4375 132.6687469482421875 138.5124969482421875 142.931243896484375 150.53125 177.5187530517578125 209.462493896484375 233.899993896484375 241.837493896484375 237.024993896484375 232.5625 229.6187591552734375 227.96875 222.3874969482421875
225.1750030517578125 224.5625 223.9375 224.6999969482421875 225.649993896484375 226.462493896484375 226.6875 227.4499969482421875 228.037506103515625 228.662506103515625 227.0625 223.681243896484375 220.6999969482421875 217.4812469482421875 211.2687530517578125 203.662506103515625 195.5124969482421875 186.818756103515625 180.0812530517578125 175.193756103515625 170.125 164.78125 156.5437469482421875 154.6875 154.368743896484375 154.21875 153.375 147.975006103515625 138.712493896484375 129.4812469482421875 122.9812469482421875 125.99375152587890625 133.368743896484375 138.493743896484375 141.8312530517578125 151.8937530517578125 174.5437469482421875 199.8000030517578125 220.4437408447265625 229.2312469482421875 228.8249969482421875 226.1687469482421875 224.587493896484375 224.6125030517578125 221.78125
222.6687469482421875 222.8874969482421875 222.181243896484375 223.4375 225.350006103515625 227.3625030517578125 228.712493896484375 229.9187469482421875 231.243743896484375 230.8937530517578125 229.774993896484375 227.5749969482421875 224.75 220.350006103515625 212.8125 203.618743896484375 194.712493896484375 187.712493896484375 181.5 176.40625 170.0500030517578125 163.4499969482421875 158.337493896484375 157.368743896484375 157.3249969482421875 156.975006103515625 155.5625 151.5625 143.25 133.912506103515625 128.725006103515625 131.96875 138.1750030517578125 144.5187530517578125 151.1999969482421875 161.5437469482421875 178.6062469482421875 197.7375030517578125 213.1374969482421875 221.71875 223 219.287506103515625 220.568756103515625 222.5625 221.693756103515625
