data/historical-monthly-weather-data/wc2.1_cruts4.09_10m_prec_1972-07.asc
ncols        45
nrows        45
xllcorner    -63.500000000000
yllcorner    -7.500000000000
cellsize     0.166666666667
NODATA_value -9999
[rows 0 to 18 of 45, columns 0 to 43 of 45]
300.20623779296875 291.70001220703125 278.65625 270.73126220703125 258.95623779296875 247.4499969482421875 235.912506103515625 222.912506103515625 216.5124969482421875 212.1875 204.524993896484375 199.3000030517578125 193.625 191.2375030517578125 192.09375 191.25 190.1062469482421875 185.28125 182.056243896484375 181.21875 180.243743896484375 174.5187530517578125 170.3249969482421875 167.84375 167.5 164.412506103515625 165.2375030517578125 166.6374969482421875 165.193756103515625 161.649993896484375 150.9187469482421875 144.3312530517578125 142 136.7687530517578125 131.5812530517578125 126.54999542236328125 119.5 119.1125030517578125 114.6750030517578125 111.4812469482421875 112.47499847412109375 114.5500030517578125 113.13124847412109375 113.71250152587890625
291.13751220703125 283.743743896484375 273.20001220703125 268.35626220703125 261.54998779296875 251.85626220703125 240.975006103515625 230.681243896484375 224.8125 218.256256103515625 210.337493896484375 203.5124969482421875 197.40625 192.912506103515625 190.125 188.1125030517578125 185.3874969482421875 182.40625 181.506256103515625 180.8249969482421875 175.1687469482421875 172.975006103515625 170.3249969482421875 170.1750030517578125 164.53125 161.306243896484375 161.399993896484375 162.1125030517578125 158.3625030517578125 151.5812530517578125 144.78125 142.40625 138.806243896484375 136.024993896484375 131.3249969482421875 124.66249847412109375 118.3562469482421875 116.40625 112.06874847412109375 110.69374847412109375 113.2062530517578125 113.28125 112.9562530517578125 111.59999847412109375
263.806243896484375 264.125 261.84375 256.71875 249.875 240.9375 234.1437530517578125 230.2624969482421875 226.6125030517578125 220.7687530517578125 213.306243896484375 204.662506103515625 200.131256103515625 191.868743896484375 187.1687469482421875 183.131256103515625 180.1125030517578125 176.2062530517578125 173.28125 173.056243896484375 167.5 165.7937469482421875 164.181243896484375 162.4875030517578125 158.350006103515625 152.5749969482421875 156.1999969482421875 155.274993896484375 152.1687469482421875 146.587493896484375 140.125 132.681243896484375 130 129.3125 120.86875152587890625 113.9187469482421875 110.8312530517578125 110.59375 106.28125 105.6125030517578125 107.55625152587890625 108.84375 107.8937530517578125 108.15625
239.524993896484375 236.649993896484375 240.8125 243.443756103515625 237.8625030517578125 229.5124969482421875 224.087493896484375 225.712493896484375 226.8625030517578125 223.7312469482421875 213.212493896484375 204.28125 197.962493896484375 193.3249969482421875 185.59375 178.3874969482421875 172.7062530517578125 168.6687469482421875 166.881256103515625 169.337493896484375 164.78125 158.475006103515625 155.9187469482421875 155.4187469482421875 152.3000030517578125 147.71875 147.681243896484375 143.381256103515625 142.7062530517578125 141.212493896484375 135.1125030517578125 127.1062469482421875 120.6687469482421875 115.28749847412109375 108.65000152587890625 107.97499847412109375 106.88124847412109375 102.44374847412109375 100.1687469482421875 99.15000152587890625 102.69374847412109375 105.8625030517578125 105.59375 105.78749847412109375
240.931243896484375 228.899993896484375 218.087493896484375 222.368743896484375 226.8000030517578125 219.7624969482421875 218.787506103515625 221.556243896484375 222.568756103515625 219.0187530517578125 214.8625030517578125 204.6125030517578125 197.8249969482421875 191.4187469482421875 182.5 174.7312469482421875 167.399993896484375 163.837493896484375 158.25 158.568756103515625 156.4499969482421875 150.2062530517578125 146.3000030517578125 149.34375 145.40625 140.225006103515625 137.6437530517578125 137.9187469482421875 136.1062469482421875 130.8874969482421875 126.53749847412109375 121.02500152587890625 116.8249969482421875 110.6374969482421875 104.1999969482421875 99.9875030517578125 98.9250030517578125 97.1687469482421875 94.5 94.94374847412109375 97.7624969482421875 98.66875457763671875 101.25624847412109375 103.3937530517578125
227.399993896484375 222.756256103515625 215.256256103515625 196.9562530517578125 204.756256103515625 213.1875 212.131256103515625 212.350006103515625 215.8249969482421875 212.0749969482421875 206.125 197.9875030517578125 192.25 181.8125 175.993743896484375 168.6374969482421875 159.28125 152.78125 149.881256103515625 150.9375 148.09375 143.649993896484375 141.600006103515625 138.7062530517578125 137.0625 133.1875 130.693756103515625 129.868743896484375 126.96250152587890625 122.7062530517578125 119.05625152587890625 117.2687530517578125 112.41249847412109375 109.28749847412109375 102.8125 100.22499847412109375 95.40000152587890625 94.1437530517578125 94.7687530517578125 96.8000030517578125 95.65625 97.99375152587890625 98.91249847412109375 99.5187530517578125
217.493743896484375 214.15625 208.618743896484375 200.7312469482421875 194.6687469482421875 190.0437469482421875 195.381256103515625 200.21875 200.0437469482421875 199.3874969482421875 196.84375 186.28125 183.3000030517578125 175.5124969482421875 167.118743896484375 161.6437530517578125 155.2375030517578125 145.649993896484375 138.8000030517578125 142.462493896484375 139.21875 134.5500030517578125 131.056243896484375 130.6187591552734375 128.118743896484375 126.5187530517578125 126.6999969482421875 122.0625 117.65625 117.41249847412109375 113.83750152587890625 109.28749847412109375 105.71250152587890625 105.36875152587890625 103.16249847412109375 99.5749969482421875 94.8874969482421875 92.6374969482421875 94.11249542236328125 96.68125152587890625 94.9562530517578125 94.81874847412109375 96.53125 96.58750152587890625
211.337493896484375 205.056243896484375 202.1500091552734375 198.78125 196.318756103515625 198.625 192.024993896484375 180.306243896484375 177.087493896484375 178.006256103515625 177.9499969482421875 174.3625030517578125 171.350006103515625 164.3125 159.274993896484375 153.899993896484375 146.618743896484375 138.5625 132.6875 129.5500030517578125 130.8937530517578125 129.0812530517578125 124.6437530517578125 123.5187530517578125 122.90000152587890625 117.9187469482421875 117.4187469482421875 112.09375 110.90625 108.3125 108.85625457763671875 105.46250152587890625 103.91249847412109375 101.9875030517578125 99.4250030517578125 95.0749969482421875 91.53749847412109375 90.03125 89.24375152587890625 89.0812530517578125 88.49375152587890625 89.7687530517578125 90.625 89.8937530517578125
204.993743896484375 200.037506103515625 195.868743896484375 195.818756103515625 196.0187530517578125 193.9875030517578125 189.8125 183.96875 175.212493896484375 166.0374908447265625 162.84375 157.225006103515625 160.037506103515625 153.774993896484375 148.8625030517578125 143.59375 139.40625 135.6125030517578125 134.5124969482421875 126.0625 121.91249847412109375 123.46250152587890625 119.6437530517578125 120.1875 118.6875 111.2062530517578125 107.9562530517578125 108.56874847412109375 108.19374847412109375 105.53749847412109375 107.38124847412109375 102.3249969482421875 97.3625030517578125 94.66249847412109375 93.9375 94.34375 93.61875152587890625 93.4250030517578125 90.74375152587890625 88.21875 86.46875 86.375 87.2624969482421875 85.3000030517578125
196.03125 193.256256103515625 191.787506103515625 192.1750030517578125 192.4812469482421875 193.337493896484375 189.03125 183.71875 177.2937469482421875 171.681243896484375 162.493743896484375 150.7937469482421875 150.037506103515625 146.056243896484375 142.0812530517578125 138.6750030517578125 132.4187469482421875 132.65625 132.3562469482421875 128.212493896484375 123.1437530517578125 117.09375 111.3874969482421875 111.9812469482421875 109.56874847412109375 106.80625152587890625 103.72499847412109375 103.3625030517578125 101.61875152587890625 100.53749847412109375 101.3000030517578125 97.25624847412109375 95.21250152587890625 92.86875152587890625 91.3562469482421875 92.9562530517578125 93.63124847412109375 94.15000152587890625 91.74375152587890625 91.27500152587890625 90.7687530517578125 88.625 85.40000152587890625 80.9875030517578125
191.1875 189.412506103515625 187.318756103515625 189.15625 188.9875030517578125 190.006256103515625 187.225006103515625 178.149993896484375 168.537506103515625 163.256256103515625 158.443756103515625 150.0124969482421875 140.125 137.975006103515625 131.8125 128.125 126.27500152587890625 126.875 126.72499847412109375 128.3937530517578125 127.03749847412109375 119.2375030517578125 108.8562469482421875 100.7375030517578125 103.4499969482421875 106.59375 104.31874847412109375 101.7312469482421875 96.59375 96.0124969482421875 95.9562530517578125 95.5 94.93125152587890625 92.40000152587890625 92.6875 93.31874847412109375 94.40625 92.80625152587890625 94.68125152587890625 92.77500152587890625 89.6374969482421875 86.3562469482421875 84.84999847412109375 78.05625152587890625
186.2375030517578125 182.850006103515625 181.71875 184.225006103515625 185.493743896484375 186.5500030517578125 185.381256103515625 177.03125 165.0749969482421875 154.9875030517578125 148.662506103515625 144.46875 132.6999969482421875 127.6875 126.8562469482421875 121.24375152587890625 119.5437469482421875 120.18125152587890625 120.90000152587890625 124.58750152587890625 127.4875030517578125 121.71875 115.0124969482421875 104.75 100.9375 95.9499969482421875 94.6687469482421875 94.96875 92.6125030517578125 91.8000030517578125 89.74375152587890625 89.7375030517578125 90.75624847412109375 90.75624847412109375 92.6999969482421875 94.9250030517578125 94.75 96.2937469482421875 92.22499847412109375 90.25624847412109375 86.4187469482421875 84.77500152587890625 79.31874847412109375 71.4499969482421875
175.787506103515625 175.556243896484375 176.5625 176.65625 176.1437530517578125 177.4812469482421875 174.3312530517578125 165.2687530517578125 154.931243896484375 148.78125 144.0124969482421875 137.0187530517578125 131.28125 118.1687469482421875 113.59375 113.83750152587890625 112.4499969482421875 114.2937469482421875 115.56874847412109375 117.06874847412109375 117.8125 113.3562469482421875 109.65000152587890625 102.09999847412109375 93.46875 89.00624847412109375 89.1125030517578125 90.2624969482421875 89.0812530517578125 87.8000030517578125 85.9812469482421875 83.77500152587890625 86.7062530517578125 87.96250152587890625 89.8562469482421875 93.02500152587890625 96.58750152587890625 100.52500152587890625 100.31874847412109375 93.4875030517578125 85.7062530517578125 81.53749847412109375 73.25624847412109375 67.625
167.3562469482421875 166.725006103515625 168.068756103515625 167.350006103515625 165.8125 164.462493896484375 160.6687469482421875 153.537506103515625 148.6999969482421875 140.7312469482421875 135.506256103515625 130 121.71875 112.4375 101.4875030517578125 103.9187469482421875 102.0437469482421875 104.84375 105.04999542236328125 107.21250152587890625 106.84375 105.09375 102.34375 97.34375 89.86249542236328125 84.7062530517578125 83.5812530517578125 82.40000152587890625 81.49375152587890625 80.99375152587890625 83.05625152587890625 82.6875 82.93125152587890625 84.40000152587890625 87.03749847412109375 93.6750030517578125 101.4562530517578125 109.0625 110.66249847412109375 102.3312530517578125 85.8312530517578125 76.1999969482421875 74.18125152587890625 77.7312469482421875
160.943756103515625 158.2375030517578125 157.681243896484375 157.9187469482421875 154.7375030517578125 151.868743896484375 151.5625 144.8874969482421875 138.712493896484375 131.556243896484375 126.25624847412109375 119.6875 113.625 106.8625030517578125 93.21250152587890625 92.1875 91.4375 93.43125152587890625 94.5437469482421875 97.41249847412109375 99.16249847412109375 97.5124969482421875 95.5124969482421875 94 90.3562469482421875 86.8312530517578125 85.3562469482421875 82.875 82.6062469482421875 83.09999847412109375 81.1687469482421875 81.8625030517578125 85.4875030517578125 85.53749847412109375 84.02500152587890625 89.3937530517578125 102.72499847412109375 116.65000152587890625 120.2312469482421875 111.21250152587890625 99.6750030517578125 90.86875152587890625 92.4562530517578125 87.9375
151.0124969482421875 148.8312530517578125 148.881256103515625 147.131256103515625 145.024993896484375 144.9250030517578125 139.9562530517578125 134.2624969482421875 129.212493896484375 124.90625 118.4562530517578125 112.6999969482421875 107.34999847412109375 101.03125 90.43125152587890625 77.96875 79.58750152587890625 83.18125152587890625 83.97499847412109375 87.3625030517578125 88.52500152587890625 89.59999847412109375 89.80625152587890625 93.38124847412109375 92.09375 88.6750030517578125 85.4875030517578125 81.2687530517578125 81.40625 82.46250152587890625 85.8000030517578125 83.1750030517578125 82.19374847412109375 81.13124847412109375 80.8874969482421875 94.1750030517578125 105.9812469482421875 118.8125 126.72499847412109375 127.61875152587890625 121.8249969482421875 111.9250030517578125 103.7687530517578125 93.59999847412109375
141.6999969482421875 139.8874969482421875 140.5812530517578125 140.2687530517578125 139.1750030517578125 135.2312469482421875 132.40625 127.33750152587890625 122.7937469482421875 118.71875 113.28125 106.4812469482421875 99.96250152587890625 95.4562530517578125 91.375 82.47499847412109375 73.5500030517578125 73.02500152587890625 77.86875152587890625 80.5749969482421875 81.375 83.19374847412109375 86.6125030517578125 92.90625 95.30625152587890625 86.65625 80.46875 77.1437530517578125 79.21250152587890625 82.8562469482421875 86.8000030517578125 89.66249847412109375 88.18125152587890625 87.91249847412109375 97.0749969482421875 105.77500152587890625 120.6750030517578125 139.306243896484375 151.993743896484375 142.274993896484375 133.2312469482421875 119.1437530517578125 104.50624847412109375 95.83750152587890625
132.556243896484375 132.7312469482421875 132 133.0124969482421875 131.8000030517578125 126.6437530517578125 122.9499969482421875 119.4499969482421875 115.3625030517578125 108.66249847412109375 104.09999847412109375 100.65000152587890625 95.0749969482421875 90.9250030517578125 88.99375152587890625 84.65000152587890625 77.06874847412109375 67.40000152587890625 73.36875152587890625 75.28749847412109375 75.9875030517578125 77.3625030517578125 83.5 89.19374847412109375 91.03749847412109375 83.02500152587890625 76.6999969482421875 75.4250030517578125 78.53125 80.4187469482421875 80.1062469482421875 81.86875152587890625 95.71875 102.31874847412109375 104.0749969482421875 117.875 136.1750030517578125 148.6875 154.725006103515625 147.3249969482421875 130.493743896484375 116.90000152587890625 103.4812469482421875 95.2312469482421875
124.08750152587890625 124.21250152587890625 122.36875152587890625 122.28125 122.75 119.35625457763671875 114.3937530517578125 112.16249847412109375 109.34375 103.69374847412109375 99.2062530517578125 93.65625 89.71250152587890625 87.59375 83.09375 81.40000152587890625 77.46250152587890625 70.6687469482421875 66.34375 66.94374847412109375 71.0437469482421875 78.06874847412109375 70.97499847412109375 77.96250152587890625 81.17499542236328125 80.49375152587890625 77.5187530517578125 75.13124847412109375 78.6999969482421875 81.75624847412109375 83.31874847412109375 87.08750152587890625 97.7312469482421875 101.9875030517578125 107.05625152587890625 118.6062469482421875 128.6875 136.806243896484375 142.3937530517578125 132.962493896484375 123.09999847412109375 109.68125152587890625 100.0124969482421875 92.90000152587890625
