data/historical-monthly-weather-data/wc2.1_cruts4.09_10m_prec_1970-02.asc
ncols        51
nrows        45
xllcorner    -63.500000000000
yllcorner    -7.500000000000
cellsize     0.166666666667
NODATA_value -9999
[rows 0 to 19 of 45, columns 0 to 44 of 51]
248.0749969482421875 243.3625030517578125 234.931243896484375 230.475006103515625 223.0437469482421875 219.6062469482421875 214.0749969482421875 205.21875 195.90625 190.256256103515625 189.09375 185.78125 181.368743896484375 171.0187530517578125 162.587493896484375 154.5812530517578125 147.8874969482421875 139.0500030517578125 134.28125 130.524993896484375 129.537506103515625 128.96875 129.84375 130.662506103515625 132.1125030517578125 134.149993896484375 137.4499969482421875 141.125 145.006256103515625 146.568756103515625 148.4375 150.53125 151.587493896484375 152.9250030517578125 154.962493896484375 158.006256103515625 159.8125 161.3562469482421875 164.5 166.431243896484375 169.34375 171.8312530517578125 172.9375 176.5437469482421875 178.7312469482421875
261.57501220703125 257.15625 252.5875091552734375 247.03125 242.681243896484375 242.756256103515625 239.181243896484375 236.3125 232.056243896484375 226.837493896484375 222.5500030517578125 214.90625 206.3874969482421875 195.78125 184.725006103515625 173.8125 164.443756103515625 155.5812530517578125 149.2375030517578125 143.84375 142.25 142.2312469482421875 143.03125 143.3562469482421875 143.587493896484375 145.1999969482421875 147.5124969482421875 150.850006103515625 153.756256103515625 154.837493896484375 155.193756103515625 157.462493896484375 158.837493896484375 160.943756103515625 162.5687408447265625 165.6750030517578125 167.975006103515625 169.506256103515625 172.712493896484375 174.8625030517578125 177.625 179.568756103515625 180.0500030517578125 182.6437530517578125 184.375
273.04376220703125 269.17498779296875 264.818756103515625 260.78125 258.6875 260.350006103515625 262.693756103515625 266.3125 267.04998779296875 263.09375 256.23748779296875 245.524993896484375 233.6374969482421875 220.131256103515625 205.9812469482421875 192.5 180.5749969482421875 171.962493896484375 165.006256103515625 159.4187469482421875 157.5749969482421875 158.2937469482421875 157.9875030517578125 156.9187469482421875 156.96875 156.2375030517578125 157.600006103515625 160.243743896484375 161.337493896484375 161.1062469482421875 161.7624969482421875 162.9499969482421875 164.5500030517578125 165.368743896484375 167.4812469482421875 169.6687469482421875 172.412506103515625 175.181243896484375 177.818756103515625 180.2312469482421875 182.7937469482421875 184.212493896484375 184.725006103515625 185.506256103515625 187.868743896484375
281.087493896484375 278.068756103515625 276.41876220703125 274.07501220703125 276.84375 279.73126220703125 286.79376220703125 296.45623779296875 302.881256103515625 302.6812744140625 293.82501220703125 277.73126220703125 260.10626220703125 243.0500030517578125 226.8562469482421875 211.25 197.59375 187.1125030517578125 180.6750030517578125 177.318756103515625 176.1062469482421875 175.59375 173.8125 171.3562469482421875 169.0812530517578125 166.743743896484375 167.75 168.84375 168.6687469482421875 168.225006103515625 167.4812469482421875 168.975006103515625 169.34375 170.1437530517578125 171.03125 174.068756103515625 177.0187530517578125 179.625 183.243743896484375 186.1187591552734375 187.59375 188.7687530517578125 189.1687469482421875 189.09375 191.0812530517578125
295.45001220703125 289.043731689453125 284.712493896484375 284.962493896484375 290.14373779296875 297.46875 306.774993896484375 322.743743896484375 338.16876220703125 344.818756103515625 328.65625 305 285.462493896484375 266.774993896484375 247.2687530517578125 229.90625 215.0625 203.256256103515625 198.087493896484375 195.912506103515625 194.9812469482421875 192.4187469482421875 190.0749969482421875 186.1374969482421875 181.46875 177.53125 175.806243896484375 175.1750030517578125 175.9250030517578125 175.2624969482421875 174.350006103515625 173.9187469482421875 174.899993896484375 175.587493896484375 176.0500030517578125 179.2437591552734375 183.024993896484375 186.28125 190.1750030517578125 192.2375030517578125 194.0812530517578125 194.024993896484375 193.243743896484375 192.7375030517578125 193.131256103515625
305.125 300.631256103515625 294.73748779296875 292.818756103515625 297.26873779296875 307.26251220703125 319.506256103515625 335.9375 354.381256103515625 366.66876220703125 346.11248779296875 321.068756103515625 301.756256103515625 284.10626220703125 265.65625 250.037506103515625 234.375 223.3000030517578125 219.4812469482421875 217.975006103515625 214.193756103515625 209.9375 205.631256103515625 199.15625 191.9812469482421875 186.9375 184.837493896484375 183.162506103515625 182.5 181.75 181.0812530517578125 180.850006103515625 181.4375 184.243743896484375 186.037506103515625 189.5749969482421875 194.0124969482421875 197.7375030517578125 202.193756103515625 203.90625 203.600006103515625 202.287506103515625 200.537506103515625 198.899993896484375 196.71875
315.41876220703125 310.931243896484375 305.98748779296875 301.60626220703125 304.23748779296875 312.04998779296875 322.975006103515625 334.350006103515625 346.787506103515625 350.181243896484375 342.4375 327.04998779296875 311.756256103515625 297.318756103515625 282.818756103515625 269.48748779296875 257.787506103515625 250.8874969482421875 247.131256103515625 242.4562530517578125 233.90625 226.96875 218.931243896484375 210.225006103515625 203.287506103515625 195.943756103515625 193.1875 191.5500030517578125 188.8000030517578125 187.5500030517578125 188.037506103515625 188.2375030517578125 190.2937469482421875 191.943756103515625 194.6125030517578125 200.068756103515625 204.787506103515625 209.587493896484375 215.1374969482421875 216.181243896484375 213.443756103515625 211.2062530517578125 208.818756103515625 205.9375 202.3000030517578125
324.600006103515625 318.15625 312.95001220703125 311.39373779296875 313.04998779296875 317.07501220703125 321.837493896484375 325.568756103515625 328.03125 330.28125 332.975006103515625 328.70623779296875 320.16876220703125 308.42498779296875 297.443756103515625 287.96875 279.600006103515625 276.899993896484375 275.35626220703125 266.29998779296875 252.600006103515625 241.8125 231.193756103515625 221.4250030517578125 213.0749969482421875 204.381256103515625 200.943756103515625 198.087493896484375 195.6999969482421875 194.462493896484375 193.90625 195.1125030517578125 197.8562469482421875 200.943756103515625 204.131256103515625 209.306243896484375 214.65625 219.6374969482421875 223.9875030517578125 225.1374969482421875 223.2062530517578125 221.024993896484375 218.1687469482421875 213.8937530517578125 210.9250030517578125
333.70623779296875 327.39373779296875 321.92498779296875 320.337493896484375 320.21875 320.38751220703125 322.67498779296875 322.17498779296875 318.63751220703125 319.79998779296875 326.89373779296875 329.15625 325.04998779296875 316.89373779296875 308.431243896484375 302.537506103515625 296.32501220703125 292.45001220703125 290.462493896484375 279.38751220703125 262.45623779296875 249.84375 238.431243896484375 230.412506103515625 221.537506103515625 212.149993896484375 207.693756103515625 204.5124969482421875 202.4562530517578125 201.3000030517578125 201.524993896484375 203.1750030517578125 206.28125 209.556243896484375 213.2312469482421875 219.443756103515625 225.4812469482421875 230.90625 235.78125 237.3937530517578125 235.850006103515625 233.912506103515625 231.65625 227.96875 226.118743896484375
342.162506103515625 336.01251220703125 331.243743896484375 328.16876220703125 326.243743896484375 324.89373779296875 326.568756103515625 325.625 325.76873779296875 327.64373779296875 333.48748779296875 333.362518310546875 331.78125 324.48126220703125 319.28125 313.962493896484375 308.38751220703125 302.306243896484375 294.475006103515625 283.92498779296875 268.050018310546875 255.53125 244.993743896484375 238.8000030517578125 229.681243896484375 219.506256103515625 215.2375030517578125 211.056243896484375 209.475006103515625 208.8249969482421875 208.4562530517578125 210.068756103515625 213.993743896484375 218.8562469482421875 223.756256103515625 230.256256103515625 236.9187469482421875 242.1374969482421875 246.943756103515625 249.787506103515625 250.131256103515625 248.90625 246.125 241.6062469482421875 241.3625030517578125
348.76251220703125 342.537506103515625 337.71875 334.08123779296875 330.912506103515625 329.287506103515625 330.14373779296875 331.475006103515625 333.86248779296875 337.34375 343.212493896484375 343.600006103515625 340.26873779296875 333.23748779296875 329.01251220703125 324.587493896484375 318.38751220703125 308.475006103515625 297.431243896484375 286.51251220703125 270.162506103515625 257.806243896484375 249.8000030517578125 242.7062530517578125 236.9812469482421875 226.3874969482421875 221.087493896484375 217.7375030517578125 215.1125030517578125 214.3562469482421875 215.03125 216.84375 221.0625 226.649993896484375 233.443756103515625 241.037506103515625 247.125 253.6999969482421875 258.537506103515625 261.131256103515625 262.256256103515625 260.943756103515625 258.5 254.4812469482421875 254.024993896484375
354.412506103515625 348.100006103515625 342.4375 339.087493896484375 336.506256103515625 334.899993896484375 335.67498779296875 339.28125 342.14373779296875 346.25 352.875 355.86248779296875 351.774993896484375 344.38751220703125 339.89373779296875 333.40625 326.024993896484375 313.006256103515625 298.9375 285.524993896484375 268.131256103515625 256.85626220703125 252.125 249.5187530517578125 243.7687530517578125 231.975006103515625 226.03125 222.506256103515625 220.306243896484375 220.712493896484375 221.6750030517578125 223.09375 227.7312469482421875 233.28125 240.100006103515625 248.3562469482421875 256.537506103515625 263.95001220703125 269.20623779296875 272.475006103515625 274.45623779296875 272.34375 267.3125 260.699981689453125 258.58123779296875
355.54376220703125 350.537506103515625 346.056243896484375 342.618743896484375 341.506256103515625 340.875 342.774993896484375 345.712493896484375 348.493743896484375 354.23748779296875 360.5625 365.42498779296875 362.85626220703125 354.337493896484375 348.38751220703125 340.056243896484375 331.33123779296875 317.82501220703125 303.662506103515625 288.08123779296875 267.04376220703125 256.45623779296875 253.21875 250.743743896484375 243.3937530517578125 232.806243896484375 229.1750030517578125 226.556243896484375 224.631256103515625 225.649993896484375 227.181243896484375 228.9187469482421875 232.600006103515625 238.537506103515625 245.75 254.0812530517578125 262.73748779296875 272.34375 278.787506103515625 282.95623779296875 286.5 282.693756103515625 273.381256103515625 263.73748779296875 258.96875
355 350.78125 347.087493896484375 344.587493896484375 344.618743896484375 344.475006103515625 347.6875 351.006256103515625 354.431243896484375 358.912506103515625 363.6875 367.631256103515625 366.868743896484375 362.35626220703125 353.86248779296875 345.83123779296875 335.537506103515625 322.76251220703125 308.48748779296875 294.76251220703125 276.787506103515625 264.0625 256.20001220703125 250.243743896484375 242.4812469482421875 233.399993896484375 231.287506103515625 229.462493896484375 228.587493896484375 229.087493896484375 230.993743896484375 232.6374969482421875 236.125 242.1687469482421875 249.1687469482421875 258.42498779296875 269.225006103515625 280.350006103515625 288.6875 293.462493896484375 294.850006103515625 286.256256103515625 276.975006103515625 268.368743896484375 264.01251220703125
355.600006103515625 350.774993896484375 347.787506103515625 347.20623779296875 346.29376220703125 347.543731689453125 351.88751220703125 354.899993896484375 358.95001220703125 363.04376220703125 365.90625 370.14373779296875 370.118743896484375 366.48748779296875 358.40625 349.056243896484375 339.39373779296875 326.625 313.92498779296875 302.443756103515625 285.65625 270.46875 259.42498779296875 252.287506103515625 244.3625030517578125 237.443756103515625 235.9499969482421875 234.181243896484375 233.2937469482421875 234.068756103515625 234.443756103515625 234.725006103515625 237.881256103515625 242.431243896484375 249.1062469482421875 258.04998779296875 270.84375 284.556243896484375 293.78125 297.73126220703125 294.98126220703125 288.45001220703125 281.23748779296875 272.65625 267.681243896484375
354.318756103515625 349.175018310546875 346.931243896484375 346.79998779296875 347.29376220703125 349.212493896484375 353.58123779296875 356.08123779296875 360.98748779296875 366.48126220703125 369.818756103515625 374.443756103515625 375.375 371.443756103515625 362.743743896484375 350.568756103515625 342.368743896484375 331.88751220703125 321 310.63751220703125 292.631256103515625 275.70623779296875 262.29376220703125 255.78125 247.6374969482421875 240.5812530517578125 238.8625030517578125 238.318756103515625 238.537506103515625 239.2312469482421875 239.475006103515625 237.743743896484375 237.34375 239.568756103515625 243.7687530517578125 253.65625 268.33123779296875 285.23126220703125 297.712493896484375 301.92498779296875 298.318756103515625 290.743743896484375 282.806243896484375 274.38751220703125 268.38751220703125
349.600006103515625 346.181243896484375 344.287506103515625 344.70623779296875 346.306243896484375 348.88751220703125 353.3125 356.92498779296875 362.48748779296875 368.875 374.337493896484375 380.412506103515625 382.899993896484375 379.943756103515625 369.943756103515625 356.8125 345.462493896484375 334.39373779296875 324.256256103515625 315.162506103515625 298.01873779296875 280.368743896484375 265.006256103515625 258.51251220703125 251.7687530517578125 243.5437469482421875 240.90625 241.662506103515625 243.4812469482421875 245.4499969482421875 244.8625030517578125 241.5187530517578125 237.7062530517578125 234.1875 236.4375 246.0124969482421875 261.54998779296875 283.85626220703125 303.54998779296875 304.037506103515625 296.84375 289.17498779296875 280.29376220703125 272.100006103515625 267.59375
342.13751220703125 339.881256103515625 340.23748779296875 342.256256103515625 344.38751220703125 347.73126220703125 352.89373779296875 357.29998779296875 363.1875 369.48126220703125 376.53125 385.712493896484375 391.63751220703125 389.368743896484375 379.087493896484375 365.34375 348.95623779296875 332.59375 324.29376220703125 315.212493896484375 301.36248779296875 284.11248779296875 267.35626220703125 259.51873779296875 253.03125 246.024993896484375 243.0124969482421875 245.3625030517578125 248.912506103515625 251.7937469482421875 250.28125 241.3874969482421875 234.2687530517578125 227.818756103515625 226.09375 232.0562591552734375 251.125 273.493743896484375 291.600006103515625 295.318756103515625 289.34375 282.70001220703125 275.806243896484375 269.70001220703125 266.25
333.399993896484375 332.681243896484375 334.024993896484375 335.95623779296875 339.3125 345.03125 350.07501220703125 356.175018310546875 363.381256103515625 369.54376220703125 377.931243896484375 388.25 397.431243896484375 400.64373779296875 387.79998779296875 368.8125 349.631256103515625 329.95623779296875 318.66876220703125 311.037506103515625 300.16876220703125 285.29376220703125 265.9375 258.38751220703125 252.875 248.3000030517578125 247.7312469482421875 250.4187469482421875 255.25 259.60626220703125 258.537506103515625 246.756256103515625 234.100006103515625 220.9562530517578125 213.65625 220.1624908447265625 238.837493896484375 259.35626220703125 275.26251220703125 280.625 278.95623779296875 273.787506103515625 269.75 266.243743896484375 263.98748779296875
324.79998779296875 323.618743896484375 325.59375 328.23748779296875 333.26251220703125 340.375 347.4375 353.006256103515625 360.34375 367.006256103515625 374.649993896484375 386.10626220703125 399.60626220703125 409.881256103515625 392.774993896484375 365.34375 341.46875 323.73126220703125 312.03125 304.21875 291.15625 275.931243896484375 262.837493896484375 256.38751220703125 252.03125 248.8312530517578125 250.756256103515625 255.40625 259.181243896484375 262.58123779296875 259.65625 250.3312530517578125 233.2937469482421875 214.375 200.943756103515625 209.493743896484375 230.993743896484375 251.1875 264.67498779296875 270.59375 269.256256103515625 265.03125 264.79998779296875 264.04998779296875 263.17498779296875
