data/historical-monthly-weather-data/wc2.1_cruts4.09_10m_prec_1970-08.asc
ncols        45
nrows        45
xllcorner    -63.500000000000
yllcorner    -7.500000000000
cellsize     0.166666666667
NODATA_value -9999
[rows 0 to 19 of 45, columns 0 to 43 of 45]
247.0749969482421875 257.42498779296875 260.95001220703125 270.15625 280.381256103515625 288.493743896484375 287.76251220703125 289.850006103515625 288.92498779296875 284.29998779296875 271.40625 261.64373779296875 255.1187591552734375 243.75 233.84375 219.3874969482421875 208.9250030517578125 198.899993896484375 189.09375 184.600006103515625 179.818756103515625 172.993743896484375 167.024993896484375 163.5124969482421875 158.850006103515625 154.8125 155.9875030517578125 159.274993896484375 156.4375 165.443756103515625 169.3562469482421875 178.506256103515625 187.71875 192.6437530517578125 199.3874969482421875 206.375 210.725006103515625 217.537506103515625 224.100006103515625 228.3562469482421875 233.993743896484375 242.524993896484375 245.693756103515625 247.96875
233.7062530517578125 242.6687469482421875 253.4562530517578125 265.431243896484375 279.631256103515625 285.587493896484375 280.6875 281.3125 281.0625 276.068756103515625 265.712493896484375 257.875 245.875 232.21875 220.65625 211.0187530517578125 198.412506103515625 187.9812469482421875 179.1687469482421875 173.006256103515625 167.9250030517578125 161.2624969482421875 155.71875 153.837493896484375 149.274993896484375 144.4375 148.5749969482421875 150.5625 148.818756103515625 155.181243896484375 162.625 169.7687530517578125 177.8812408447265625 186.1437530517578125 191.7624969482421875 196.600006103515625 197.21875 206.506256103515625 210.056243896484375 213.462493896484375 223.2624969482421875 228.475006103515625 235.3249969482421875 240.318756103515625
209.337493896484375 220.90625 233.3562469482421875 248.0437469482421875 262.125 267.09375 266.756256103515625 266.76873779296875 263.556243896484375 257.98748779296875 252.125 244.568756103515625 232.600006103515625 217.1875 205.5500030517578125 195.5749969482421875 185.368743896484375 175.368743896484375 166.84375 158.7312469482421875 155.9812469482421875 153.006256103515625 148.649993896484375 148.5124969482421875 143.337493896484375 140.7687530517578125 146.09375 145.943756103515625 144.34375 151.681243896484375 156.774993896484375 163.6875 172.3874969482421875 182.399993896484375 186.756256103515625 187.818756103515625 192.2624969482421875 201.243743896484375 203.9875030517578125 210.912506103515625 223.53125 230.3000030517578125 239.975006103515625 243.2624969482421875
186.5124969482421875 194.318756103515625 209.0500030517578125 224.4000091552734375 235.71875 240.493743896484375 243.537506103515625 245.53125 247.21875 242.506256103515625 234.368743896484375 224.8312530517578125 215.0124969482421875 201.212493896484375 190.274993896484375 180.193756103515625 171.774993896484375 163.431243896484375 155.84375 152.4562530517578125 149.243743896484375 145.1750030517578125 141.25 142.1875 139.1374969482421875 137.024993896484375 141.03125 138.1374969482421875 137.537506103515625 144.96875 150.868743896484375 155.6999969482421875 161.9375 169.368743896484375 175.5500030517578125 180.7687530517578125 190.6437530517578125 197.9250030517578125 199.1062469482421875 209.9375 220.462493896484375 232.4875030517578125 241.524993896484375 249.056243896484375
182.475006103515625 184.4562530517578125 186.65625 196.962493896484375 210.8562469482421875 215.28125 217.6875 225.225006103515625 230.381256103515625 226.806243896484375 217.3562469482421875 207.256256103515625 197.9375 187.193756103515625 176.2624969482421875 167.625 158.618743896484375 150.181243896484375 143.4499969482421875 141.6062469482421875 142.350006103515625 137.181243896484375 134.850006103515625 138.34375 134.6125030517578125 132.2375030517578125 132.8562469482421875 134.0124969482421875 133.431243896484375 137.1125030517578125 145.4812469482421875 148.8375091552734375 156.649993896484375 165.212493896484375 171.8125 175.337493896484375 182.443756103515625 190.6999969482421875 192.84375 200.8874969482421875 217.4499969482421875 229.100006103515625 243.5187530517578125 251.537506103515625
173.3625030517578125 174.7375030517578125 174.399993896484375 172.6125030517578125 183.787506103515625 196.0187530517578125 200.7375030517578125 204.75 210.5749969482421875 207.837493896484375 196.7687530517578125 188.1374969482421875 181.6875 173.4250030517578125 163.774993896484375 156.6875 147.4499969482421875 138.71875 134.59375 133.181243896484375 134.568756103515625 133.2375030517578125 132.3625030517578125 131.256256103515625 130.8937530517578125 130.0124969482421875 130.3874969482421875 130.125 130.28125 131.662506103515625 138.0187530517578125 143.431243896484375 148.006256103515625 155.96875 159.4812469482421875 166.4499969482421875 171.193756103515625 175.537506103515625 181.056243896484375 192.7375030517578125 204.287506103515625 218.181243896484375 233.225006103515625 247.850006103515625
165.5 168.2062530517578125 168.193756103515625 167.5437469482421875 171.3000030517578125 174.8312530517578125 178.256256103515625 181.4375 178.6062469482421875 177.537506103515625 172.8937530517578125 168.350006103515625 166.0500030517578125 160.100006103515625 153.7375030517578125 147.475006103515625 139.3562469482421875 132.412506103515625 127.3000030517578125 127.33750152587890625 128.3562469482421875 129.024993896484375 129.131256103515625 129.493743896484375 128.8312530517578125 128.943756103515625 128.524993896484375 126.88124847412109375 123.9562530517578125 127.6687469482421875 131.131256103515625 133.65625 139.625 145.90625 149.7937469482421875 154.4375 157.274993896484375 162.1750030517578125 169.6125030517578125 181.306243896484375 192.0625 205.3249969482421875 222.493743896484375 241.0062408447265625
159.068756103515625 159.71875 162.5625 163.7687530517578125 168.4375 171.1687469482421875 165.7624969482421875 154.8312530517578125 147.381256103515625 147.5625 151.6999969482421875 150.725006103515625 149.5812530517578125 146.5749969482421875 142.84375 137.6374969482421875 132.0437469482421875 126.1125030517578125 121.19374847412109375 120.34375 123.65000152587890625 125.61875152587890625 125.1999969482421875 125.41249847412109375 127.22499847412109375 125.93125152587890625 124.24375152587890625 122.90000152587890625 120.80625152587890625 120.46875 125.09375 126.4187469482421875 129.40625 135.5812530517578125 136.537506103515625 139.912506103515625 142.7624969482421875 146.1999969482421875 151.4812469482421875 160.131256103515625 171.7687530517578125 185.818756103515625 201.5124969482421875 217.056243896484375
154.475006103515625 155.3937530517578125 158.962493896484375 158.743743896484375 161.28125 161.068756103515625 157.399993896484375 149.2937469482421875 136.212493896484375 130.0124969482421875 132.8312530517578125 133.7624969482421875 137.5500030517578125 135.962493896484375 132.9375 128.806243896484375 126.36875152587890625 122.4375 121.1062469482421875 118.02500152587890625 120.25624847412109375 123.53125 123.1687469482421875 126.9875030517578125 127.50624847412109375 124.2687530517578125 119.875 119.96875 118.05625152587890625 117.1999969482421875 120.6750030517578125 118.96875 119.03749847412109375 120.0625 121.78125 126.8937530517578125 130.587493896484375 134.09375 137.475006103515625 144.4812469482421875 153.037506103515625 161.774993896484375 172.0625 182.8125
148.90625 150.056243896484375 152.0812530517578125 153.625 155.5812530517578125 154.84375 154.09375 146.368743896484375 135.8000030517578125 131.818756103515625 129.7687530517578125 126.3562469482421875 129.1125030517578125 128.962493896484375 124.9375 122.16249847412109375 119.05625152587890625 118.5625 118.01250457763671875 117.5 120.03749847412109375 121.2375030517578125 120.7937469482421875 124.2375030517578125 123.9187469482421875 120.59999847412109375 116.68125152587890625 115.34375 111.7375030517578125 110.03125 109.68125152587890625 108.40625 110.68125152587890625 112.8874969482421875 115.2375030517578125 118.68125152587890625 120.1999969482421875 121.8249969482421875 126.15625 131.59375 137.1374969482421875 141.318756103515625 146.46875 149.9562530517578125
146.1687469482421875 146.8625030517578125 146.7624969482421875 147.3312530517578125 150.024993896484375 151.899993896484375 150.84375 141.7062530517578125 133.306243896484375 127.83750152587890625 126.78749847412109375 123.8937530517578125 122.78749847412109375 121.16249847412109375 116.18125152587890625 112.625 110.9499969482421875 112.55625152587890625 113.02500152587890625 115.08750152587890625 121.71250152587890625 123.3125 122.3625030517578125 121.46875 123.71875 120.88124847412109375 117.125 113.24375152587890625 106.78125 102.94374847412109375 103.4250030517578125 102.28749847412109375 105.6999969482421875 107.8000030517578125 107.68125152587890625 108.9499969482421875 109.46875 111.5124969482421875 113.9187469482421875 116.78749847412109375 119.4562530517578125 122.18125152587890625 126.8625030517578125 127.1875
142.506256103515625 143.5749969482421875 143.3312530517578125 144.787506103515625 147.712493896484375 149.4875030517578125 149.4499969482421875 142.3249969482421875 133.40625 127.1687469482421875 124.4499969482421875 121.0500030517578125 117.06874847412109375 112.63124847412109375 111.4187469482421875 107.97499847412109375 105.5500030517578125 105.8312530517578125 108.2062530517578125 112.77500152587890625 120.34999847412109375 123.0749969482421875 123.40000152587890625 123.46875 122.4812469482421875 113.78749847412109375 109.4187469482421875 106.66249847412109375 101.36875152587890625 98.3625030517578125 97.08750152587890625 97.83750152587890625 98.4375 99.83750152587890625 101.3937530517578125 103.97499847412109375 104.63124847412109375 104.8125 103.46875 102.31874847412109375 103.8312530517578125 105.7375030517578125 107.63124847412109375 102.8125
137.75 137.15625 137.7062530517578125 137.59375 141.28125 141.8937530517578125 138.962493896484375 134.712493896484375 127.0437469482421875 122.33750152587890625 119.7624969482421875 116.83750152587890625 111.40625 104.4375 100.9812469482421875 99.2062530517578125 96.50624847412109375 98.9375 101.46875 104.59999847412109375 113.22499847412109375 117.36875152587890625 118.90000152587890625 115.875 108.97499847412109375 102.34375 101.71875 100.09375 98.6062469482421875 96.06874847412109375 93.5812530517578125 92.5625 94.7375030517578125 93.25624847412109375 95.2937469482421875 99.6999969482421875 104.375 103.6750030517578125 102.9812469482421875 97.05625152587890625 90.6750030517578125 93.9499969482421875 93.7687530517578125 87.71875
131.9499969482421875 129.837493896484375 129.412506103515625 130.881256103515625 132.6875 131.7937469482421875 129.287506103515625 127.18125152587890625 120.47499847412109375 116.4250030517578125 112.71875 107.7375030517578125 103.27500152587890625 97.19374847412109375 89.59999847412109375 89.2062530517578125 87.9812469482421875 90.18125152587890625 90.2937469482421875 92.72499847412109375 101.18125152587890625 105.69374847412109375 107.9187469482421875 106.9187469482421875 102.7687530517578125 98.83750152587890625 98.09375 97.1687469482421875 95.8562469482421875 94.30625152587890625 92.9499969482421875 89.81874847412109375 90.86875152587890625 90.375 94.2062530517578125 101.28125 106.59999847412109375 110.97499847412109375 111.25 102.47499847412109375 86.46875 81.7312469482421875 85.3000030517578125 91.40625
125.03125 124.625 123.21875 123.1062469482421875 125.03749847412109375 123.8937530517578125 121.44374847412109375 118.18125152587890625 112.25 108.6875 103.4875030517578125 99.69374847412109375 95.1687469482421875 88.38124847412109375 81.0187530517578125 77.875 76.81874847412109375 77.5749969482421875 78.68125152587890625 81.72499847412109375 89.875 95.7312469482421875 99.8312530517578125 102.30625152587890625 102.36875152587890625 101.6125030517578125 99.61875152587890625 97.3625030517578125 94.58750152587890625 92.40625 89.5625 87.84375 89.02500152587890625 90.6062469482421875 92.9562530517578125 100.74375152587890625 109.9187469482421875 122.8312530517578125 126.41249847412109375 114.6062469482421875 104.1687469482421875 98.53749847412109375 101.40000152587890625 100.875
116.65000152587890625 117.24375152587890625 117.05625152587890625 116.94374847412109375 117.50624847412109375 117.3937530517578125 115.30625152587890625 110.4187469482421875 105.4499969482421875 101.41249847412109375 96.6687469482421875 91.52500152587890625 86.05625152587890625 79.9875030517578125 73.68125152587890625 67.3937530517578125 66.0500030517578125 67.06874847412109375 68.1125030517578125 71.5749969482421875 79.2375030517578125 86.9187469482421875 94.69374847412109375 100.9499969482421875 103.8249969482421875 103.7624969482421875 101.7624969482421875 97.6437530517578125 93.8874969482421875 92.03125 90.46875 88.33750152587890625 88.00624847412109375 89.52500152587890625 93.31874847412109375 107.81874847412109375 120.40625 133.381256103515625 140.1437530517578125 136.306243896484375 130.3625030517578125 122.34375 115.33750152587890625 107.43125152587890625
111.00624847412109375 112.09999847412109375 111.30625152587890625 111.6750030517578125 110.71250152587890625 111.0437469482421875 109.9499969482421875 106.40000152587890625 100.08750152587890625 96.36875152587890625 91.88124847412109375 85.3000030517578125 79.6437530517578125 73.58750152587890625 67.3937530517578125 61.506252288818359375 56.16249847412109375 56.34375 58.90000152587890625 62.875 69.0812530517578125 78.53125 89.3625030517578125 100.47499847412109375 106.91249847412109375 106.5187530517578125 101.4875030517578125 97.28125 92.00624847412109375 89.13124847412109375 89.25624847412109375 90.3312530517578125 92.38124847412109375 95.2062530517578125 109.41249847412109375 123.9250030517578125 137.0124969482421875 154.8874969482421875 166.7062530517578125 156.618743896484375 145.3625030517578125 131.837493896484375 119.28125 112.2375030517578125
102.90000152587890625 105.4499969482421875 105.7687530517578125 106.96250152587890625 106.4499969482421875 106.8249969482421875 103.875 100.90000152587890625 95.5124969482421875 91.2062530517578125 86.90625 81.09375 73.86875152587890625 67.21250152587890625 61.5 55.78125 50.637500762939453125 47.5625 50.981250762939453125 53.28749847412109375 60.34375 69.77500152587890625 82.33750152587890625 94.00624847412109375 103.9375 106.1125030517578125 103.06874847412109375 98 91.22499847412109375 86.78125 82.55625152587890625 82.09999847412109375 95.5437469482421875 110.66249847412109375 122.1062469482421875 139.4187469482421875 156.475006103515625 170.1374969482421875 174.0625 167.1125030517578125 148.149993896484375 135.5187530517578125 123.6062469482421875 116.4499969482421875
95.1374969482421875 98.3937530517578125 99.8562469482421875 101.6875 102.86875152587890625 102.06874847412109375 99.98125457763671875 96.63124847412109375 93.65000152587890625 90.1875 85.28749847412109375 76.68125152587890625 69.78749847412109375 63.575000762939453125 56.75624847412109375 52.106250762939453125 46.91249847412109375 42.99375152587890625 43.09999847412109375 45.9375 55.59375 70.6999969482421875 72.8874969482421875 85.30625152587890625 95.8937530517578125 104.22499847412109375 103.8000030517578125 97.88124847412109375 93.4562530517578125 84.9875030517578125 79.5124969482421875 83.96250152587890625 100.0625 113.56874847412109375 127.80625152587890625 144.9250030517578125 155.90625 161.649993896484375 166.287506103515625 158.443756103515625 147.09375 135.53125 124.47499847412109375 115.9375
88.5187530517578125 92.03749847412109375 93.5500030517578125 95.5812530517578125 96.31874847412109375 95.99375152587890625 94.40625 92.15000152587890625 91.1875 88.49375152587890625 84.83750152587890625 78.875 70.22499847412109375 61.862499237060546875 55.49375152587890625 49.231250762939453125 42.09375 40.700000762939453125 41.30625152587890625 44.762500762939453125 49.25624847412109375 57.24375152587890625 70.3249969482421875 81.40000152587890625 90.40000152587890625 95.8249969482421875 97.44374847412109375 95.5749969482421875 90.68125152587890625 81.7624969482421875 78.8625030517578125 90.03749847412109375 101.18125152587890625 115.11875152587890625 130.78125 142.1999969482421875 150.912506103515625 158.71875 159.46875 154.037506103515625 142.274993896484375 132.03125 124.40000152587890625 117.1374969482421875
