data/historical-monthly-weather-data/wc2.1_cruts4.09_10m_prec_1959-05.asc
ncols        45
nrows        45
xllcorner    -63.500000000000
yllcorner    -7.500000000000
cellsize     0.166666666667
NODATA_value -9999
[rows 19 to 37 of 45, columns 0 to 43 of 45]
244.7062530517578125 243.2312469482421875 241.2062530517578125 238.0500030517578125 237.2375030517578125 238.96875 237.4875030517578125 233.993743896484375 230.9499969482421875 227.1875 223.412506103515625 215.912506103515625 207.6062469482421875 195.53125 183.25 168.2312469482421875 155.850006103515625 153.337493896484375 148.9499969482421875 148.65625 151.25 159.600006103515625 170.962493896484375 179.90625 185.8312530517578125 187.8874969482421875 191.9499969482421875 197.4875030517578125 196.65625 192.756256103515625 193.9875030517578125 205.7937469482421875 211.1437530517578125 214.587493896484375 224.5124969482421875 238.2937469482421875 248.5437469482421875 256.20001220703125 261.412506103515625 263.225006103515625 255.4875030517578125 249.4812469482421875 253.1437530517578125 256.449981689453125
231.4187469482421875 237.912506103515625 239.03125 235.6374969482421875 232.1125030517578125 236.274993896484375 237.3000030517578125 235.1687469482421875 232.524993896484375 227.024993896484375 222.1875 215.725006103515625 205.3125 194.6062469482421875 180.9499969482421875 169.556243896484375 156.21875 150.006256103515625 148.600006103515625 145.59375 153.9562530517578125 162.2312469482421875 170.0500030517578125 178.100006103515625 184.962493896484375 187.287506103515625 186.2062530517578125 189.5812530517578125 193.1125030517578125 195.524993896484375 200.2687530517578125 207.7687530517578125 208.3125 211.068756103515625 218.693756103515625 231.3000030517578125 242.6750030517578125 250.850006103515625 253.9499969482421875 253.3874969482421875 252.399993896484375 247.4499969482421875 246.375 251.2062530517578125
225.9499969482421875 225.0500030517578125 229.90625 232.7687530517578125 229.9250030517578125 231.2312469482421875 234.5124969482421875 235.5500030517578125 233.7624969482421875 229.037506103515625 223.1875 214.84375 204.5625 193.71875 183.8874969482421875 170.875 165.881256103515625 157.6437530517578125 154.6125030517578125 149.8625030517578125 151.3625030517578125 157.84375 164.8625030517578125 169.931243896484375 173.125 178.6374969482421875 185.5124969482421875 188.9812469482421875 197.6374969482421875 202.162506103515625 203.7687530517578125 205.568756103515625 209.84375 215.274993896484375 218.5812530517578125 226.662506103515625 237.7062530517578125 245.46875 248.118743896484375 248.225006103515625 248.931243896484375 245.2375030517578125 243.868743896484375 246.3000030517578125
220.850006103515625 227.1374969482421875 230.243743896484375 232.493743896484375 229.443756103515625 229.71875 225.8562469482421875 228.412506103515625 232.53125 229.024993896484375 221.625 213.162506103515625 206.9562530517578125 197.274993896484375 187.4375 176.431243896484375 168.118743896484375 161.1125030517578125 155.493743896484375 150.7687530517578125 153.068756103515625 154.318756103515625 158.7687530517578125 163.006256103515625 169.537506103515625 174.162506103515625 178.6750030517578125 187.212493896484375 196.65625 200.618743896484375 201.4375 206.524993896484375 213.3937530517578125 217.53125 222.149993896484375 223.1125030517578125 229.4375 238.912506103515625 246.056243896484375 246.2062530517578125 244.9875030517578125 242.5812530517578125 240.743743896484375 242.1125030517578125
213.287506103515625 222.225006103515625 228.225006103515625 228.087493896484375 224.3125 222.618743896484375 227.0749969482421875 227.8000030517578125 226.725006103515625 222.625 218.09375 215.306243896484375 208.7687530517578125 201.943756103515625 190.40625 179.3312530517578125 170.4812469482421875 164.375 158.931243896484375 154.399993896484375 152.96875 153.84375 155.243743896484375 162.0749969482421875 166.4562530517578125 168.350006103515625 175.28125 184.7062530517578125 195.8937530517578125 204.4250030517578125 211.15625 217.8249969482421875 224.837493896484375 227.4375 229.774993896484375 226.600006103515625 234.7687530517578125 240.5437469482421875 244.318756103515625 245.162506103515625 242.90625 242.2375030517578125 241.431243896484375 239.9562530517578125
210.6999969482421875 220.65625 224.4812469482421875 227.2937469482421875 225.1999969482421875 224.84375 223.056243896484375 224.287506103515625 222.318756103515625 220.212493896484375 215.6062469482421875 211.5625 209.0812530517578125 202.6687469482421875 190.9375 181.46875 174.6999969482421875 167.4875030517578125 160.306243896484375 155.21875 154.9187469482421875 153.3937530517578125 155.056243896484375 160.412506103515625 164.53125 171.524993896484375 178.8874969482421875 189.4562530517578125 200.5 212.9499969482421875 221.3000030517578125 233.756256103515625 239.5625 240.931243896484375 237.3125 235.587493896484375 240.0625 239.8249969482421875 242 242.875 242.09375 239.681243896484375 238.7874908447265625 234.787506103515625
213.5500030517578125 224.8874969482421875 222.5812530517578125 223.78125 218.6875 217.6062469482421875 215.756256103515625 216.40625 212.337493896484375 208.125 209.806243896484375 209.1062469482421875 204.975006103515625 200.475006103515625 193.59375 184.256256103515625 177.4375 169.931243896484375 162.2062530517578125 155.7375030517578125 154.8000030517578125 152.7062530517578125 153.693756103515625 157.212493896484375 163.931243896484375 170.75 183.0749969482421875 194.40625 205.5437469482421875 219.131256103515625 233.056243896484375 252.6062469482421875 259.23126220703125 253.243743896484375 246.4187469482421875 244.787506103515625 243.1062469482421875 242.556243896484375 238.71875 238.475006103515625 238.6750030517578125 234.274993896484375 230.537506103515625 229.412506103515625
213.6374969482421875 217.225006103515625 218.5 217.818756103515625 213.2937469482421875 212.318756103515625 209.9375 206.881256103515625 204.6062469482421875 206.8562469482421875 207 204.556243896484375 203.5187530517578125 201.193756103515625 194.600006103515625 187.46875 179.2375030517578125 170.4375 165.875 158.5625 155.0625 152.9562530517578125 153 159.287506103515625 166.024993896484375 173.587493896484375 185.9812469482421875 197.84375 210.5625 222.3625030517578125 240.006256103515625 259.837493896484375 271.01251220703125 260.399993896484375 249.875 245.90625 246.7687530517578125 242.881256103515625 238.837493896484375 238.1374969482421875 236.743743896484375 232.2062530517578125 228.3249969482421875 224.1437530517578125
215.0124969482421875 214.2687530517578125 213.787506103515625 210.1687469482421875 207.337493896484375 207.287506103515625 205.618743896484375 200.881256103515625 200.4562530517578125 202.3312530517578125 201.6437530517578125 200.0812530517578125 200.3312530517578125 198.712493896484375 194.2562408447265625 185.8312530517578125 180.3249969482421875 175.056243896484375 170.181243896484375 163.375 158.8249969482421875 154.4250030517578125 155.125 160.53125 167.9375 174.5374908447265625 187.59375 199.7937469482421875 213.506256103515625 225.96875 241.506256103515625 257.931243896484375 264.493743896484375 257.412506103515625 251.6687469482421875 247.774993896484375 245.25 244.5 242.412506103515625 238.3125 234.662506103515625 232.0437469482421875 228.0749969482421875 224.8937530517578125
212.3312530517578125 210.6437530517578125 207.287506103515625 204.0124969482421875 201 196.962493896484375 193.912506103515625 193.78125 196.868743896484375 196.1750030517578125 196.1687469482421875 196.962493896484375 197.381256103515625 198.8874969482421875 196.556243896484375 191.9375 186.368743896484375 179.618743896484375 173.462493896484375 167 161.9187469482421875 156.3937530517578125 154.96875 160.1374969482421875 167.2062530517578125 172.4250030517578125 185.774993896484375 200.068756103515625 213.71875 224.443756103515625 238.0187530517578125 249.1062469482421875 252.4562530517578125 249.368743896484375 248.7624969482421875 246.21875 245.2062530517578125 242.587493896484375 240.475006103515625 236.256256103515625 228.9375 223.78125 224.3000030517578125 226.2375030517578125
208.6999969482421875 205.4499969482421875 199.7624969482421875 193.412506103515625 189.5124969482421875 188.9812469482421875 187.149993896484375 189.3937530517578125 191.006256103515625 189.524993896484375 190.962493896484375 193.087493896484375 195.1374969482421875 198.193756103515625 197.0437469482421875 194.100006103515625 189.6687469482421875 186.131256103515625 179.056243896484375 170.681243896484375 165.28125 160.600006103515625 157.90625 161.6125030517578125 165.9875030517578125 174.337493896484375 184.625 195.243743896484375 207.9250030517578125 218.1999969482421875 230.03125 237.9499969482421875 241.28125 242.287506103515625 243.53125 240.6687469482421875 244.9562530517578125 243.9250030517578125 240.431243896484375 241.2687530517578125 237.9375 231.149993896484375 226.212493896484375 223.2312469482421875
204.4250030517578125 199.475006103515625 191.993743896484375 187.2687530517578125 184.3000030517578125 183.3499908447265625 184.131256103515625 184.09375 185.756256103515625 186.381256103515625 187.8249969482421875 189.306243896484375 194.5500030517578125 195.524993896484375 195.756256103515625 195.9499969482421875 194.2375030517578125 189.256256103515625 183.618743896484375 177.21875 169.0124969482421875 162.524993896484375 159.2624969482421875 160.75 164.59375 173.662506103515625 182.3937530517578125 191.024993896484375 202.7375030517578125 210.8312530517578125 221.756256103515625 226.774993896484375 230.149993896484375 233.15625 234.96875 232.875 237.5187530517578125 241.3125 242.3937530517578125 241.631256103515625 242.962493896484375 235.2062530517578125 228.8125 221.78125
195.4499969482421875 189.818756103515625 183.837493896484375 180.5625 179.4187469482421875 177.4250030517578125 180.506256103515625 178.337493896484375 179.6687469482421875 180.15625 181.7624969482421875 183.09375 188.162506103515625 192.78125 193.8562469482421875 196.2624969482421875 193.256256103515625 188.3874969482421875 183.368743896484375 177.9812469482421875 168.9875030517578125 162.568756103515625 158.2375030517578125 160.306243896484375 166.306243896484375 171.9499969482421875 180.056243896484375 186.850006103515625 194.71875 202.837493896484375 208.506256103515625 214.25 217.1062469482421875 220.806243896484375 225.037506103515625 225.3499908447265625 229.3874969482421875 235.0124969482421875 236.024993896484375 241.225006103515625 242.725006103515625 236.912506103515625 231.3937530517578125 228.15625
183.9562530517578125 180.087493896484375 175.131256103515625 173.8249969482421875 171.318756103515625 169.756256103515625 171.506256103515625 170.9812469482421875 172.6374969482421875 175.162506103515625 180.4187469482421875 182.5749969482421875 187.306243896484375 193.337493896484375 194.1999969482421875 194.2687530517578125 192.412506103515625 190.287506103515625 183.443756103515625 178.056243896484375 169.118743896484375 163.899993896484375 158.65625 161.556243896484375 166.0187530517578125 171.25 176.850006103515625 183.181243896484375 188.1062469482421875 193.443756103515625 198.7375030517578125 202.4187469482421875 203.912506103515625 210.84375 214.4812469482421875 219.037506103515625 220.618743896484375 226.375 227.787506103515625 235.4250030517578125 236.75 234.9375 231.556243896484375 231.1875
173.1125030517578125 169.1750030517578125 167.6999969482421875 166.65625 166.2375030517578125 164.0187530517578125 164.0124969482421875 163.0187530517578125 164.462493896484375 167.462493896484375 172.5749969482421875 178.96875 183.34375 187.8000030517578125 191.03125 193.806243896484375 193.71875 190.5749969482421875 182.4875030517578125 175.7062530517578125 169.837493896484375 165.2687530517578125 160.350006103515625 160.9250030517578125 164.6687469482421875 167.756256103515625 171.6374969482421875 176.1374969482421875 181.71875 185.3874969482421875 189.037506103515625 191.462493896484375 194.100006103515625 198.0812530517578125 203.3625030517578125 207.193756103515625 211.53125 213.7312469482421875 218.6687469482421875 223.912506103515625 225.493743896484375 227.899993896484375 229.899993896484375 231.1999969482421875
161.712493896484375 158.818756103515625 159.0187530517578125 160.0437469482421875 160.556243896484375 158.59375 155.743743896484375 155.3562469482421875 154.53125 158.4250030517578125 165.368743896484375 172.8625030517578125 181.2687530517578125 188.568756103515625 191.493743896484375 193.5812530517578125 193.15625 189.975006103515625 182.3125 173.649993896484375 168.3874969482421875 162.8562469482421875 159.587493896484375 159.306243896484375 161.3249969482421875 163.506256103515625 168.506256103515625 172.837493896484375 176.7687530517578125 179.8312530517578125 180.850006103515625 181.9250030517578125 182.4875030517578125 186.96875 186.8874969482421875 192.0124969482421875 194.399993896484375 203.0124969482421875 207.412506103515625 210.725006103515625 213.037506103515625 213.818756103515625 216.912506103515625 221.4875030517578125
154.287506103515625 153.0124969482421875 152.037506103515625 152.337493896484375 152.0749969482421875 150.3874969482421875 147.3000030517578125 147.34375 147.0812530517578125 148.5 154.40625 166.34375 178.306243896484375 185.4187469482421875 190.1125030517578125 191.7687530517578125 191.4562530517578125 185.9812469482421875 180.5812530517578125 172.1750030517578125 167.524993896484375 162.6687469482421875 159.03125 158.9375 159.46875 160.2312469482421875 166.1125030517578125 170.0124969482421875 171.037506103515625 172.5124969482421875 173.381256103515625 173.475006103515625 173.193756103515625 173.149993896484375 174 177.068756103515625 185.1374969482421875 188.181243896484375 192.368743896484375 198.8125 200.287506103515625 204.2687530517578125 205.7624969482421875 210.0500030517578125
148.25 148.1125030517578125 146.9562530517578125 146.9187469482421875 147.25 144.681243896484375 142.5124969482421875 140.4562530517578125 139.40625 137.0187530517578125 148.5 168.0812530517578125 179.1125030517578125 185.0500030517578125 188.625 190.118743896484375 188.3874969482421875 182.506256103515625 177.274993896484375 168.3874969482421875 165.0625 161.1062469482421875 156.6875 156.100006103515625 156.4562530517578125 158.3937530517578125 161.899993896484375 164.381256103515625 164.993743896484375 166.287506103515625 167.2375030517578125 167.587493896484375 166.006256103515625 163.087493896484375 163.912506103515625 168.537506103515625 173.681243896484375 178.193756103515625 180.625 183.9250030517578125 185.431243896484375 187.0187530517578125 193.412506103515625 198.712493896484375
142.71875 142.431243896484375 142.90625 142.381256103515625 143.600006103515625 142.2375030517578125 140.587493896484375 138.0437469482421875 137.274993896484375 135.0812530517578125 155.9250030517578125 176.125 183.1999969482421875 187.875 189.40625 189.6125030517578125 186.9499969482421875 181.8625030517578125 174.631256103515625 167.7062530517578125 162.100006103515625 158.5374908447265625 154.712493896484375 153.631256103515625 153.3312530517578125 154.212493896484375 155.2062530517578125 160.3125 161.6437530517578125 160.75 159.774993896484375 159.6750030517578125 158.868743896484375 154.600006103515625 152.25 156.493743896484375 162.743743896484375 166.1062469482421875 171.1062469482421875 172.0500030517578125 173.899993896484375 176.2687530517578125 176.993743896484375 179.056243896484375
