data/historical-monthly-weather-data/wc2.1_cruts4.09_10m_prec_1972-05.asc
ncols        51
nrows        45
xllcorner    -63.500000000000
yllcorner    -7.500000000000
cellsize     0.166666666667
NODATA_value -9999
[rows 19 to 37 of 45, columns 0 to 43 of 51]
241.5749969482421875 251.6999969482421875 258.375 263.5625 270.868743896484375 276.462493896484375 277.67498779296875 276.10626220703125 271.993743896484375 266.57501220703125 261.46875 254 245.8874969482421875 233.181243896484375 219.912506103515625 203.131256103515625 189.149993896484375 185.475006103515625 179.287506103515625 176.6687469482421875 169.8312530517578125 167.850006103515625 168.9562530517578125 170.3312530517578125 169.2937469482421875 165.1437530517578125 164.53125 165.53125 161.5812530517578125 156.600006103515625 156.118743896484375 163.6750030517578125 163.4812469482421875 161.3312530517578125 163.8874969482421875 168.6999969482421875 170.7062530517578125 170.8874969482421875 169.743743896484375 166.556243896484375 157.8562469482421875 151.931243896484375 152.2062530517578125 152.6125030517578125
225.6062469482421875 243.506256103515625 253.5124969482421875 258.587493896484375 262.875 270.993743896484375 274.79998779296875 274.60626220703125 271.10626220703125 263.84375 257.631256103515625 251.1312408447265625 240.225006103515625 228.899993896484375 214.1125030517578125 201.90625 187.0437469482421875 179.3874969482421875 177.2375030517578125 171.9812469482421875 172.912506103515625 171.975006103515625 170.3874969482421875 170.8937530517578125 170.506256103515625 166.40625 161.1875 160.3562469482421875 160.0625 160.3625030517578125 162.84375 167.0625 163.0250091552734375 160.337493896484375 161.243743896484375 165.3000030517578125 168.1437530517578125 168.662506103515625 166.118743896484375 161.375 156.8312530517578125 151.5187530517578125 148.96875 150.2937469482421875
217.287506103515625 227.693756103515625 241.306243896484375 253.006256103515625 258.131256103515625 262.70001220703125 268.73126220703125 271.96875 269.64373779296875 263.53125 256.350006103515625 247.412506103515625 236.4375 224.7937469482421875 214.681243896484375 200.8000030517578125 196.1062469482421875 186.5 182.8937530517578125 176.1374969482421875 170.337493896484375 168.931243896484375 167.8937530517578125 165.587493896484375 161.7375030517578125 160.537506103515625 162.287506103515625 161.4124908447265625 165.274993896484375 167.375 167.412506103515625 167.149993896484375 166.024993896484375 165.28125 162.8249969482421875 163.568756103515625 166.225006103515625 166.462493896484375 163.556243896484375 159.15625 155.568756103515625 150.993743896484375 148.1875 148.03125
209.4187469482421875 226.743743896484375 238.75 250.0437469482421875 255.181243896484375 258.38751220703125 256.03125 260.66876220703125 265.26251220703125 260.83123779296875 252.1062469482421875 242.8562469482421875 236.318756103515625 225.84375 215.931243896484375 204.6875 196.368743896484375 188.71875 182.59375 176.4875030517578125 172.7375030517578125 166.90625 164.431243896484375 161.3874969482421875 160.6125030517578125 158.4375 157.993743896484375 161.5187530517578125 166.006256103515625 167.774993896484375 167.243743896484375 169.774993896484375 170.662506103515625 168.7687530517578125 167.193756103515625 162.587493896484375 161.8625030517578125 163.306243896484375 163.368743896484375 158.850006103515625 153.9375 150.1062469482421875 146.9562530517578125 146.1125030517578125
198.193756103515625 216.4875030517578125 231.6999969482421875 241.2937469482421875 246.4499969482421875 247.3937530517578125 254.1875 256.625 255.5062408447265625 250.743743896484375 245.5437469482421875 242.7062530517578125 235.7375030517578125 228.5625 217.0437469482421875 206.087493896484375 197.5124969482421875 191.5812530517578125 186.3000030517578125 181.118743896484375 173.9499969482421875 168.6750030517578125 163.8249969482421875 163.3937530517578125 160.4375 155.649993896484375 157.318756103515625 161.4250030517578125 167.3312530517578125 172.90625 177.2624969482421875 181.024993896484375 181.787506103515625 178.3937530517578125 174.75 166.5812530517578125 166.7624969482421875 165.25 162.8249969482421875 158.65625 152.9562530517578125 150.1374969482421875 147.5749969482421875 144.9812469482421875
191.662506103515625 209.25 222.681243896484375 236.2624969482421875 244.243743896484375 246.7624969482421875 246.4875030517578125 249.3687591552734375 247.4812469482421875 245.225006103515625 240.2249908447265625 236.0124969482421875 233.537506103515625 226.8874969482421875 215.4875030517578125 206.712493896484375 200.8937530517578125 194.368743896484375 187.75 182.631256103515625 177.681243896484375 170.587493896484375 166.787506103515625 164.8125 161.40625 161.212493896484375 162.9499969482421875 167.8312530517578125 173.337493896484375 182.212493896484375 187.881256103515625 196.3874969482421875 195.7937469482421875 191.024993896484375 182.399993896484375 174.681243896484375 171.631256103515625 165.493743896484375 161.8125 157.556243896484375 152.693756103515625 148.743743896484375 146.09375 141.9812469482421875
191.0812530517578125 208.7375030517578125 216.5812530517578125 228.912506103515625 234.131256103515625 235.8000030517578125 235.3312530517578125 237.46875 233.4875030517578125 229.1875 231.3937530517578125 230.868743896484375 226.53125 222.0500030517578125 216.350006103515625 208.0437469482421875 202.5437469482421875 196.28125 189.681243896484375 183.631256103515625 178.9375 172.1687469482421875 168.4250030517578125 164.5500030517578125 163.65625 163.1875 169.3249969482421875 174.556243896484375 179.912506103515625 189.693756103515625 200.0625 214.46875 214.056243896484375 202.8125 191.2375030517578125 182.975006103515625 174.899993896484375 168.125 160.2062530517578125 155.131256103515625 150.8312530517578125 145.6437530517578125 141.25 138.8874969482421875
193.9812469482421875 204.056243896484375 213.6125030517578125 221.943756103515625 225.7375030517578125 227.193756103515625 226.1687469482421875 224.28125 222.5187530517578125 225.5500030517578125 226.274993896484375 223.8937530517578125 223.024993896484375 220.943756103515625 215.693756103515625 210.037506103515625 203.118743896484375 195.600006103515625 192.9562530517578125 186.3125 179.725006103515625 174.131256103515625 170.3562469482421875 169.568756103515625 168.7312469482421875 168.90625 174.9499969482421875 180.4812469482421875 187.0124969482421875 195.024993896484375 208.462493896484375 222.912506103515625 225.78125 210.087493896484375 195.056243896484375 184.8312530517578125 178.537506103515625 169.3249969482421875 161.162506103515625 155.7062530517578125 150.3249969482421875 145.006256103515625 140.493743896484375 136.2312469482421875
199.024993896484375 204.8937530517578125 210.7937469482421875 213.725006103515625 216.9562530517578125 219.0812530517578125 218.8187408447265625 215.2437591552734375 215.6875 218.5187530517578125 218.524993896484375 217.1687469482421875 217.693756103515625 216.462493896484375 213.6437530517578125 206.6437530517578125 202.875 199.600006103515625 196.7937469482421875 191.1374969482421875 184.431243896484375 177.381256103515625 175.3874969482421875 173.787506103515625 173.6750030517578125 172.931243896484375 179.475006103515625 185.1687469482421875 192.4375 200.8625030517578125 212.21875 223.5500030517578125 222.2375030517578125 209.0625 197.4562530517578125 187.2062530517578125 178.412506103515625 171.399993896484375 164.493743896484375 156.6875 149.8125 145.6374969482421875 141.006256103515625 137.256256103515625
201.2624969482421875 205.6062469482421875 206.7624969482421875 207.7375030517578125 208.6750030517578125 206.1875 204.3000030517578125 205.46875 209.7375030517578125 209.962493896484375 210.818756103515625 212.0812530517578125 212.8312530517578125 214.9875030517578125 214.537506103515625 211.8249969482421875 208.149993896484375 203.3562469482421875 199.2624969482421875 194.318756103515625 188.1062469482421875 180.9375 177.587493896484375 176.0187530517578125 175.7687530517578125 173.787506103515625 180.65625 188.287506103515625 195.4375 202.087493896484375 211.5500030517578125 218.03125 213.90625 203.8937530517578125 196.21875 187.0625 179.4187469482421875 171.149993896484375 164.21875 156.337493896484375 147.125 141.399993896484375 139.5749969482421875 138.9562530517578125
207.6687469482421875 208.4812469482421875 205.287506103515625 201.0812530517578125 199.1374969482421875 199.1062469482421875 197.4187469482421875 200.131256103515625 202.4875030517578125 201.649993896484375 203.8562469482421875 206.5187530517578125 209.0749969482421875 212.899993896484375 213.4875030517578125 212.337493896484375 209.625 208.431243896484375 203.3249969482421875 196.3312530517578125 190.5812530517578125 185.306243896484375 181.3874969482421875 178.837493896484375 176.3937530517578125 178.21875 182.212493896484375 186.4812469482421875 192.9187469482421875 198.875 206.4187469482421875 209.7937469482421875 205.8000030517578125 199.4499969482421875 193.4375 184.28125 180.84375 173.850006103515625 166.1374969482421875 161.7687530517578125 155.162506103515625 148.412506103515625 143.25 139.6875
214.149993896484375 210.850006103515625 203.7312469482421875 199.3312530517578125 196.6062469482421875 194.931243896484375 194.868743896484375 194.0749969482421875 196.1062469482421875 197.225006103515625 199.225006103515625 201.212493896484375 207.1999969482421875 208.774993896484375 210.5500030517578125 212.4562530517578125 212.462493896484375 209.5437469482421875 206.037506103515625 201.412506103515625 193.2624969482421875 186.8125 183.0187530517578125 178.8249969482421875 176.556243896484375 179.8937530517578125 182.537506103515625 185.0812530517578125 190.774993896484375 194.4499969482421875 200.806243896484375 201.318756103515625 197.625 193.243743896484375 187.975006103515625 179.78125 177.006256103515625 173.8125 169.556243896484375 164.337493896484375 160.9562530517578125 153.6687469482421875 147.7062530517578125 141.587493896484375
215.662506103515625 209.3937530517578125 201.9812469482421875 197.4562530517578125 195.1437530517578125 191.2375030517578125 192.6374969482421875 188.6125030517578125 189.787506103515625 190.2937469482421875 192.0124969482421875 193.681243896484375 199.3125 204.681243896484375 207.024993896484375 210.943756103515625 209.225006103515625 206.2937469482421875 203.34375 199.8249969482421875 191.46875 185.84375 181.556243896484375 178.8625030517578125 179.743743896484375 180.162506103515625 182.4875030517578125 183.431243896484375 185.6750030517578125 189.2062530517578125 190.53125 191.53125 187.71875 184.306243896484375 181.3874969482421875 175.4875030517578125 172.631256103515625 171.1812591552734375 167.287506103515625 166.5437469482421875 163.5625 157.7062530517578125 152.3874969482421875 148.850006103515625
216.3625030517578125 210.9562530517578125 203.4875030517578125 200.149993896484375 195.412506103515625 191.125 190.46875 187.34375 187.3312530517578125 188.3312530517578125 192.3249969482421875 193.7937469482421875 198.09375 203.9375 205.6437530517578125 206.6999969482421875 205.8937530517578125 205.725006103515625 200.59375 196.962493896484375 188.7312469482421875 184.5 179.368743896484375 178.65625 178.962493896484375 179.8874969482421875 180.274993896484375 181.3562469482421875 181.243743896484375 182.256256103515625 183.287506103515625 182.5 177.899993896484375 177.7312469482421875 174.7687530517578125 172.6687469482421875 168.368743896484375 167.506256103515625 164.6062469482421875 166.368743896484375 163.8874969482421875 160.9250030517578125 157.1750030517578125 155.618743896484375
217.056243896484375 210.6750030517578125 206.4187469482421875 202.524993896484375 199.3687591552734375 193.4812469482421875 190.15625 185.725006103515625 183.912506103515625 183.756256103515625 186 190.8562469482421875 193.6687469482421875 196.84375 200.568756103515625 204.1687469482421875 204.9499969482421875 203.493743896484375 196.868743896484375 191.537506103515625 186.6374969482421875 183.068756103515625 178.4375 176.1125030517578125 176.7312469482421875 176.431243896484375 175.7687530517578125 175.6750030517578125 176.787506103515625 176.34375 175.912506103515625 174.1062469482421875 170.9375 168.6875 167.537506103515625 165.40625 163.7312469482421875 160.6999969482421875 161.193756103515625 162.131256103515625 160.537506103515625 160.787506103515625 160.9562530517578125 160.6999969482421875
215.306243896484375 209.587493896484375 206.743743896484375 204.75 202.0187530517578125 195.6750030517578125 188.243743896484375 183.7687530517578125 178.0812530517578125 177.6875 180.6750030517578125 185.725006103515625 191.8125 196.9187469482421875 199.7937469482421875 202.21875 202.193756103515625 200.4812469482421875 194.181243896484375 186.662506103515625 182.337493896484375 177.6374969482421875 174.881256103515625 172.493743896484375 172.2375030517578125 171.9187469482421875 173.1062469482421875 173.443756103515625 173.4499969482421875 172.5437469482421875 169.712493896484375 166.8125 162.1687469482421875 160.881256103515625 155.756256103515625 155.3249969482421875 152.7624969482421875 155.2375030517578125 156.0749969482421875 156.337493896484375 155.9499969482421875 155.3562469482421875 156.5625 158.899993896484375
215.0124969482421875 211.6062469482421875 207.15625 204.28125 200.506256103515625 194.037506103515625 185.774993896484375 181.475006103515625 176.056243896484375 172.556243896484375 174.25 183.381256103515625 192.1875 195.774993896484375 199.181243896484375 199.774993896484375 198.6374969482421875 194.118743896484375 189.9812469482421875 182.556243896484375 178.7062530517578125 174.5187530517578125 171.28125 169.649993896484375 168.40625 167.2312469482421875 170.0687408447265625 170.6750030517578125 168.4562530517578125 166.3874969482421875 163.712493896484375 160.2312469482421875 155.4250030517578125 150.818756103515625 147.1875 145.899993896484375 148.65625 147.506256103515625 148.649993896484375 151.7062530517578125 151.024993896484375 153.024993896484375 153.306243896484375 155.71875
215.556243896484375 214.03125 209.381256103515625 206.0812530517578125 203.1750030517578125 195.0187530517578125 187.3625030517578125 179.96875 173.3312530517578125 165.0749969482421875 173.337493896484375 190.46875 197.037506103515625 197.9562530517578125 198.743743896484375 197.7312469482421875 193.8249969482421875 188.524993896484375 184.3249969482421875 176.212493896484375 173.53125 170.149993896484375 165.9562530517578125 164.287506103515625 163.3874969482421875 163.9562530517578125 165.0625 164.9562530517578125 162.9499969482421875 161.0749969482421875 158.8249969482421875 155.8937530517578125 150.4250030517578125 143.818756103515625 140.8000030517578125 141.4875030517578125 142.618743896484375 143.3249969482421875 143.431243896484375 144.3937530517578125 144.03125 144.46875 148.693756103515625 152.149993896484375
217.34375 215.6374969482421875 213.2750091552734375 209.149993896484375 207.3249969482421875 200.1125030517578125 192.46875 183.7312469482421875 176.868743896484375 168.34375 187.693756103515625 204.712493896484375 205.412506103515625 203.5437469482421875 200.78125 197.100006103515625 191.1062469482421875 186.2312469482421875 179.712493896484375 173.40625 168.193756103515625 165.037506103515625 161.399993896484375 159.59375 158.4499969482421875 158.3874969482421875 157.568756103515625 160.774993896484375 160.0500030517578125 156.381256103515625 152.5500030517578125 149.5812530517578125 145.34375 138.0625 132.787506103515625 133.875 136.631256103515625 137.0124969482421875 139.5437469482421875 138.8937530517578125 139.0625 140.2687530517578125 140.25 141.431243896484375
