data/historical-monthly-weather-data/wc2.1_cruts4.09_10m_prec_1981-04.asc
ncols        51
nrows        45
xllcorner    -63.500000000000
yllcorner    -7.500000000000
cellsize     0.166666666667
NODATA_value -9999
[rows 0 to 18 of 45, columns 0 to 43 of 51]
311.61248779296875 322.225006103515625 324.125 331.29998779296875 332.475006103515625 326.475006103515625 318.693756103515625 305.71875 295.45623779296875 289.850006103515625 288.024993896484375 285.79998779296875 282.125 276.4375 271.53125 267.462493896484375 264.84375 259.975006103515625 258.087493896484375 256.48126220703125 255.8625030517578125 256.631256103515625 256.6875 259.20001220703125 259.76873779296875 263.29998779296875 267.83123779296875 274.5625 279.63751220703125 281.4375 283.175018310546875 284.9375 284.53125 285.600006103515625 286.162506103515625 286.61248779296875 284.943756103515625 283.16876220703125 282.756256103515625 280.48748779296875 277.91876220703125 274.149993896484375 267.67498779296875 263.14373779296875
320.91876220703125 331.1875 341.649993896484375 350.83123779296875 358.256256103515625 350.475006103515625 340.10626220703125 331.73748779296875 322.60626220703125 315.3125 311.381256103515625 305.90625 300.412506103515625 293.65625 285.868743896484375 281.306243896484375 275.63751220703125 271.943756103515625 269.42498779296875 266.431243896484375 265.14373779296875 264.524993896484375 265.600006103515625 266.01251220703125 267.45623779296875 269.506256103515625 273.40625 280.01251220703125 283.1875 283.125 284.20623779296875 286.056243896484375 285.431243896484375 286.76873779296875 285.943756103515625 285.67498779296875 285.67498779296875 284.006256103515625 283.16876220703125 280.26251220703125 277.11248779296875 274.162506103515625 268.42498779296875 262.73126220703125
321.38751220703125 333.75 342.181243896484375 353.100006103515625 361.76251220703125 357.82501220703125 352.20623779296875 347.837493896484375 344.09375 337.33123779296875 330.33123779296875 322.256256103515625 315.881256103515625 306.243743896484375 297.91876220703125 291.837493896484375 285.41876220703125 281.57501220703125 277.818756103515625 275.35626220703125 274.206268310546875 273.662506103515625 272.475006103515625 271.75 272.64373779296875 273.57501220703125 278.29998779296875 281.46875 282.725006103515625 282.712493896484375 282.306243896484375 281.962493896484375 282.625 282.274993896484375 279.39373779296875 277.287506103515625 277.600006103515625 276.57501220703125 274.4375 271.5625 268.350006103515625 264.600006103515625 260.04376220703125 255.8562469482421875
315.23126220703125 327.568756103515625 339.57501220703125 347.337493896484375 355.13751220703125 357.51873779296875 357.881256103515625 358.693756103515625 360.149993896484375 357.76251220703125 349.57501220703125 338.125 327.306243896484375 317.85626220703125 308.41876220703125 301.662506103515625 295.54376220703125 291.024993896484375 286.912506103515625 284.381256103515625 283.64373779296875 282.13751220703125 278.725006103515625 277.662506103515625 276.9375 275.181243896484375 280.04376220703125 281.537506103515625 282.15625 282.649993896484375 281.10626220703125 279.48748779296875 276.42498779296875 274.1875 270.14373779296875 268.79998779296875 267.256256103515625 265.13751220703125 264.08123779296875 259.78125 256.36248779296875 254.556243896484375 249.681243896484375 245.3937530517578125
323.79376220703125 329.993743896484375 331.975006103515625 338.86248779296875 349.14373779296875 354.318756103515625 357.006256103515625 363.26251220703125 370.8125 374.649993896484375 364.125 346.95001220703125 335.712493896484375 326.693756103515625 316.881256103515625 309.4375 302.287506103515625 298.01873779296875 293.649993896484375 290.57501220703125 290.03125 286.98748779296875 283.131256103515625 282.350006103515625 278.04376220703125 275.087493896484375 277.506256103515625 281.681243896484375 283.850006103515625 281.524993896484375 279.01251220703125 273.70623779296875 269.006256103515625 265.806243896484375 261.350006103515625 258.60626220703125 254.993743896484375 252.0812530517578125 250.9375 246.8125 244.1999969482421875 240.649993896484375 237.5812530517578125 235.6062469482421875
321.787506103515625 328.568756103515625 330.649993896484375 329.9375 338.5625 345.95001220703125 349.793731689453125 357.037506103515625 365.506256103515625 373.243743896484375 360.60626220703125 345.443756103515625 336.23748779296875 328.6875 319.149993896484375 312.875 304.51251220703125 299.9375 297.662506103515625 295.274993896484375 292.26873779296875 288.11248779296875 285.73126220703125 282.556243896484375 278.51251220703125 275.61248779296875 277.131256103515625 280.212493896484375 281.67498779296875 278.4375 274.943756103515625 271.13751220703125 263.45623779296875 258.64373779296875 254.5124969482421875 249.8000030517578125 246.399993896484375 242.274993896484375 239.8312530517578125 236.4562530517578125 230.743743896484375 227.09375 224.774993896484375 223.337493896484375
320.70623779296875 325.993743896484375 327.818756103515625 325.912506103515625 325.431243896484375 328.306243896484375 332.39373779296875 338.34375 342.26251220703125 344.01873779296875 342.23748779296875 336.78125 333.912506103515625 327.83123779296875 320.54376220703125 316.181243896484375 309.100006103515625 301.606231689453125 297.4749755859375 296.26873779296875 293.837493896484375 290.23748779296875 286.6875 280.92498779296875 276.943756103515625 274.074981689453125 275.98126220703125 277.04376220703125 277.61248779296875 274.45001220703125 271.318756103515625 266.399993896484375 259.024993896484375 251.2624969482421875 245.537506103515625 239.818756103515625 233.9250030517578125 229.212493896484375 227.537506103515625 222.962493896484375 214.59375 211.40625 209.556243896484375 208.149993896484375
320.318756103515625 321.90625 321.20623779296875 321.04376220703125 320.725006103515625 320.76873779296875 317.34375 313.375 309.931243896484375 311.962493896484375 320.681243896484375 325.95001220703125 328.10626220703125 326.70001220703125 322.58123779296875 317.931243896484375 311.41876220703125 303.76251220703125 297.04376220703125 296.056243896484375 294.73748779296875 291.475006103515625 286.256256103515625 280.13751220703125 276.743743896484375 271.25 272.17498779296875 273.15625 273.787506103515625 270.975006103515625 265.600006103515625 260.318756103515625 252.193756103515625 243.774993896484375 236.1374969482421875 227.2624969482421875 220.3562469482421875 213.6687469482421875 209.65625 203.600006103515625 196.4562530517578125 194.3000030517578125 192.28125 190.1999969482421875
318.625 319.73748779296875 318.33123779296875 316.243743896484375 315.337493896484375 313.3125 310.537506103515625 304.75 295.29376220703125 292.51251220703125 305.33123779296875 315.13751220703125 325 326.068756103515625 321.837493896484375 318.368743896484375 313.6875 307.381256103515625 302.61248779296875 299.306243896484375 292.243743896484375 290.243743896484375 284.28125 280.04998779296875 275.506256103515625 268.037506103515625 267.59375 268.712493896484375 268.95001220703125 265.79376220703125 261.8125 254.649993896484375 244.899993896484375 234.212493896484375 226.087493896484375 217.2375030517578125 209.899993896484375 201.34375 196.40625 189.59375 182.524993896484375 179.412506103515625 177.962493896484375 176.65625
316.39373779296875 314.92498779296875 313.96875 312.14373779296875 309.95001220703125 308.59375 307.01873779296875 302.20623779296875 298.875 300.681243896484375 309.368743896484375 315.568756103515625 323.274993896484375 325.350006103515625 323.287506103515625 319.081268310546875 315.04376220703125 310.33123779296875 305.774993896484375 304.71875 296.73748779296875 290.118743896484375 282.8125 279.45623779296875 271.587493896484375 262.29376220703125 261.087493896484375 261.54998779296875 262.443756103515625 261.162506103515625 254.975006103515625 246.6437530517578125 235.9562530517578125 225.100006103515625 215.837493896484375 207.4187469482421875 198.100006103515625 189.2062530517578125 183.25 177.125 170.806243896484375 167.6999969482421875 165.2624969482421875 161.625
314.318756103515625 312.92498779296875 311.024993896484375 308.550018310546875 304.668731689453125 304.1875 303.837493896484375 301.23748779296875 302.493743896484375 306.787506103515625 315.125 322.868743896484375 324.806243896484375 326.381256103515625 322.443756103515625 317.756256103515625 314.600006103515625 311.287506103515625 308.681243896484375 306.85626220703125 302.23748779296875 293.5 282.54998779296875 270.568756103515625 265.600006103515625 256.58123779296875 253.1750030517578125 252.600006103515625 251.9875030517578125 250.5437469482421875 244.6687469482421875 236.5 226.037506103515625 215 205.3562469482421875 194.9562530517578125 185.34375 176.568756103515625 170.743743896484375 164.568756103515625 157.881256103515625 154.5124969482421875 153 150.431243896484375
311.15625 308.79998779296875 306.54376220703125 307.193756103515625 304.88751220703125 302.90625 304.431243896484375 305.193756103515625 308.95001220703125 314.38751220703125 322.58123779296875 329.993743896484375 326.875 324.493743896484375 319.899993896484375 315.743743896484375 312.01873779296875 308.868743896484375 307.087493896484375 306.10626220703125 300.46875 291.40625 280.70001220703125 271.35626220703125 260.006256103515625 247.306243896484375 243.149993896484375 240.9875030517578125 240.1125030517578125 236.993743896484375 231.881256103515625 225.100006103515625 214.4375 204.193756103515625 194.8874969482421875 185.78125 177.5500030517578125 169.7062530517578125 162.6750030517578125 155.46875 149.3937530517578125 146.4875030517578125 144.25 140.118743896484375
308.91876220703125 306.087493896484375 304.23748779296875 303.76873779296875 303.13751220703125 304.84375 305.118743896484375 305.587493896484375 309.368743896484375 317.33123779296875 325.225006103515625 331.32501220703125 328.212493896484375 317.837493896484375 312.79376220703125 310.787506103515625 306.181243896484375 303.087493896484375 302.63751220703125 300.26251220703125 294.475006103515625 283.84375 270.66876220703125 261.04998779296875 244.818756103515625 231.443756103515625 229.7062530517578125 227.34375 227.1687469482421875 223.65625 219.0124969482421875 212.631256103515625 202.462493896484375 192.9250030517578125 183.662506103515625 176.5812530517578125 169.556243896484375 162.5187530517578125 156.34375 149.4187469482421875 141.212493896484375 139.0437469482421875 135.5437469482421875 131.631256103515625
305.475006103515625 302.4375 299.649993896484375 298.79998779296875 300.14373779296875 301.70623779296875 301.88751220703125 303.225006103515625 308.600006103515625 315.1875 319.899993896484375 320.67498779296875 318.11248779296875 310.899993896484375 302.98126220703125 301.993743896484375 297.61248779296875 292.86248779296875 292.787506103515625 289.11248779296875 282.04998779296875 269.956268310546875 257.912506103515625 245.006256103515625 231.537506103515625 220.118743896484375 217.1125030517578125 215.1437530517578125 213.8125 210.975006103515625 206.618743896484375 201.399993896484375 190.53125 181.4875030517578125 173.625 167.9812469482421875 161.881256103515625 156.4562530517578125 151.3937530517578125 143.8249969482421875 134.149993896484375 129.368743896484375 128.1187591552734375 127.6999969482421875
300.381256103515625 297.9124755859375 296.006256103515625 295.725006103515625 297.70623779296875 299.04376220703125 300.381256103515625 301.58123779296875 304.75 308.712493896484375 311.837493896484375 311.26873779296875 306.85626220703125 299.92498779296875 291.087493896484375 286.64373779296875 283.70623779296875 282.681243896484375 282.024993896484375 278.868743896484375 270.08123779296875 259.89373779296875 246.8000030517578125 234.5625 222.431243896484375 212.975006103515625 209.212493896484375 207.3249969482421875 205.8625030517578125 202.318756103515625 196.8499908447265625 189.881256103515625 181.4250030517578125 171.8937530517578125 163.7249908447265625 158.256256103515625 155.5812530517578125 152.6750030517578125 147.475006103515625 138.7062530517578125 129.4812469482421875 126.6062469482421875 127.2312469482421875 125.5625
293.493743896484375 291.212493896484375 291.45001220703125 292.662506103515625 294.17498779296875 295.537506103515625 296.649993896484375 298.0625 302.20623779296875 304.28125 305.48126220703125 303.09375 298.10626220703125 289.537506103515625 279.01873779296875 268.75 269.45001220703125 272.34375 270.91876220703125 268.63751220703125 260.23748779296875 248.943756103515625 236 225.1062469482421875 213.9499969482421875 206.1687469482421875 201.568756103515625 199.931243896484375 198.1687469482421875 195.3125 191.6125030517578125 184.631256103515625 172.506256103515625 162.21875 153.0437469482421875 151.662506103515625 149.65625 147.6687469482421875 143.1062469482421875 136.5749969482421875 128.537506103515625 126.6437530517578125 125.53125 123.03749847412109375
285.181243896484375 284.587493896484375 286.318756103515625 288.45001220703125 289.86248779296875 291.212493896484375 293.95001220703125 295.33123779296875 297.1875 299.03125 298.756256103515625 295.46875 288.931243896484375 280.318756103515625 271.818756103515625 264.39373779296875 258.537506103515625 259.418731689453125 260.693756103515625 259.90625 251.6687469482421875 241.5812530517578125 229.149993896484375 216.5500030517578125 206.4562530517578125 198.649993896484375 194.806243896484375 192.8000030517578125 191.743743896484375 190.03125 186.350006103515625 179.993743896484375 168.587493896484375 158.0187530517578125 152.0437469482421875 148.71875 147.375 146.21875 143.90625 136.587493896484375 129.037506103515625 126.44374847412109375 123.2375030517578125 120.4187469482421875
274.65625 276.58123779296875 278.5 282.82501220703125 284.65625 286.931243896484375 290.20001220703125 290.26873779296875 291.48126220703125 291.631256103515625 289.90625 285.868743896484375 279.118743896484375 272.17498779296875 264.76251220703125 258.88751220703125 252.712493896484375 245.84375 250.1437530517578125 250.493743896484375 245.056243896484375 235.4187469482421875 224.1875 212.368743896484375 203.431243896484375 196.162506103515625 190.3249969482421875 189.78125 189.306243896484375 187.1687469482421875 181.2687530517578125 170.8687591552734375 163.587493896484375 155.868743896484375 148.8937530517578125 147.318756103515625 145.7312469482421875 143.875 140.8562469482421875 136.3249969482421875 128.1687469482421875 124.8125 121.4562530517578125 118.08750152587890625
263.09375 266.95001220703125 271.056243896484375 274.71875 277.600006103515625 281.037506103515625 283.46875 285.631256103515625 286.943756103515625 286.32501220703125 282.693756103515625 275.23748779296875 269.006256103515625 264.14373779296875 254.9812469482421875 249.28125 244.2375030517578125 238.993743896484375 237.21875 238.1374969482421875 238.2062530517578125 232.15625 215.8000030517578125 208.0500030517578125 201.7125091552734375 196.8625030517578125 193.056243896484375 190.6875 190.1687469482421875 187.181243896484375 181.46875 172.1750030517578125 161.8125 149.625 142.131256103515625 140.875 139.96875 137.9375 136.725006103515625 132.162506103515625 126.80625152587890625 123.46875 119.5 115.9499969482421875
