data/historical-monthly-weather-data/wc2.1_cruts4.09_10m_prec_1969-02.asc
ncols        51
nrows        45
xllcorner    -63.500000000000
yllcorner    -7.500000000000
cellsize     0.166666666667
NODATA_value -9999
[rows 20 to 39 of 45, columns 0 to 43 of 51]
134.28125 137.850006103515625 142.537506103515625 147.7312469482421875 154.6750030517578125 161.84375 169.712493896484375 177.9375 187.0124969482421875 195.7687530517578125 203.431243896484375 209.6125030517578125 216.09375 221.8312530517578125 214.9499969482421875 202.256256103515625 191.6999969482421875 184.8125 183.024993896484375 181.587493896484375 179.96875 177.5500030517578125 174.587493896484375 173.5 173.0625 173.5625 177.34375 181.6125030517578125 186.8937530517578125 193.649993896484375 196.4499969482421875 194.0749969482421875 182.1062469482421875 166.3249969482421875 152.25 165.40625 189 209.318756103515625 224.006256103515625 233.3937530517578125 237.9375 240.1125030517578125 242.625 244.59375
128.306243896484375 132.975006103515625 138.243743896484375 144.71875 151.5187530517578125 159.125 167.149993896484375 175.556243896484375 184.4375 191.506256103515625 196.7687530517578125 199.993743896484375 203.1687469482421875 205.2375030517578125 203.2937469482421875 196.881256103515625 190.087493896484375 185.4437408447265625 183.0500030517578125 181.662506103515625 178.493743896484375 175.943756103515625 174.84375 173.8625030517578125 173.993743896484375 175.65625 180.524993896484375 185.53125 191.881256103515625 200.1062469482421875 205.625 204.318756103515625 193.725006103515625 181.9250030517578125 174.556243896484375 183.78125 201.381256103515625 216.8312530517578125 227.2687530517578125 233.7937469482421875 237.875 240.5749969482421875 242.662506103515625 244.0812530517578125
124.3562469482421875 130.125 135.212493896484375 141.7687530517578125 148.5187530517578125 156.7687530517578125 164.131256103515625 172.756256103515625 181.8000030517578125 186.4499969482421875 188.681243896484375 188.8125 188.8000030517578125 190.556243896484375 192.2624969482421875 190.5187530517578125 186.8249969482421875 184.274993896484375 182 179.693756103515625 176.912506103515625 174.118743896484375 172.5500030517578125 171.8625030517578125 173.25 176.3249969482421875 181.8312530517578125 187.899993896484375 195.7312469482421875 205.8625030517578125 214.3874969482421875 218.100006103515625 208.9375 200.78125 199.71875 208.931243896484375 220.2687530517578125 229.118743896484375 234.2937469482421875 236.0625 237.975006103515625 240.2687530517578125 241.9812469482421875 243.431243896484375
122.2375030517578125 127.8249969482421875 132.931243896484375 138.4562530517578125 145.0749969482421875 153.28125 161.337493896484375 169.131256103515625 177.4250030517578125 180.806243896484375 182.21875 181.5749969482421875 178.693756103515625 182.3937530517578125 186.149993896484375 186.46875 184.806243896484375 183.8625030517578125 181.931243896484375 179.2937469482421875 175.7312469482421875 172.3312530517578125 170.068756103515625 169.912506103515625 172.2312469482421875 175.21875 182.3937530517578125 190.1374969482421875 198.5124969482421875 209.8874969482421875 220.125 225.837493896484375 220.46875 216.25 218.4250030517578125 228.475006103515625 235.962493896484375 237.625 238.037506103515625 237.3249969482421875 237.7624969482421875 238.6875 240.1999969482421875 242.3625030517578125
122.4499969482421875 127.0187530517578125 131.4187469482421875 136.806243896484375 143.4875030517578125 150.4875030517578125 157.993743896484375 165.03125 171.3562469482421875 175.4375 177.618743896484375 178.2312469482421875 178.818756103515625 181.712493896484375 183.8312530517578125 185.056243896484375 185.1125030517578125 184.493743896484375 182.71875 179.8249969482421875 175.8312530517578125 171.068756103515625 167.337493896484375 166.881256103515625 169.318756103515625 175.475006103515625 182.912506103515625 192.03125 200.899993896484375 211.962493896484375 221.693756103515625 227.8874969482421875 226.7312469482421875 225.681243896484375 228.1687469482421875 233.649993896484375 237.9499969482421875 237.868743896484375 237.0749969482421875 235.912506103515625 235.71875 236.193756103515625 237.9875030517578125 241.681243896484375
125.6750030517578125 129.4875030517578125 132.5 136.96875 142.6374969482421875 149.100006103515625 155.225006103515625 161.3625030517578125 167.024993896484375 171.381256103515625 174.399993896484375 177 180.0124969482421875 182.7062530517578125 184.8000030517578125 185.78125 186.3000030517578125 185.875 184.7937469482421875 181.837493896484375 176.8874969482421875 170.4499969482421875 164.78125 162.8625030517578125 167.75 175.625 185.475006103515625 194.212493896484375 203.506256103515625 213.375 222.3125 229.087493896484375 229.6687469482421875 230.0437469482421875 231.875 234.4499969482421875 236.193756103515625 235.7687530517578125 233.71875 232.6374969482421875 232.399993896484375 233.181243896484375 234.59375 238.756256103515625
129.912506103515625 132.5625 134.8625030517578125 138.975006103515625 143.3625030517578125 148.412506103515625 154.0187530517578125 158.7062530517578125 163.875 168.662506103515625 172.6125030517578125 175.96875 179.818756103515625 183.381256103515625 185.693756103515625 187.912506103515625 188.9875030517578125 189.318756103515625 188.4250030517578125 185.587493896484375 180.181243896484375 173.568756103515625 166.274993896484375 163.28125 170.5500030517578125 179.3625030517578125 189.2062530517578125 198.318756103515625 206.90625 216.131256103515625 224.96875 230.6750030517578125 231.3874969482421875 233.1750030517578125 233.125 234.5625 235.1999969482421875 233.6062469482421875 232.118743896484375 230.6875 229.9875030517578125 230.75 232.318756103515625 236.493743896484375
134.4562530517578125 135.5124969482421875 137.7062530517578125 140.8562469482421875 144.162506103515625 147.96875 152.9812469482421875 157.9187469482421875 162.53125 167.34375 171.1374969482421875 174.943756103515625 178.9375 182.868743896484375 186.381256103515625 189.8312530517578125 191.8562469482421875 193.899993896484375 193.4875030517578125 191.7375030517578125 187.181243896484375 181.0187530517578125 176.337493896484375 174.6062469482421875 178.8249969482421875 186.412506103515625 195.3874969482421875 204.131256103515625 212.125 220.71875 228.743743896484375 234.7687530517578125 236.1437530517578125 235.318756103515625 234.100006103515625 234.631256103515625 233.40625 232.2375030517578125 230.2062530517578125 228.09375 227.15625 228.8625030517578125 231 236.5187530517578125
138.462493896484375 138.8000030517578125 140.1750030517578125 142.65625 145.46875 148.59375 152.8312530517578125 157.0625 161.6374969482421875 166.318756103515625 170.149993896484375 174.09375 178.056243896484375 183.0625 187.881256103515625 193.0500030517578125 197.0437469482421875 199.2062530517578125 200.6437530517578125 199.4562530517578125 195.9875030517578125 190.7375030517578125 188.149993896484375 187.506256103515625 189.681243896484375 195.0999908447265625 203.431243896484375 211.40625 219.7562408447265625 227.462493896484375 233.8249969482421875 239.743743896484375 239.462493896484375 237.756256103515625 236.2375030517578125 234.962493896484375 233.875 232.25 231.0124969482421875 227.78125 224.618743896484375 226.1062469482421875 230.9499969482421875 239.65625
144.3312530517578125 143.4875030517578125 144.287506103515625 145.8249969482421875 148.375 150.8937530517578125 153.8937530517578125 157.2624969482421875 160.9812469482421875 165.537506103515625 169.65625 174.712493896484375 179.7312469482421875 185.6687469482421875 191.493743896484375 196.4499969482421875 201.5812530517578125 205.6999969482421875 207.756256103515625 206.5187530517578125 203.162506103515625 199.6999969482421875 198.1687469482421875 198.0437469482421875 200.03125 204.96875 212.4250030517578125 219.662506103515625 227.337493896484375 233.5812530517578125 239.9187469482421875 245.2687530517578125 244.21875 242.787506103515625 240.6999969482421875 239.5437469482421875 237.34375 235.9875030517578125 233.3937530517578125 229.943756103515625 229.4250030517578125 232.912506103515625 237.8249969482421875 247.6374969482421875
149.350006103515625 147.931243896484375 147.631256103515625 148.818756103515625 150.381256103515625 152.537506103515625 154.7937469482421875 157.600006103515625 160.9625091552734375 164.881256103515625 169.9562530517578125 176.193756103515625 182.743743896484375 188.6374969482421875 194.4812469482421875 200.59375 206.5625 211.537506103515625 214.8937530517578125 213.71875 210.693756103515625 207.587493896484375 206.34375 206.9875030517578125 209.5 214.693756103515625 221.493743896484375 228.625 235.71875 240.912506103515625 246.181243896484375 250.912506103515625 250.931243896484375 249.8937530517578125 248.225006103515625 245.287506103515625 242.9875030517578125 241.84375 238.631256103515625 234.4375 234.662506103515625 240.7312469482421875 247.0187530517578125 254.2624969482421875
152.7937469482421875 151.1062469482421875 150.631256103515625 151.4875030517578125 152.287506103515625 153.5124969482421875 155.3625030517578125 156.96875 159.96875 164.3249969482421875 169.350006103515625 176.7375030517578125 184.5625 192.006256103515625 198.318756103515625 205.274993896484375 210.006256103515625 214.4375 217.600006103515625 218.0749969482421875 216.3125 214.625 213.3874969482421875 215.1437530517578125 218.774993896484375 223.8562469482421875 230.125 237.024993896484375 243.975006103515625 249.2312469482421875 253.881256103515625 257.600006103515625 257.90625 257.006256103515625 255.84375 252.84375 250.3937530517578125 248.162506103515625 244.3937530517578125 242.71875 245.1062469482421875 251.681243896484375 258.26251220703125 266.41876220703125
157.881256103515625 156.3312530517578125 155.5437469482421875 155.2937469482421875 154.7874908447265625 155.1437530517578125 155.5500030517578125 156.5812530517578125 159.743743896484375 164.274993896484375 170.443756103515625 178.7937469482421875 188.6875 197.881256103515625 204.431243896484375 209.9375 214.087493896484375 218.631256103515625 220.712493896484375 221.65625 221.21875 219.7375030517578125 218.943756103515625 220.662506103515625 224.506256103515625 229.5749969482421875 235.7312469482421875 243.40625 250.6624908447265625 255.725006103515625 261.21875 265.100006103515625 265.568756103515625 266.13751220703125 266.368743896484375 264.60626220703125 262.193756103515625 258.9375 255.6750030517578125 257.28125 260.0625 266.59375 274.40625 284.056243896484375
163.5999908447265625 161.59375 159.975006103515625 159.024993896484375 157.475006103515625 156.375 155.8562469482421875 156.1999969482421875 158.28125 162.818756103515625 169.6062469482421875 180.4499969482421875 192.9375 203.5 210.0500030517578125 215.0124969482421875 218.6062469482421875 222.2687530517578125 224.162506103515625 225.212493896484375 224.5812530517578125 223.15625 222.9749908447265625 224.743743896484375 228.7312469482421875 233.75 240.4375 248.1062469482421875 256.25 262.5625 268.76251220703125 273.54998779296875 275.75 276.931243896484375 277.07501220703125 276.225006103515625 274 271.29376220703125 269.71875 271.524993896484375 273.850006103515625 280.91876220703125 291.087493896484375 302.08123779296875
169.256256103515625 167.4375 165.03125 162.381256103515625 160.1750030517578125 158.225006103515625 156.125 155.125 156.3125 160.3125 168.40625 182.4250030517578125 197.8249969482421875 210.15625 216.0250091552734375 220.1750030517578125 222.537506103515625 225.2624969482421875 227.6125030517578125 228.087493896484375 228.162506103515625 226.318756103515625 225.8312530517578125 227.225006103515625 231.600006103515625 236.181243896484375 243.899993896484375 252.662506103515625 261.462493896484375 268.943756103515625 275.337493896484375 282.350006103515625 285.34375 287.875 288.787506103515625 287.42498779296875 284.943756103515625 285.037506103515625 284.756256103515625 284.831268310546875 287.162506103515625 293.15625 302.6875 313.67498779296875
176.46875 174.25 170.8312530517578125 166.8562469482421875 163.412506103515625 161.350006103515625 158.681243896484375 156.59375 156.6875 160.0625 169.212493896484375 184.618743896484375 201.443756103515625 214.493743896484375 220.4250030517578125 224.4187469482421875 227.2687530517578125 229.568756103515625 230.3625030517578125 231.3562469482421875 230.8625030517578125 229.7062530517578125 228.4187469482421875 230.256256103515625 233.4562530517578125 237.9187469482421875 245.993743896484375 256.212493896484375 265.524993896484375 273.4375 281.568756103515625 289.662506103515625 294.399993896484375 298.193756103515625 299.131256103515625 297.475006103515625 298.037506103515625 297.04376220703125 296.287506103515625 297.693756103515625 301.037506103515625 305.556243896484375 312.54998779296875 322.88751220703125
184.6875 181.725006103515625 176.881256103515625 172.962493896484375 168.4562530517578125 165.818756103515625 162.774993896484375 159.8249969482421875 158.287506103515625 157.7624969482421875 169.96875 189.806243896484375 205.5500030517578125 216.6750030517578125 223.5500030517578125 227.7375030517578125 230.837493896484375 232.787506103515625 234.1875 234.1750030517578125 232.899993896484375 231.0500030517578125 229.75 231.3312530517578125 234.056243896484375 238.725006103515625 247.3000030517578125 257.64373779296875 268.29376220703125 277.256256103515625 286.5625 295.65625 302.431243896484375 307.48126220703125 310.26251220703125 310.881256103515625 310.10626220703125 309.243743896484375 308.76251220703125 309.337493896484375 311.100006103515625 315.34375 321.38751220703125 329.6875
192.631256103515625 189.256256103515625 183.9250030517578125 179.037506103515625 174.399993896484375 171.4375 168.649993896484375 165.975006103515625 165.4875030517578125 163.7687530517578125 182.7312469482421875 203.15625 213.8312530517578125 221.0812530517578125 227.368743896484375 231.5 233.5 235.399993896484375 235.6750030517578125 234.71875 233.2687530517578125 230.7437591552734375 229.7624969482421875 231.131256103515625 234.118743896484375 238.8625030517578125 247.6374969482421875 258.78125 270.17498779296875 281.07501220703125 290.381256103515625 300.8125 308.662506103515625 315.54376220703125 319.225006103515625 320.9375 320.70623779296875 320.45623779296875 319.86248779296875 319.42498779296875 319.568756103515625 322.993743896484375 326.649993896484375 332.274993896484375
199.1875 195.975006103515625 190.6062469482421875 186.5187530517578125 181.850006103515625 179.6062469482421875 178.4375 178.087493896484375 181.725006103515625 192.8249969482421875 214.71875 222.225006103515625 226.3000030517578125 230.8249969482421875 235.5500030517578125 237.6374969482421875 238.868743896484375 239.0124969482421875 237.3874969482421875 235.368743896484375 232.3249969482421875 229.3249969482421875 228.912506103515625 230.0749969482421875 233.287506103515625 239.1125030517578125 248.024993896484375 259.13751220703125 270.95001220703125 281.912506103515625 293.01251220703125 303.162506103515625 310.568756103515625 317.506256103515625 324.11248779296875 325.76251220703125 325.01251220703125 325.63751220703125 324.100006103515625 321.274993896484375 321.125 322.787506103515625 325.75 329.899993896484375
205.693756103515625 203.2312469482421875 198.443756103515625 193.9187469482421875 189.84375 188.7062530517578125 188.306243896484375 190.71875 197.274993896484375 209.368743896484375 223.3312530517578125 231.84375 237.3000030517578125 241.0500030517578125 244.024993896484375 245.40625 245.287506103515625 243.5812530517578125 239.90625 236.649993896484375 231 227.125 225.78125 227.318756103515625 232.2687530517578125 238.493743896484375 247.9187469482421875 259.131256103515625 271.29998779296875 282.443756103515625 293.04376220703125 305.32501220703125 315.01873779296875 321.625 326.54998779296875 328.54998779296875 327.64373779296875 326.9375 325.54998779296875 321.524993896484375 320.08123779296875 321.274993896484375 322.912506103515625 324.649993896484375
