data/historical-monthly-weather-data/wc2.1_cruts4.09_10m_prec_1969-08.asc
ncols        45
nrows        45
xllcorner    -63.500000000000
yllcorner    -7.500000000000
cellsize     0.166666666667
NODATA_value -9999
[rows 19 to 37 of 45, columns 0 to 42 of 45]
130.618743896484375 132.7937469482421875 132.65625 133.3625030517578125 132.3562469482421875 130.493743896484375 127.03749847412109375 122.68125152587890625 120.00624847412109375 115.06874847412109375 109.1374969482421875 101.49375152587890625 90.5500030517578125 79.8562469482421875 71.40000152587890625 63.09375 53.575000762939453125 50.637500762939453125 50.075000762939453125 52.1875 51.456249237060546875 52.96875 58.28125 63.0625 65.96250152587890625 66.1437530517578125 65.2687530517578125 62.38124847412109375 57.768749237060546875 51.3125 48.799999237060546875 54.731250762939453125 58.90625 63.881252288818359375 69.16249847412109375 71.44374847412109375 72.03125 72.02500152587890625 69.0625 63.72499847412109375 56.418750762939453125 51.0625 47.09375
120.6999969482421875 126.0749969482421875 128.818756103515625 130.1437530517578125 128.0500030517578125 126.3249969482421875 124.5812530517578125 121.8249969482421875 119.8937530517578125 115.3249969482421875 110.5749969482421875 104.65625 93.53125 82.4250030517578125 72.6062469482421875 64.13124847412109375 55.950000762939453125 50.94374847412109375 51.512500762939453125 52.375 54.875 58.143749237060546875 61.86875152587890625 66.7312469482421875 71.09999847412109375 69.90625 65.6750030517578125 62.387500762939453125 59.30625152587890625 57.25 56.950000762939453125 59.90625 61.36875152587890625 63.59375 68.0749969482421875 69.77500152587890625 71.5 71.33750152587890625 67.6125030517578125 62.887500762939453125 56.25 51.6875 48.03125
115.125 118.81874847412109375 122.65625 126.16249847412109375 126.52500152587890625 124.1374969482421875 123.93125152587890625 120.46875 119.68125152587890625 115.4250030517578125 113.28125 110.96875 105.8312530517578125 95.15625 83.65000152587890625 71.69374847412109375 65.0437469482421875 60.0625 58.856250762939453125 59.206249237060546875 58.28749847412109375 60.362499237060546875 64.21250152587890625 68.1437530517578125 70.4187469482421875 70.2375030517578125 71.06874847412109375 67.2062530517578125 64.69374847412109375 62.40000152587890625 61.356250762939453125 61.75 62.237499237060546875 63.799999237060546875 64.6125030517578125 66.31874847412109375 69.2062530517578125 70.53749847412109375 67.5812530517578125 62.52500152587890625 56.331249237060546875 51.72499847412109375 47.34999847412109375
110.02500152587890625 117.4187469482421875 122.78749847412109375 125.0500030517578125 126.59999847412109375 124.8125 121.5124969482421875 117.8249969482421875 118.9812469482421875 119.3562469482421875 120.61875152587890625 121.31874847412109375 120.2375030517578125 110.55625152587890625 96.06874847412109375 82.59999847412109375 72.7687530517578125 67.46250152587890625 65.1999969482421875 63.96875 63.31874847412109375 65.0500030517578125 67.6999969482421875 67.78749847412109375 71.05625152587890625 72.8312530517578125 73.2312469482421875 71.58750152587890625 67.94374847412109375 64.125 62.5 62.81874847412109375 62.53125 61.78125 60.987499237060546875 59.950000762939453125 62.856250762939453125 67.36875152587890625 66.4375 61.200000762939453125 56.012500762939453125 51.018749237060546875 46.825000762939453125
108.03125 116.9562530517578125 123.75 123.7687530517578125 124.21250152587890625 123.2312469482421875 122.2687530517578125 121.09375 118.77500152587890625 120.9499969482421875 123.6125030517578125 129.3937530517578125 131.024993896484375 120.2062530517578125 105.61875152587890625 92.08750152587890625 82.05625152587890625 75.59375 71.9250030517578125 70.3937530517578125 69.4812469482421875 70.1999969482421875 70.6750030517578125 71.7312469482421875 73.1062469482421875 72.9875030517578125 74.71875 71.3562469482421875 68.6062469482421875 65.99375152587890625 64.69374847412109375 64.05625152587890625 63.143749237060546875 60.36875152587890625 58.418750762939453125 56.16249847412109375 58.03749847412109375 62.487499237060546875 62.481250762939453125 58.22499847412109375 53.456249237060546875 49.34375 45.34999847412109375
108.3874969482421875 116.8249969482421875 123.0625 126.09999847412109375 127.52500152587890625 125.61875152587890625 123.30625152587890625 122.44374847412109375 122.28749847412109375 124.3937530517578125 125.4250030517578125 128.368743896484375 129.1437530517578125 121.2312469482421875 109.55625152587890625 98.59999847412109375 89.4875030517578125 82.4812469482421875 78.0625 75.9875030517578125 74.93125152587890625 74.30625152587890625 74.1875 74.4875030517578125 73.75624847412109375 74.44374847412109375 73.28749847412109375 70.5749969482421875 68.09999847412109375 66.40000152587890625 64.8625030517578125 63.74375152587890625 62.40000152587890625 60.49375152587890625 57.90000152587890625 55.418750762939453125 56.52500152587890625 57.5 57.143749237060546875 54.549999237060546875 50.700000762939453125 47.612499237060546875 44.34375
111.77500152587890625 119.6750030517578125 122.53125 127.2937469482421875 127.21250152587890625 125.4875030517578125 123.5 124.0187530517578125 121.88124847412109375 121.80625152587890625 123.0500030517578125 124.53125 124.0625 116.8874969482421875 109.48749542236328125 100.22499847412109375 93.0187530517578125 87.25624847412109375 82.03749847412109375 80.3625030517578125 79.3937530517578125 77.78125 77.77500152587890625 75.9562530517578125 74.2937469482421875 73.5812530517578125 72.63124847412109375 70.0500030517578125 68.1374969482421875 67 65.25624847412109375 64.15000152587890625 61.793750762939453125 59.362499237060546875 56.581249237060546875 55.28749847412109375 55.043750762939453125 54.03749847412109375 53.668750762939453125 50.831249237060546875 47.94374847412109375 45.40625 43.13124847412109375
116.74375152587890625 121.8562469482421875 125.19374847412109375 127.72499847412109375 127.74375152587890625 125.80625152587890625 125.3312530517578125 123.52500152587890625 119.96875 121.2312469482421875 122.3562469482421875 119.9499969482421875 117.6125030517578125 112.15625 107.16249847412109375 100.08750152587890625 94.63124847412109375 89.0749969482421875 85.27500152587890625 81.99375152587890625 79.47499847412109375 78.72499847412109375 77.53125 76.65625 74.6437530517578125 71.81874847412109375 71.59375 69.46875 67.1437530517578125 65.4375 64.64374542236328125 62.75624847412109375 60.84999847412109375 58.418750762939453125 55.143749237060546875 53.78125 52.106250762939453125 51.049999237060546875 49.612499237060546875 47.03749847412109375 44.52500152587890625 42.71875 41.90000152587890625
124.0625 123.80625152587890625 126.50624847412109375 128.3625030517578125 128.881256103515625 125.4562530517578125 124.34999847412109375 122.78125 120.4562530517578125 120.06874847412109375 117.84999847412109375 114.4812469482421875 111.5437469482421875 107.94374847412109375 102.96875 98.2687530517578125 94.83750152587890625 90.08750152587890625 86.6374969482421875 83.16249847412109375 80.8249969482421875 77.8000030517578125 77.81874847412109375 76.3312530517578125 73.6125030517578125 69.99375152587890625 69.61875152587890625 68.3125 66.55625152587890625 65.08750152587890625 63.387500762939453125 61.25 59.231250762939453125 56.15000152587890625 54.049999237060546875 51.768749237060546875 49.387500762939453125 47.875 46.793750762939453125 44.96875 42.53749847412109375 41.58750152587890625 40.96250152587890625
126.9812469482421875 128.78125 128.506256103515625 129.243743896484375 126.49375152587890625 123.44374847412109375 120.69374847412109375 117.71875 118.1999969482421875 115.84999847412109375 113.3625030517578125 109.33750152587890625 105.875 102.9875030517578125 99.6062469482421875 96.0812530517578125 94.3000030517578125 90.7624969482421875 87.43125152587890625 84.53125 81.7624969482421875 78.66249847412109375 77.63124847412109375 74.96250152587890625 72.56874847412109375 68.50624847412109375 68.25 66.75 64.8562469482421875 63.325000762939453125 61.424999237060546875 59.75 56.6875 53.24375152587890625 51.268749237060546875 50.03749847412109375 48.18125152587890625 46.61875152587890625 45.543750762939453125 43.33750152587890625 40.362499237060546875 39.768749237060546875 39.924999237060546875
126.3562469482421875 128.5625 127.33750152587890625 124.53125 122.56874847412109375 120.1125030517578125 116.7312469482421875 115.6875 113.9875030517578125 110.71250152587890625 108.7624969482421875 105.59999847412109375 101.96875 98.48749542236328125 95.74375152587890625 92.8625030517578125 90.28125 88.90625 87.7687530517578125 83.50624847412109375 80.3874969482421875 78.5812530517578125 77.4499969482421875 74.2375030517578125 70.90625 68.41249847412109375 66.6062469482421875 64.9187469482421875 61.90625 60.106250762939453125 58.63124847412109375 57.33750152587890625 54.325000762939453125 51.5 49.549999237060546875 47.75 47.293750762939453125 46.206249237060546875 44.681247711181640625 43.68125152587890625 41.88124847412109375 40.918750762939453125 39.75624847412109375
124.6999969482421875 125.1437530517578125 121.47499847412109375 120.31874847412109375 121.31874847412109375 117.7937469482421875 115.0124969482421875 111.84999847412109375 108.97499847412109375 105.6999969482421875 102.71250152587890625 101.69374847412109375 99.86875152587890625 96.375 92.05625152587890625 89.28749847412109375 88.4187469482421875 87.41249847412109375 87.0187530517578125 84.03749847412109375 80.52500152587890625 76.5187530517578125 74.77500152587890625 71.8000030517578125 68.5124969482421875 66.5812530517578125 63.84375 62.518749237060546875 60.356250762939453125 58.700000762939453125 57.34999847412109375 55.424999237060546875 52.13124847412109375 49.575000762939453125 48.46875 46.5625 45.924999237060546875 45.09999847412109375 44.793750762939453125 44.84375 43.200000762939453125 40.731250762939453125 38.90000152587890625
121.4499969482421875 121.81874847412109375 117.9499969482421875 116.1999969482421875 117.5437469482421875 114.18125152587890625 110.75 106.3562469482421875 103.875 101.2375030517578125 98.38124847412109375 96.65625 93.8312530517578125 91.6687469482421875 88.65625 88.1875 86.4250030517578125 85 83.5 81.5437469482421875 78.68125152587890625 76.5812530517578125 73.3125 68.84375 66.19374847412109375 64.0812530517578125 61.612499237060546875 60.387500762939453125 58.05625152587890625 56.03125 55.06874847412109375 52.825000762939453125 49.918750762939453125 47.918750762939453125 45.53125 43.65625 43.1875 42.793750762939453125 42.981250762939453125 43.200000762939453125 41.75624847412109375 39.362499237060546875 38.237499237060546875
111.83750152587890625 111.28749847412109375 109.00624847412109375 108.6062469482421875 107.84375 104.53749847412109375 102.8125 100.0187530517578125 96.875 95.4250030517578125 95.125 91.9375 88.91249847412109375 88.0500030517578125 85.33750152587890625 84.90625 83.15625 82.28749847412109375 80.50624847412109375 78.49375152587890625 75.71250152587890625 73.1750030517578125 70.5 68.1999969482421875 65.6750030517578125 62.674999237060546875 60.387500762939453125 57.356250762939453125 55.47499847412109375 53.24375152587890625 52.25 49.981250762939453125 47.24375152587890625 44.924999237060546875 42.80625152587890625 41.06874847412109375 40.46875 39.8125 39.97499847412109375 40.200000762939453125 38.8125 37.27500152587890625 36.174999237060546875
101.77500152587890625 102.59999847412109375 100.8312530517578125 101.80625152587890625 98.0500030517578125 96.46250152587890625 96.05625152587890625 94.00624847412109375 91.02500152587890625 89 87.90000152587890625 86.43125152587890625 85.3312530517578125 81.83750152587890625 80.7937469482421875 79.2062530517578125 78.7375030517578125 77.18125152587890625 75.21875 74.09375 72.09999847412109375 69.90625 68.0500030517578125 65.3874969482421875 63.80625152587890625 61.549999237060546875 58.918750762939453125 55.44374847412109375 54.049999237060546875 52.112499237060546875 50.456249237060546875 47.887500762939453125 44.549999237060546875 41.65625 39.90000152587890625 38.30625152587890625 37.606250762939453125 36.65625 36.8125 36.43125152587890625 36.15000152587890625 35.28125 34.125
93.4375 93.6374969482421875 93.05625152587890625 92.1062469482421875 90.7062530517578125 89.53125 88.90625 87.61875152587890625 83.6750030517578125 82.7062530517578125 81.75624847412109375 81.7624969482421875 79.7624969482421875 78.5 77.25 76.34999847412109375 75.47499847412109375 73.69374847412109375 71.78125 70.7312469482421875 69.21875 66.9562530517578125 64.6125030517578125 63.012500762939453125 61.21875 59.78125 57.03125 53.81874847412109375 52.481250762939453125 50.674999237060546875 47.93125152587890625 44.88124847412109375 41.706249237060546875 38.63124847412109375 36.59999847412109375 35.09375 33.78749847412109375 33.31874847412109375 33.61875152587890625 33.31874847412109375 32.71250152587890625 32.043750762939453125 31.5
85.50624847412109375 86.0749969482421875 84.86875152587890625 83.75 83.05625152587890625 81.08750152587890625 79.94374847412109375 78.03749847412109375 75.5812530517578125 75.3625030517578125 76.28125 75.7937469482421875 75.8000030517578125 74.97499847412109375 74.2312469482421875 74.05625152587890625 72.4375 71.6062469482421875 68.96875 67.59375 66.63124847412109375 66 63.58750152587890625 62.21250152587890625 60.03749847412109375 58.018749237060546875 55.06874847412109375 53.40625 50.86875152587890625 48.306247711181640625 45.5 42.55625152587890625 38.36875152587890625 35.862499237060546875 33.512500762939453125 31.575000762939453125 31.024999618530273438 30.631250381469726562 30.368749618530273438 30.556249618530273438 30.100000381469726562 30.15625 29.149999618530273438
75.83750152587890625 76.3000030517578125 75.2312469482421875 74.96250152587890625 74.65625 73.59999847412109375 72.8000030517578125 72.03125 69.36875152587890625 68.0187530517578125 71.43125152587890625 73.90000152587890625 74.59999847412109375 73.3312530517578125 73.18125152587890625 71.68125152587890625 70.05625152587890625 68.63124847412109375 66.76874542236328125 64.72499847412109375 64.0437469482421875 63.69374847412109375 61.987499237060546875 61.03125 59.50624847412109375 56.59375 54.3125 52.18125152587890625 48.668750762939453125 46.0124969482421875 43.543750762939453125 40.137500762939453125 36.387500762939453125 33.18125152587890625 30.825000762939453125 29.262500762939453125 28.737499237060546875 28.59375 28.21875 28.368749618530273438 27.825000762939453125 27.899999618530273438 27.037500381469726562
68.11875152587890625 68.8937530517578125 67.5 68.30625152587890625 68.5500030517578125 67.4562530517578125 66.83750152587890625 66.0812530517578125 65.25624847412109375 64.03749847412109375 71.2687530517578125 74.3937530517578125 73.02500152587890625 72.90000152587890625 72.99375152587890625 70.9499969482421875 68.3000030517578125 66.00624847412109375 65.3874969482421875 63.325000762939453125 62.5625 61.49375152587890625 60.24375152587890625 59.40000152587890625 58.21250152587890625 56.325000762939453125 54.15000152587890625 52 48.956249237060546875 45.61875152587890625 42.08750152587890625 39.293750762939453125 35.862499237060546875 31.543750762939453125 28.674999237060546875 26.975000381469726562 27.131250381469726562 27.237499237060546875 27.112499237060546875 27.206249237060546875 25.75 25.28125 24.774999618530273438
