data/historical-monthly-weather-data/wc2.1_cruts4.09_10m_prec_1970-12.asc
ncols        45
nrows        45
xllcorner    -63.500000000000
yllcorner    -7.500000000000
cellsize     0.166666666667
NODATA_value -9999
[rows 19 to 37 of 45, columns 0 to 43 of 45]
150.118743896484375 145.068756103515625 142.34375 141.318756103515625 141.149993896484375 144.0437469482421875 147.087493896484375 150.3874969482421875 155.506256103515625 159.8625030517578125 163.1687469482421875 162.431243896484375 160.693756103515625 157.96875 153.943756103515625 148.774993896484375 143.868743896484375 140.90625 138.59375 136.96875 133.962493896484375 130.6687469482421875 128.100006103515625 126.53749847412109375 125.3000030517578125 123.8312530517578125 121.50624847412109375 117.21250152587890625 109.78749847412109375 102.15625 97.8125 99.46250152587890625 100.6374969482421875 101.3249969482421875 102.10625457763671875 104.84375 111.59999847412109375 119.2687530517578125 124.78125 126.2375030517578125 123.8249969482421875 119.84375 118.86875152587890625 118.5437469482421875
149.4375 145.4562530517578125 143.600006103515625 142.7937469482421875 142.9812469482421875 146.537506103515625 150.2437591552734375 153.9875030517578125 159.412506103515625 163.96875 166.6687469482421875 166.100006103515625 164.53125 161.6125030517578125 157.1750030517578125 151.725006103515625 146.4562530517578125 142.4875030517578125 140.3249969482421875 138.0625 135.493743896484375 132.725006103515625 130.1999969482421875 129.024993896484375 128.712493896484375 127.9499969482421875 126.16249847412109375 121.4499969482421875 115.21875 110.8562469482421875 108.25624847412109375 108.6687469482421875 108.06874847412109375 108.1750030517578125 108.93125152587890625 111.80625152587890625 116.47499847412109375 121.49375152587890625 125.02500152587890625 125.6750030517578125 123.6999969482421875 120.9250030517578125 119.49375152587890625 118.5749969482421875
148.9499969482421875 144.5187530517578125 143.6125030517578125 144.2687530517578125 145.28125 149.212493896484375 153.787506103515625 158.2937469482421875 163.4812469482421875 167.662506103515625 169.587493896484375 168.756256103515625 167.131256103515625 164.100006103515625 159.875 154.743743896484375 149.7937469482421875 145.84375 142.774993896484375 139.8249969482421875 135.912506103515625 133.1374969482421875 131.4499969482421875 130.2687530517578125 130.15625 131.056243896484375 131.899993896484375 128.1999969482421875 122.83750152587890625 120.21875 118.8249969482421875 118.8562469482421875 116.6437530517578125 115.56874847412109375 114.8312530517578125 116.875 121.08750152587890625 126 128.46875 127.61875152587890625 125.4875030517578125 122.93125152587890625 121.13124847412109375 119.94374847412109375
149.1374969482421875 145.78125 144.7062530517578125 145.4562530517578125 147.2624969482421875 152.3312530517578125 157.212493896484375 162.5749969482421875 168.462493896484375 171.6374969482421875 172.7375030517578125 171.1374969482421875 169.8937530517578125 167.306243896484375 162.8562469482421875 157.6875 152.506256103515625 148.03125 144.4875030517578125 140.556243896484375 136.3125 133.006256103515625 130.649993896484375 129.618743896484375 130.21875 132.693756103515625 135.899993896484375 133.5625 129.181243896484375 128.375 128.6374969482421875 129.1125030517578125 126.0749969482421875 122.93125152587890625 120.6125030517578125 120.6374969482421875 124.59999847412109375 131.21875 133.056243896484375 130.8000030517578125 127.78749847412109375 124.875 122.8874969482421875 121.47499847412109375
151.2937469482421875 148.1875 146.7249908447265625 147.4499969482421875 149.693756103515625 155.1750030517578125 161.0124969482421875 166.3249969482421875 171.6687469482421875 174.0500030517578125 174.850006103515625 174.0500030517578125 173.1687469482421875 171.2687530517578125 166.3874969482421875 160.774993896484375 155.4375 150.756256103515625 146.475006103515625 141.9562530517578125 136.681243896484375 132.6687469482421875 129.3625030517578125 128.59375 129.162506103515625 131.4875030517578125 135.0124969482421875 135.600006103515625 134.7624969482421875 135.8937530517578125 138.0437469482421875 138.9499969482421875 135.8000030517578125 131.5437469482421875 128.0500030517578125 125.8249969482421875 128.28125 133.78125 135.28125 132.7624969482421875 129.2375030517578125 126.40625 123.96250152587890625 122.3000030517578125
155.743743896484375 152.4562530517578125 150.1062469482421875 151.8562469482421875 154.90625 159.9250030517578125 165.25 169.6062469482421875 173.7062530517578125 176.350006103515625 177.375 176.8125 176.256256103515625 174.681243896484375 169.8249969482421875 164.0749969482421875 158.350006103515625 153.443756103515625 148.5812530517578125 143.40625 137.3125 131.9375 127.9375 126.5500030517578125 127.4375 130.3625030517578125 134.5437469482421875 137.306243896484375 139.0187530517578125 142.681243896484375 146.78125 148.8937530517578125 145.6875 140.8312530517578125 135.912506103515625 133.4187469482421875 134.149993896484375 135.506256103515625 136.0812530517578125 134.337493896484375 130.8562469482421875 127.97499847412109375 125.08750152587890625 124.00624847412109375
163.2312469482421875 162.0625 159.412506103515625 160.15625 161.1125030517578125 165.25 169.3000030517578125 172.693756103515625 176.0187530517578125 177.9812469482421875 178.75 179.1687469482421875 179 177.912506103515625 173.306243896484375 167.5187530517578125 161.368743896484375 156.1687469482421875 150.9187469482421875 145.1999969482421875 139.1374969482421875 132.287506103515625 126.46875 123.81874847412109375 126.03749847412109375 130.0749969482421875 135.693756103515625 140.0625 143.6999969482421875 149.125 154.7375030517578125 159.2375030517578125 156.2624969482421875 150.162506103515625 144.537506103515625 140.868743896484375 139.537506103515625 138.6999969482421875 138.493743896484375 137.0187530517578125 133.681243896484375 129.743743896484375 125.91249847412109375 124.03125
167.7375030517578125 167.1374969482421875 166.774993896484375 167.71875 168.4187469482421875 171.3937530517578125 173.6687469482421875 175.6437530517578125 177.5749969482421875 179.537506103515625 181.149993896484375 182.1062469482421875 182.306243896484375 181.993743896484375 177.618743896484375 172.28125 166.412506103515625 161.15625 155.756256103515625 149.3874969482421875 142.8312530517578125 135.493743896484375 128.6125030517578125 124.78749847412109375 128.1999969482421875 132.8249969482421875 139.193756103515625 144.631256103515625 149.9375 156.2062530517578125 163.181243896484375 168.8312530517578125 165.931243896484375 158.475006103515625 151.4812469482421875 147.337493896484375 144.318756103515625 142.131256103515625 141.649993896484375 140.6875 137.8249969482421875 133.03125 127.59999847412109375 125.21250152587890625
172.350006103515625 172.375 173.90625 175.649993896484375 176.3937530517578125 178.1812591552734375 179.068756103515625 179.1125030517578125 179.9562530517578125 181.068756103515625 182.118743896484375 183.7375030517578125 185.53125 186.1875 182.1999969482421875 176.8312530517578125 171.618743896484375 166.21875 160.9875030517578125 154.71875 148.381256103515625 141.625 136.2624969482421875 133.506256103515625 135.056243896484375 138.725006103515625 144.6062469482421875 150.193756103515625 155.9499969482421875 162.6875 169.7624969482421875 175.1437530517578125 171.1875 163.9187469482421875 156.5187530517578125 151.9375 148.4375 145.7687530517578125 145.78125 145.75 143.962493896484375 139.024993896484375 130.399993896484375 127.5187530517578125
175.943756103515625 176.962493896484375 180.5187530517578125 184.1999969482421875 185.068756103515625 184.6875 183.6062469482421875 182.350006103515625 182.21875 182.2312469482421875 183.3625030517578125 186 188.5749969482421875 190.350006103515625 186.618743896484375 182.399993896484375 177.681243896484375 172.631256103515625 167.4187469482421875 161.412506103515625 155.5500030517578125 149.6999969482421875 145.587493896484375 143.0124969482421875 143.662506103515625 146.306243896484375 151.6374969482421875 157.1999969482421875 163.1125030517578125 169.2937469482421875 175.725006103515625 180.3000030517578125 175.4875030517578125 167.743743896484375 160.3625030517578125 155.881256103515625 152.3937530517578125 149.287506103515625 149.256256103515625 150.1374969482421875 150.306243896484375 144.8937530517578125 136.7624969482421875 136.475006103515625
179.3562469482421875 181.287506103515625 186.59375 192.2062530517578125 194.3625030517578125 190.912506103515625 187.431243896484375 185.1062469482421875 184.0187530517578125 183.399993896484375 184.4187469482421875 187.1437530517578125 191.0500030517578125 194.181243896484375 191.8874969482421875 188.506256103515625 185.162506103515625 181.649993896484375 176.787506103515625 170.6875 164.8874969482421875 159.7062530517578125 155.5625 153.5187530517578125 153.9375 156.125 160.1687469482421875 165.71875 171.037506103515625 176.181243896484375 181.3312530517578125 184.662506103515625 180.15625 172.7375030517578125 165.65625 160.65625 156.662506103515625 152.9250030517578125 152.5437469482421875 152.618743896484375 151.6125030517578125 149.649993896484375 145.5749969482421875 146.5187530517578125
181.1125030517578125 183.84375 189.2937469482421875 195.6374969482421875 197.7312469482421875 192.9375 188.743743896484375 185.443756103515625 183.756256103515625 183.8000030517578125 184.96875 188.4187469482421875 193.256256103515625 197.0812530517578125 196.0437469482421875 194.5437469482421875 193.381256103515625 189.943756103515625 186.2624969482421875 180.443756103515625 174.6687469482421875 169.71875 166.068756103515625 164.181243896484375 164.162506103515625 165.7937469482421875 169.5187530517578125 174.537506103515625 179.350006103515625 183.587493896484375 187.2312469482421875 189.3000030517578125 184.4187469482421875 177.7062530517578125 170.7687530517578125 165.524993896484375 161.1437530517578125 156.850006103515625 155.524993896484375 154.0812530517578125 153.212493896484375 153.850006103515625 153.5187530517578125 153.8000030517578125
182.1062469482421875 184.368743896484375 188.837493896484375 192.3312530517578125 192.7624969482421875 190.162506103515625 186.881256103515625 183.4499969482421875 182.412506103515625 182.4812469482421875 184.3125 189.0124969482421875 194.9187469482421875 199.75 200.90625 201.149993896484375 200.1374969482421875 196.912506103515625 193.3000030517578125 188.212493896484375 183.4812469482421875 179.0812530517578125 175.462493896484375 173.78125 174.5812530517578125 175.8249969482421875 178.875 183.556243896484375 188.1062469482421875 191.287506103515625 193.53125 194.462493896484375 188.6999969482421875 182.212493896484375 175.837493896484375 170.868743896484375 165.4812469482421875 160.375 158.4499969482421875 156.725006103515625 156.9499969482421875 160.100006103515625 163.1875 166.375
185.1999969482421875 185.662506103515625 187.59375 189.649993896484375 189.462493896484375 187.256256103515625 183.875 180.53125 179.71875 180.6875 184.8625030517578125 190.600006103515625 198.006256103515625 205.1750030517578125 207.506256103515625 208.4875030517578125 207.9812469482421875 205.5749969482421875 200.8874969482421875 196.2375030517578125 192.15625 188.625 185.375 183.787506103515625 184.568756103515625 186.306243896484375 189.2312469482421875 192.837493896484375 197.3874969482421875 199.2624969482421875 200.7375030517578125 200.8125 195.337493896484375 189.125 183.1125030517578125 177.931243896484375 172.5500030517578125 167.4187469482421875 164.9187469482421875 164.493743896484375 164.5187530517578125 168.84375 174.881256103515625 183.2062530517578125
187.90625 186.806243896484375 187.443756103515625 187.4812469482421875 185.712493896484375 183.381256103515625 180.4499969482421875 177.25 176.506256103515625 177.9499969482421875 182.693756103515625 191.625 201.40625 209.412506103515625 213.5187530517578125 215.5437469482421875 216.4562530517578125 214.131256103515625 209.0437469482421875 204.443756103515625 200.8312530517578125 197.399993896484375 194.1750030517578125 193.100006103515625 193.743743896484375 195.493743896484375 198.8562469482421875 202.6999969482421875 207.21875 207.649993896484375 207.850006103515625 207.4499969482421875 202.1999969482421875 196.412506103515625 190.375 185.0187530517578125 179.9875030517578125 174.1687469482421875 172.368743896484375 172.0124969482421875 172.25 177.25 184.743743896484375 195.7937469482421875
190.2687530517578125 188.399993896484375 187.681243896484375 185.9250030517578125 183.443756103515625 180.53125 177.087493896484375 173.6875 172.1875 174.1062469482421875 180.693756103515625 192.0812530517578125 205.162506103515625 216.037506103515625 221.3625030517578125 224.412506103515625 225.625 222.743743896484375 218.03125 212.399993896484375 209.5187530517578125 205.7062530517578125 203.318756103515625 202.1999969482421875 202.5437469482421875 204.475006103515625 207.818756103515625 212.0749969482421875 216.34375 215.912506103515625 215.1750030517578125 213.912506103515625 209.118743896484375 203.975006103515625 198.181243896484375 192.2375030517578125 186.6437530517578125 181.9812469482421875 180.375 179.125 179.34375 184.068756103515625 191.2937469482421875 201.6062469482421875
195.1062469482421875 192.3625030517578125 190.368743896484375 187.743743896484375 184.2062530517578125 180.912506103515625 176.4562530517578125 171.881256103515625 169.1437530517578125 169.681243896484375 177.96875 193.1750030517578125 210.118743896484375 223.0437469482421875 229.899993896484375 233.8874969482421875 235.431243896484375 232.3249969482421875 226.6875 220.5500030517578125 217.368743896484375 214.4875030517578125 211.40625 210.3562469482421875 211.125 212.725006103515625 216.15625 220.1437530517578125 224.006256103515625 223.556243896484375 222.806243896484375 220.943756103515625 216.8937530517578125 211.881256103515625 206.4562530517578125 200.443756103515625 196.318756103515625 192.0437469482421875 190.287506103515625 189.3249969482421875 189.568756103515625 194.131256103515625 199.818756103515625 208.024993896484375
199.9875030517578125 196.6437530517578125 194.0124969482421875 190.9812469482421875 187.243743896484375 183.6999969482421875 179.337493896484375 173.493743896484375 168.181243896484375 164.537506103515625 176.6125030517578125 199.7312469482421875 218.037506103515625 230.90625 238.8249969482421875 243.5187530517578125 245.818756103515625 241.9812469482421875 236.3000030517578125 229.7624969482421875 225.8937530517578125 222.337493896484375 219.118743896484375 218.1062469482421875 218.4875030517578125 220.25 223.2062530517578125 227.8562469482421875 232.0749969482421875 231.5437469482421875 230.2687530517578125 228.15625 224.493743896484375 220.368743896484375 215.1999969482421875 210.662506103515625 206.693756103515625 202.631256103515625 200.162506103515625 198.9875030517578125 198.84375 202.2375030517578125 206.600006103515625 212.756256103515625
203.5 200.1999969482421875 197.7375030517578125 194.6687469482421875 191.5 187.9875030517578125 184.568756103515625 179.5812530517578125 174.912506103515625 169.2937469482421875 191.7937469482421875 217.3312530517578125 231.59375 242.181243896484375 249.475006103515625 254.3937530517578125 256.337493896484375 252.4812469482421875 245.712493896484375 239.068756103515625 233.662506103515625 229.274993896484375 226.09375 224.943756103515625 225.006256103515625 226.6999969482421875 230.556243896484375 235.0749969482421875 239.1750030517578125 239.006256103515625 237.1062469482421875 235.1750030517578125 232.0812530517578125 228.65625 224.125 220.131256103515625 216.2937469482421875 212.100006103515625 209.8562469482421875 208.118743896484375 207.100006103515625 209.125 211.5812530517578125 215.6187591552734375
