data/historical-monthly-weather-data/wc2.1_cruts4.09_10m_prec_1964-07.asc
ncols        45
nrows        45
xllcorner    -63.500000000000
yllcorner    -7.500000000000
cellsize     0.166666666667
NODATA_value -9999
[rows 0 to 18 of 45, columns 0 to 42 of 45]
401.70001220703125 395.82501220703125 387.181243896484375 385.800018310546875 378.59375 371.399993896484375 363.83123779296875 352.881256103515625 348.462493896484375 346.79376220703125 338.66876220703125 328.96875 317.48748779296875 310.79998779296875 304.45001220703125 294.61248779296875 284.556243896484375 270.006256103515625 258.26873779296875 250.693756103515625 246.2062530517578125 235.868743896484375 227.1875 217.787506103515625 210.8562469482421875 200.4562530517578125 193.78125 187.787506103515625 179.725006103515625 175.3937530517578125 164.1750030517578125 157.5187530517578125 156.1875 151.712493896484375 147.337493896484375 143.53125 137.3874969482421875 138.806243896484375 135.2312469482421875 132.9812469482421875 135.662506103515625 139.3937530517578125 138.774993896484375
385.193756103515625 378.90625 371.53125 372.125 369.83123779296875 363.51873779296875 355.256256103515625 347.03125 342.625 336.681243896484375 327.67498779296875 315.63751220703125 303.925018310546875 294.16876220703125 283.64373779296875 273.743743896484375 262.48748779296875 249.03125 238.399993896484375 229.0187530517578125 218.1875 212.493743896484375 206.1062469482421875 201.7687530517578125 190.912506103515625 182.8874969482421875 178.274993896484375 174.3249969482421875 166.2687530517578125 158.725006103515625 151.6875 149.4812469482421875 147.25 146.1374969482421875 142.9187469482421875 137.4187469482421875 132.15625 131.65625 128.0812530517578125 127.7375030517578125 131.8874969482421875 132.943756103515625 133.462493896484375
348.5 351.962493896484375 353.54376220703125 351.475006103515625 346.774993896484375 338.14373779296875 332.29998779296875 330.23126220703125 326.98748779296875 320.256256103515625 310.75 296.0625 286.95623779296875 272.14373779296875 260.100006103515625 248.818756103515625 238.868743896484375 226.5500030517578125 215.568756103515625 208.59375 198.4562530517578125 193.46875 188.4562530517578125 182.443756103515625 173.625 163.3562469482421875 163.78125 159.5625 153.65625 147.850006103515625 141.59375 134.524993896484375 133.4499969482421875 134.6437530517578125 127.7312469482421875 122.15625 120.63124847412109375 122.09375 118.6062469482421875 119.03125 122.3625030517578125 124.50624847412109375 124.0437469482421875
316.462493896484375 315.399993896484375 323.618743896484375 329.85626220703125 324.5625 313.587493896484375 306.225006103515625 308.475006103515625 309.649993896484375 304.881256103515625 289.76873779296875 275.118743896484375 263.806243896484375 254.4937591552734375 239.7937469482421875 225.8249969482421875 214.024993896484375 204.225006103515625 197.28125 195.5500030517578125 186.9812469482421875 176.84375 170.8000030517578125 165.8937530517578125 158.118743896484375 149.2312469482421875 146.837493896484375 140.53125 138.15625 136.899993896484375 131.4749908447265625 124.31874847412109375 119.6374969482421875 116.0625 111.19374847412109375 112.41249847412109375 113.24375152587890625 110.36875152587890625 109.1125030517578125 109.1374969482421875 114.0500030517578125 118.0812530517578125 118.1687469482421875
318.662506103515625 305.42498779296875 292.11248779296875 298.71875 305.100006103515625 293.287506103515625 289.149993896484375 289.96875 288.89373779296875 281.993743896484375 274.181243896484375 258.09375 246.4812469482421875 235.350006103515625 220.462493896484375 207.181243896484375 194.7687530517578125 187.59375 178.306243896484375 175.71875 170.306243896484375 160.4375 153.03125 151.71875 143.0500030517578125 133.8125 129.8249969482421875 128.962493896484375 126.38124847412109375 121.84999847412109375 118.3000030517578125 113.8312530517578125 111.3625030517578125 107.1374969482421875 102.6062469482421875 100.38124847412109375 101.2687530517578125 101.30625152587890625 99.7687530517578125 101.31874847412109375 105.33750152587890625 106.6687469482421875 109.7312469482421875
302.725006103515625 299.51251220703125 290.32501220703125 266.149993896484375 276.662506103515625 284.725006103515625 279.45623779296875 275.912506103515625 276.875 268.618743896484375 257.63751220703125 243.837493896484375 233.1875 217.0187530517578125 206.3000030517578125 194.0124969482421875 179.8000030517578125 169.8312530517578125 164.100006103515625 162.618743896484375 156.4499969482421875 148.625 143.225006103515625 136.3562469482421875 130.618743896484375 123.25624847412109375 119.7937469482421875 118.31874847412109375 114.99375152587890625 110.88124847412109375 107.4187469482421875 105.7687530517578125 102.02500152587890625 99.90000152587890625 94.83750152587890625 94.0187530517578125 91.1125030517578125 91.49375152587890625 93.3312530517578125 96.56874847412109375 96.56874847412109375 99.5437469482421875 100.96875
291.73126220703125 290.53125 283.875 273.587493896484375 265.193756103515625 255.193756103515625 257.931243896484375 259.85626220703125 255.2687530517578125 250.087493896484375 242.568756103515625 225.462493896484375 217.837493896484375 204.693756103515625 191.243743896484375 181.443756103515625 170.9375 157.8312530517578125 148.056243896484375 149.443756103515625 142.9812469482421875 135.0500030517578125 128.3312530517578125 124.47499847412109375 118.59375 113.9250030517578125 113.21250152587890625 108.59999847412109375 104.1687469482421875 103.08750152587890625 99.03749847412109375 94.25624847412109375 90.91249847412109375 90.4250030517578125 88.49375152587890625 86.5749969482421875 83.8249969482421875 83.15625 85.8312530517578125 89.52500152587890625 89.1750030517578125 89.8937530517578125 92.2624969482421875
285.63751220703125 280.631256103515625 277.45623779296875 273.193756103515625 269.46875 268.09375 254.1750030517578125 233.8937530517578125 225.006256103515625 221.368743896484375 216.5625 207.774993896484375 199.8937530517578125 187.631256103515625 178.40625 169.068756103515625 157.9812469482421875 146.8249969482421875 138.274993896484375 132.6437530517578125 130.912506103515625 125.84375 118.28749847412109375 114.1875 110.5437469482421875 103.30625152587890625 102.24375152587890625 97.34999847412109375 95.90000152587890625 92.3249969482421875 91.22499847412109375 86.90625 84.625 82.125 79.40000152587890625 76.68125152587890625 74.7937469482421875 74.55625152587890625 75.18125152587890625 76.3562469482421875 77.1125030517578125 79.19374847412109375 80.90000152587890625
278.91876220703125 275.66876220703125 270.51251220703125 270.5625 270.274993896484375 262.943756103515625 252.225006103515625 239.537506103515625 223.1875 206.725006103515625 198.1437530517578125 187.087493896484375 186.2375030517578125 175.006256103515625 166.3249969482421875 157.556243896484375 150.181243896484375 143.443756103515625 139.59375 128.162506103515625 120.74375152587890625 118.81874847412109375 111.7375030517578125 109.2687530517578125 104.9562530517578125 95.7375030517578125 92.28125 92.46250152587890625 91.61875152587890625 87.77500152587890625 87.4375 81.5749969482421875 76.1687469482421875 72.7062530517578125 71.0124969482421875 71.66249847412109375 71.71875 72.24375152587890625 71.36875152587890625 70.59375 70.3874969482421875 71.3562469482421875 73.1125030517578125
268.53125 268.08123779296875 266.412506103515625 266.79998779296875 266.48126220703125 263.149993896484375 252.28125 240.2375030517578125 226.631256103515625 214.337493896484375 198.0625 179.6999969482421875 174.59375 166.162506103515625 158.8874969482421875 152.5500030517578125 143.149993896484375 140.506256103515625 137.1750030517578125 129.818756103515625 121.1374969482421875 111.52500152587890625 102.63750457763671875 100.3249969482421875 95.375 90.44374847412109375 87.06874847412109375 86.3249969482421875 84.2375030517578125 81.5625 80.19374847412109375 75.0437469482421875 71.6750030517578125 68.16249847412109375 65.58750152587890625 66.6999969482421875 67.40625 68.11875152587890625 67.44374847412109375 68.24375152587890625 69.03749847412109375 68.5500030517578125 67.1125030517578125
263.48126220703125 264.256256103515625 261.53125 263.725006103515625 262.54998779296875 259.5 250.7937469482421875 233.875 216.149993896484375 204.3249969482421875 193.4562530517578125 178.9312591552734375 163.212493896484375 157.0625 147.6687469482421875 141.375 137.056243896484375 134.625 131.2624969482421875 129.5749969482421875 124.13124847412109375 112.41249847412109375 98.90000152587890625 88.875 88.6437530517578125 88.75 85.9875030517578125 83.2624969482421875 78.3000030517578125 75.90000152587890625 73.8000030517578125 71.34375 68.78125 64.875 63.28125 63.38124847412109375 64 62.987499237060546875 65.25624847412109375 65.0437469482421875 63.96250152587890625 62.74375152587890625 62.74375152587890625
256.86248779296875 255.181243896484375 253.625 256.65625 257.412506103515625 254.649993896484375 248.34375 232.53125 211.84375 194.056243896484375 181.631256103515625 172.8562469482421875 155.506256103515625 146.5749969482421875 143.243743896484375 134.7687530517578125 130.5812530517578125 128.1374969482421875 125.55625152587890625 125.7375030517578125 124.15000152587890625 113.84999847412109375 103.21250152587890625 91.19374847412109375 85.23749542236328125 78.7062530517578125 76.5812530517578125 75.99375152587890625 73.1125030517578125 70.5749969482421875 67.0124969482421875 65 63.68125152587890625 61.643749237060546875 61.13124847412109375 62.16249847412109375 61.83750152587890625 62.8125 61.16249847412109375 61.018749237060546875 59.46875 59.375 56.518749237060546875
242.462493896484375 244.8312530517578125 246.125 245.6875 243.9562530517578125 241.9375 233.375 217.100006103515625 198.806243896484375 186.2624969482421875 176.0124969482421875 164.4499969482421875 154.8625030517578125 136.975006103515625 129.4499969482421875 127.5437469482421875 123.65000152587890625 122.4812469482421875 120.3874969482421875 118.28749847412109375 114.3874969482421875 105.2375030517578125 97.15625 87.6750030517578125 77.8625030517578125 71.90625 70.7375030517578125 70.5625 68.46250152587890625 65.6125030517578125 62.299999237060546875 58.84999847412109375 58.96250152587890625 57.86875152587890625 57.356250762939453125 58.90000152587890625 60.875 63.268749237060546875 64.25624847412109375 61.13124847412109375 57.168750762939453125 55.3125 50.512500762939453125
230.9250030517578125 232.4812469482421875 234.1437530517578125 232.462493896484375 229.274993896484375 223.943756103515625 215.0187530517578125 201.712493896484375 190.875 176.2687530517578125 165.756256103515625 156.59375 144.5625 131.5749969482421875 116.71875 117.3874969482421875 113.00624847412109375 112.9499969482421875 109.84999847412109375 108.5 103.49375152587890625 96.875 89.6062469482421875 82.46250152587890625 73.78125 67.375 65.05625152587890625 62.90000152587890625 60.90000152587890625 58.77500152587890625 58.418750762939453125 56.31874847412109375 54.65625 53.77500152587890625 53.793750762939453125 57.34999847412109375 61.731250762939453125 66.2062530517578125 68.34375 64.46875 55.143749237060546875 49.799999237060546875 49.28749847412109375
222.818756103515625 221.21875 220.100006103515625 219.618743896484375 214.068756103515625 206.875 202.899993896484375 190.462493896484375 178.306243896484375 165.1750030517578125 154.9875030517578125 144.9250030517578125 135.9250030517578125 126.1750030517578125 108.15625 104.9499969482421875 102.02500152587890625 101.33750152587890625 99.4562530517578125 99.02500152587890625 96.1687469482421875 89.59375 82.9562530517578125 78.7687530517578125 73.18125152587890625 67.8937530517578125 65.11875152587890625 61.75 60.05625152587890625 58.637500762939453125 55.53125 54.262500762939453125 54.762500762939453125 52.893749237060546875 50.325000762939453125 52.94374847412109375 60.331249237060546875 68.1062469482421875 70.53125 65.6750030517578125 59.44374847412109375 55.674999237060546875 58.38124847412109375
209.9187469482421875 208.7624969482421875 208.3312530517578125 204.962493896484375 200.7937469482421875 197.5500030517578125 187.5 176.631256103515625 166.3625030517578125 157.2375030517578125 145.9812469482421875 137.225006103515625 129.350006103515625 120.28125 105.81874847412109375 89.5 89.4562530517578125 90.88124847412109375 88.90625 89.2937469482421875 86.0625 82.15000152587890625 77.4375 77.40625 73.5500030517578125 68.1875 63.887500762939453125 59.112499237060546875 57.575000762939453125 56.606250762939453125 57.112499237060546875 53.65000152587890625 51.19374847412109375 48.731250762939453125 46.950000762939453125 53.88124847412109375 60.00624847412109375 66.56874847412109375 70.34375 70.18125152587890625 66.81874847412109375 63.84999847412109375 62.0625
197.8562469482421875 197.056243896484375 197.381256103515625 195.9250030517578125 193.09375 184.662506103515625 177.693756103515625 167.806243896484375 158.5 149.962493896484375 140.225006103515625 130.4187469482421875 121.31874847412109375 114.65000152587890625 107.8249969482421875 95.46250152587890625 83.34999847412109375 80.34375 83.03125 82.93125152587890625 79.34375 76.13124847412109375 74.18125152587890625 76.1999969482421875 75.08750152587890625 65.5124969482421875 58.91249847412109375 54.75624847412109375 54.512500762939453125 55.34375 56.25 56.36875152587890625 53.46250152587890625 51.268749237060546875 54.59999847412109375 58.53749847412109375 65.8874969482421875 74.9562530517578125 80.00624847412109375 73.15000152587890625 67.59375 63.61875152587890625 59.28749847412109375
186.6750030517578125 188.8125 187.131256103515625 187.506256103515625 184.4875030517578125 174.4812469482421875 166.4812469482421875 158.806243896484375 150.1687469482421875 138.34375 129.806243896484375 124.15625 116.2375030517578125 110.0124969482421875 105.8312530517578125 98.7687530517578125 88.1125030517578125 74.8874969482421875 79.00624847412109375 78.31874847412109375 74.63124847412109375 71 71.3625030517578125 72.65625 70.86875152587890625 61.71875 55.03125 52.28749847412109375 52.625 52.393749237060546875 50.78125 50.40625 56.65000152587890625 58.168750762939453125 56.875 63.22499847412109375 71.94374847412109375 77.3625030517578125 79.08124542236328125 73.96250152587890625 64.8937530517578125 60.768749237060546875 56.668750762939453125
176.3625030517578125 178.6125030517578125 175.3249969482421875 174.1750030517578125 173.5749969482421875 166.1374969482421875 156.462493896484375 150.6125030517578125 143.681243896484375 133.162506103515625 124.6750030517578125 116.4187469482421875 110.5187530517578125 106.7687530517578125 99.57500457763671875 95.7312469482421875 89.2937469482421875 79.3312530517578125 72.2687530517578125 70.4875030517578125 70.25 72.09999847412109375 60.5625 63.09999847412109375 62.456249237060546875 58.86875152587890625 54.5 50.88124847412109375 51.393749237060546875 51.99375152587890625 51.68125152587890625 52.543750762939453125 56.606250762939453125 56.52500152587890625 56.84375 61.68125152587890625 65.78125 68.78125 70.8937530517578125 65.6374969482421875 60.58750152587890625 55.893749237060546875 53.049999237060546875
