data/historical-monthly-weather-data/wc2.1_cruts4.09_10m_prec_2005-01.asc
ncols        45
nrows        45
xllcorner    -63.500000000000
yllcorner    -7.500000000000
cellsize     0.166666666667
NODATA_value -9999
[rows 0 to 19 of 45, columns 0 to 43 of 45]
136.068756103515625 137.337493896484375 135.4499969482421875 135.375 133.8874969482421875 135.2687530517578125 134.931243896484375 132.350006103515625 129.568756103515625 128.462493896484375 128.5812530517578125 127.8562469482421875 125.96875 120.96875 117.4187469482421875 115.44374847412109375 113.77500152587890625 110.5812530517578125 112.5 114.4812469482421875 117.83750152587890625 122.61875152587890625 127.36875152587890625 131.1875 136.493743896484375 140.9187469482421875 145.306243896484375 150.65625 156.4187469482421875 159.3000030517578125 162.3499908447265625 165.649993896484375 168.9375 174.0124969482421875 177.943756103515625 183.4499969482421875 186.725006103515625 188.8562469482421875 191.3125 193.274993896484375 194.506256103515625 196.056243896484375 196.6125030517578125 197.6750030517578125
140.662506103515625 140.975006103515625 140.03125 139.3312530517578125 139.2687530517578125 140.8000030517578125 140.5 140.1125030517578125 139.2437591552734375 138.4875030517578125 136.8000030517578125 133.806243896484375 129.8125 126.0187530517578125 122.0187530517578125 118.61875152587890625 115.53125 113.53749847412109375 114.2312469482421875 116.63124847412109375 120.6875 125.0500030517578125 130.0437469482421875 134.8937530517578125 138.8000030517578125 142.6437530517578125 147.587493896484375 152.71875 157.6374969482421875 161.4875030517578125 164.4250030517578125 167.225006103515625 171.5437469482421875 178.875 183.6687469482421875 187.587493896484375 193.3125 195.875 197.2375030517578125 198.4437408447265625 199.8625030517578125 200.8562469482421875 199.943756103515625 200.25
144.0187530517578125 144.743743896484375 143.818756103515625 143.537506103515625 144.006256103515625 145.350006103515625 146.1125030517578125 147.09375 146.84375 146.03125 143.818756103515625 139.725006103515625 135.4562530517578125 130.46875 125.9375 121.21250152587890625 117.8562469482421875 116.09999847412109375 116.1999969482421875 119.31874847412109375 123.71250152587890625 128.9562530517578125 133.6062469482421875 137.162506103515625 140.243743896484375 143.2062530517578125 148.337493896484375 153.625 157.75 161.443756103515625 166.2624969482421875 170.725006103515625 177.024993896484375 181.8874969482421875 188.75 193.03125 198.40625 202.5437469482421875 203.46875 203.3874969482421875 204.71875 204.4250030517578125 203.212493896484375 202.3312530517578125
145.71875 146.881256103515625 148.0437469482421875 148.149993896484375 149.818756103515625 148.5187530517578125 150.1125030517578125 152.649993896484375 153.9812469482421875 154.1374969482421875 150.375 144.943756103515625 139.587493896484375 134.0749969482421875 129.412506103515625 124.36875152587890625 119.8125 116.9562530517578125 117.78125 122.5124969482421875 128.3125 133.3125 135.8125 139.0124969482421875 141.5500030517578125 143.9375 149.337493896484375 153.1999969482421875 157.462493896484375 162.4812469482421875 168.006256103515625 174.8562469482421875 181.100006103515625 186.662506103515625 192.40625 198.712493896484375 203.59375 208.3625030517578125 209.4812469482421875 209.931243896484375 208.9187469482421875 208.618743896484375 206.6999969482421875 203.993743896484375
152.100006103515625 151.381256103515625 150.90625 151.9875030517578125 153.381256103515625 153.087493896484375 153.25 156.2687530517578125 159.5812530517578125 160.8625030517578125 155.40625 149.125 144.0124969482421875 138.8937530517578125 133.993743896484375 128.53125 123.09375 118.19374847412109375 120.5625 127.25624847412109375 133.7125091552734375 137.443756103515625 139.2375030517578125 140.96875 142.2937469482421875 144.8874969482421875 148.193756103515625 152.1875 158.493743896484375 164.149993896484375 170.7375030517578125 176.131256103515625 183.993743896484375 191.40625 197.899993896484375 204.2375030517578125 210.693756103515625 214.0500030517578125 214.868743896484375 214.28125 214.412506103515625 212.181243896484375 209.8062591552734375 205.756256103515625
156.59375 156.931243896484375 156.5625 156.53125 157.7062530517578125 157.6125030517578125 158.162506103515625 159.975006103515625 163.100006103515625 165.193756103515625 159.568756103515625 154.787506103515625 150.3000030517578125 146.25 141.350006103515625 137.90625 132.462493896484375 126.9499969482421875 130.3249969482421875 136.46875 140.8249969482421875 142.6999969482421875 144.2062530517578125 144.3874969482421875 145.4499969482421875 147.2312469482421875 151.0124969482421875 154.8874969482421875 160.65625 167.443756103515625 173.59375 179.6374969482421875 185.8125 193.6687469482421875 202.556243896484375 208.6687469482421875 214.84375 219.2624969482421875 219.46875 218.9875030517578125 216.1999969482421875 213.8312530517578125 210.0625 205.7125091552734375
160.8125 161.693756103515625 161.899993896484375 160.7624969482421875 160.3937530517578125 158.6125030517578125 158.4812469482421875 159.024993896484375 159.8125 159.368743896484375 158.7062530517578125 157.3937530517578125 156.3687591552734375 154.306243896484375 151.46875 149.7062530517578125 147.9250030517578125 147.006256103515625 149.024993896484375 150.087493896484375 148.5625 148.34375 146.868743896484375 146.774993896484375 147.943756103515625 148.8562469482421875 152.7437591552734375 157.28125 162.162506103515625 168.7312469482421875 176.3874969482421875 182.806243896484375 188.712493896484375 195.618743896484375 203.5625 211.46875 217.9499969482421875 223.443756103515625 224.693756103515625 221.537506103515625 216.8937530517578125 213.462493896484375 209.2062530517578125 204.625
165.8874969482421875 164.975006103515625 164.8562469482421875 164.4875030517578125 163.600006103515625 161.743743896484375 159.149993896484375 155.03125 152.037506103515625 153.649993896484375 157.5500030517578125 160.3625030517578125 162.5124969482421875 161.962493896484375 161.631256103515625 161.78125 163.125 164.850006103515625 168 163.1062469482421875 156 152.306243896484375 149.225006103515625 148.9812469482421875 150.149993896484375 150.46875 153.875 158.25 164.2624969482421875 171.3000030517578125 177.90625 184.743743896484375 190.6437530517578125 197.375 204.8562469482421875 212.75 219.962493896484375 225.868743896484375 225.375 222.568756103515625 218.068756103515625 214.1374969482421875 209.506256103515625 204.0812530517578125
170.7937469482421875 169.7687530517578125 169.693756103515625 168.4250030517578125 167.912506103515625 165.0500030517578125 161.837493896484375 157.649993896484375 152.818756103515625 152.8874969482421875 161.0749969482421875 166.9187469482421875 171.787506103515625 172.943756103515625 172.899993896484375 172.75 173.46875 174.818756103515625 176.306243896484375 169.6374969482421875 160.2312469482421875 155.7687530517578125 151.756256103515625 152.8562469482421875 153.350006103515625 153.03125 156.2312469482421875 159.6374969482421875 165.462493896484375 172.84375 180.0437469482421875 185.6374969482421875 191.7937469482421875 197.962493896484375 205.03125 211.7062530517578125 219.1437530517578125 224.59375 223.556243896484375 220.625 215.6374969482421875 211.2937469482421875 208.225006103515625 204.243743896484375
175.46875 174.381256103515625 173.1374969482421875 172.1750030517578125 171.8625030517578125 169.806243896484375 167.100006103515625 164.7062530517578125 163.1125030517578125 165.7312469482421875 171.84375 177.912506103515625 182.962493896484375 184.9812469482421875 184.0124969482421875 182.6374969482421875 180.75 178.59375 175.3249969482421875 169.3562469482421875 160.9562530517578125 156.493743896484375 153.34375 155.5625 154.931243896484375 153.7062530517578125 156.6125030517578125 160.274993896484375 165.037506103515625 172.118743896484375 178.78125 184.787506103515625 191.568756103515625 198.4499969482421875 205.693756103515625 211.0812530517578125 216.993743896484375 222.0187530517578125 220.3937530517578125 217.125 213.443756103515625 209.3937530517578125 205.875 201.024993896484375
180.9625091552734375 179.899993896484375 177.6875 176.225006103515625 175.25 174.3125 173.125 173.631256103515625 174.875 178.850006103515625 185.9562530517578125 192.100006103515625 195.287506103515625 196.3562469482421875 193.431243896484375 189.568756103515625 184.662506103515625 179.21875 172.850006103515625 165.774993896484375 159.587493896484375 155.2375030517578125 154.1125030517578125 155.056243896484375 156.212493896484375 153.787506103515625 155.9562530517578125 159.40625 163.6999969482421875 169.3000030517578125 175.7624969482421875 182.4187469482421875 189.96875 197.556243896484375 204.6687469482421875 210.0812530517578125 214.78125 217.9250030517578125 216.5437469482421875 213.618743896484375 209.7062530517578125 204.662506103515625 201.037506103515625 196.6374969482421875
185.712493896484375 184.287506103515625 182.493743896484375 182.068756103515625 181.6125030517578125 180.78125 181.087493896484375 184.337493896484375 187.65625 192.375 200.243743896484375 207.462493896484375 207.7624969482421875 205.9562530517578125 201.4375 195.1437530517578125 188.912506103515625 180.25 172.4375 163.693756103515625 156.6374969482421875 152.9875030517578125 153.6999969482421875 157.3499908447265625 157.2375030517578125 152.631256103515625 154.4187469482421875 157.4875030517578125 162 168.493743896484375 174.84375 180.9875030517578125 188.7624969482421875 196.53125 203.787506103515625 208.118743896484375 211.600006103515625 213.3249969482421875 211.3249969482421875 208.524993896484375 204.375 198.9875030517578125 192.8562469482421875 187.118743896484375
191.40625 190.243743896484375 188.881256103515625 188.1999969482421875 187.899993896484375 189.0749969482421875 190.412506103515625 193.5187530517578125 198.15625 204.350006103515625 212.350006103515625 218.818756103515625 218.1999969482421875 212.337493896484375 206.662506103515625 199.662506103515625 191.78125 183.09375 173.9000091552734375 163.818756103515625 152.8937530517578125 150.225006103515625 152.350006103515625 154.193756103515625 150.712493896484375 146.943756103515625 151.118743896484375 156.037506103515625 160.6750030517578125 167.40625 173.78125 179.5625 186.806243896484375 194.506256103515625 201.59375 204.6062469482421875 206.193756103515625 206.5500030517578125 203.662506103515625 200.399993896484375 196.975006103515625 190.71875 180.8125 171.993743896484375
195.4812469482421875 194.9250030517578125 193.8000030517578125 193.5 193.912506103515625 194.5812530517578125 196.943756103515625 202.09375 207.5 214.2750091552734375 220.443756103515625 223.9562530517578125 221.412506103515625 216.5 209.03125 202.5749969482421875 193.943756103515625 185.5124969482421875 175.6999969482421875 166.0625 156.8562469482421875 152.84375 151.162506103515625 151.024993896484375 147.243743896484375 144.96875 149.1687469482421875 154.068756103515625 159.75 166.1687469482421875 172.4250030517578125 178.087493896484375 184.850006103515625 191.743743896484375 198.868743896484375 200.162506103515625 200.4562530517578125 200.068756103515625 195.806243896484375 190.850006103515625 185.0187530517578125 174.0437469482421875 165.1875 159.399993896484375
198.024993896484375 197.881256103515625 197.681243896484375 197.850006103515625 199.537506103515625 201.1750030517578125 204.7624969482421875 209.4250030517578125 214.40625 219.8249969482421875 225.600006103515625 226.899993896484375 224.337493896484375 219.5749969482421875 211.8562469482421875 204.618743896484375 195.9499969482421875 186.65625 177.71875 169.850006103515625 161.9812469482421875 155.96875 152.881256103515625 151.149993896484375 149.2375030517578125 147.8000030517578125 151.1875 156.024993896484375 161.037506103515625 167.725006103515625 173.3125 177.6999969482421875 184.9250030517578125 190.975006103515625 196.8937530517578125 195.9375 195.03125 193.9625091552734375 188.7937469482421875 178.756256103515625 167.024993896484375 159.256256103515625 154.9875030517578125 151.443756103515625
199.368743896484375 199.3874969482421875 199.9562530517578125 200.7375030517578125 203.2312469482421875 205.631256103515625 209.850006103515625 214.4625091552734375 218.537506103515625 224 229.212493896484375 229.693756103515625 226.868743896484375 221.806243896484375 214.662506103515625 204.993743896484375 196.8874969482421875 188.1750030517578125 179.2937469482421875 172.1687469482421875 166.256256103515625 160.506256103515625 156.274993896484375 153.90625 151.8125 150.493743896484375 153.0437469482421875 158.162506103515625 163.524993896484375 170.46875 175.7937469482421875 179.193756103515625 183.587493896484375 188.7687530517578125 193.131256103515625 192.2687530517578125 189.993743896484375 186.5500030517578125 180.006256103515625 168.162506103515625 154.087493896484375 147.875 145.59375 142.21875
198.787506103515625 199.5187530517578125 200.0437469482421875 201.837493896484375 205.3937530517578125 208.318756103515625 213.100006103515625 217.75 221.818756103515625 226.375 231.6750030517578125 232.2624969482421875 229.037506103515625 223.649993896484375 216.6687469482421875 207.5 195.274993896484375 186.618743896484375 179.65625 174.75 169.193756103515625 164.256256103515625 159.649993896484375 156.493743896484375 154.8625030517578125 152.931243896484375 154.6750030517578125 159.493743896484375 165.8125 173.4187469482421875 179.3125 182.0437469482421875 184.25 186.756256103515625 191.756256103515625 189.649993896484375 185 181.243743896484375 176.837493896484375 162.975006103515625 149.2062530517578125 142.274993896484375 137.7624969482421875 134.4499969482421875
196.875 198.162506103515625 198.912506103515625 201.4812469482421875 204.7375030517578125 208.350006103515625 213.0749969482421875 217.5812530517578125 221.4375 226.212493896484375 230.181243896484375 232.4562530517578125 230.375 225.3874969482421875 218 207.5749969482421875 195.037506103515625 183.96875 179.8937530517578125 175.90625 172.0749969482421875 167.412506103515625 162.8125 159.600006103515625 157.4375 155.943756103515625 156.493743896484375 162.212493896484375 169.9375 178.6062469482421875 183.506256103515625 181.3874969482421875 181.7062530517578125 183.943756103515625 186.4187469482421875 183.4375 180.5812530517578125 176.6125030517578125 170.243743896484375 160.131256103515625 147.056243896484375 138.8625030517578125 133.443756103515625 129.975006103515625
192.368743896484375 194.475006103515625 195.9499969482421875 199.40625 203.4250030517578125 207.1687469482421875 210.556243896484375 215.5812530517578125 219.8562469482421875 224.587493896484375 228.3125 229.0749969482421875 228.7937469482421875 227.2062530517578125 218.5437469482421875 205.7624969482421875 192.0187530517578125 181.0124969482421875 174.9562530517578125 173.274993896484375 172.399993896484375 169.850006103515625 162.8625030517578125 161.15625 159.5187530517578125 159.006256103515625 161.256256103515625 165.693756103515625 173.5 182.6875 188.21875 183.399993896484375 179.875 176.493743896484375 175.9375 174.8874969482421875 173.3312530517578125 169.2062530517578125 164.693756103515625 155.756256103515625 144.493743896484375 135.7312469482421875 129.6999969482421875 126.31874847412109375
187.256256103515625 189.8125 191.787506103515625 194.568756103515625 199.256256103515625 204.212493896484375 208.0812530517578125 211.962493896484375 216.068756103515625 220.5625 223.6437530517578125 224.8312530517578125 227.306243896484375 229.25 217.4375 200.256256103515625 185.068756103515625 177.3000030517578125 172.375 170.399993896484375 168.600006103515625 164.8937530517578125 161.993743896484375 160.8249969482421875 160.3249969482421875 161.375 163.837493896484375 168.524993896484375 173.631256103515625 179.9250030517578125 183.462493896484375 180.068756103515625 173.7624969482421875 166.5124969482421875 163.024993896484375 163.3000030517578125 165.8000030517578125 165.493743896484375 161.6687469482421875 153.78125 142.931243896484375 133.087493896484375 127.6125030517578125 123.99375152587890625
