data/historical-monthly-weather-data/wc2.1_cruts4.09_10m_prec_2000-04.asc
ncols        45
nrows        45
xllcorner    -63.500000000000
yllcorner    -7.500000000000
cellsize     0.166666666667
NODATA_value -9999
[rows 0 to 19 of 45, columns 0 to 44 of 45]
332.068756103515625 342.306243896484375 348.25 360.79998779296875 367.399993896484375 368.85626220703125 368.61248779296875 361.962493896484375 357.98748779296875 359.399993896484375 365.162506103515625 367.91876220703125 368.443756103515625 365.743743896484375 360.35626220703125 355.46875 352.20623779296875 344.056243896484375 339.54998779296875 335.85626220703125 336.46875 339.399993896484375 341.01873779296875 343.04998779296875 342.03125 343.850006103515625 340.73126220703125 338.98126220703125 336.17498779296875 338.17498779296875 341.600006103515625 345.26251220703125 347.08123779296875 350.95623779296875 354.51251220703125 359.40625 361.962493896484375 364.66876220703125 370.306243896484375 373.83123779296875 377.100006103515625 379.024993896484375 377.181243896484375 377.57501220703125 375.837493896484375
340.79998779296875 349.193756103515625 362.76251220703125 375.95623779296875 388.13751220703125 387.86248779296875 385.1875 384.54998779296875 383.462493896484375 384.493743896484375 389.08123779296875 388.943756103515625 388.26873779296875 385.306243896484375 377.10626220703125 372.48126220703125 365.66876220703125 357 349.11248779296875 341.431243896484375 340.881256103515625 342.01251220703125 345.118743896484375 345.768768310546875 347.462493896484375 348.91876220703125 346.743743896484375 346.631256103515625 343.625 346.743743896484375 353.16876220703125 360.618743896484375 363.931243896484375 369.743743896484375 372.92498779296875 376.98748779296875 381.54376220703125 384.17498779296875 388.681243896484375 390.556243896484375 392.1875 394.33123779296875 392.54376220703125 390.181243896484375 387.33123779296875
343.868743896484375 354.59375 366.29376220703125 381.70623779296875 395.399993896484375 398.71875 400.63751220703125 404 409.20001220703125 410.92498779296875 411.818756103515625 408.537506103515625 406.862518310546875 400.26873779296875 391.46875 384.95623779296875 377.475006103515625 370.32501220703125 362.756256103515625 357.699981689453125 359.162506103515625 362.256256103515625 364.243743896484375 364.693756103515625 367.01251220703125 368.23748779296875 367.600006103515625 363.431243896484375 358.5 363.48126220703125 370.20623779296875 377.01873779296875 384.024993896484375 389.65625 391.868743896484375 394.26873779296875 400.11248779296875 404.162506103515625 406.3125 407.40625 407.92498779296875 407.17498779296875 405 403.024993896484375 399.96875
340.524993896484375 351.71875 367.79998779296875 380.443756103515625 393.64373779296875 403.03125 410.618743896484375 419.04376220703125 429.875 436.506256103515625 435.63751220703125 428.03125 420.587493896484375 414.08123779296875 403.787506103515625 396.375 389.631256103515625 384.07501220703125 378.88751220703125 376.57501220703125 380.95623779296875 385.15625 386.368743896484375 387.899993896484375 389.38751220703125 388.225006103515625 388.087493896484375 381.67498779296875 376.15625 383.506256103515625 390.71875 397.881256103515625 401.912506103515625 407.16876220703125 409.6875 414.368743896484375 418.618743896484375 421.91876220703125 425.337493896484375 423.287506103515625 422.38751220703125 422.51873779296875 417.1875 412.76251220703125 411.287506103515625
353.29376220703125 358.28125 364.087493896484375 376.29998779296875 392.71875 404.54998779296875 413.837493896484375 427.73126220703125 445.1875 458.86248779296875 454.57501220703125 439.475006103515625 431.17498779296875 424.95001220703125 414.13751220703125 405.8125 398.087493896484375 395.40625 392.912506103515625 392.71875 399.8125 404.21875 407.068756103515625 410.618743896484375 408.5625 407.006256103515625 403.787506103515625 401.287506103515625 398.100006103515625 403.162506103515625 410.787506103515625 414.41876220703125 418.0625 424.17498779296875 428.287506103515625 432.23126220703125 434.587493896484375 437.82501220703125 440.806243896484375 438.04376220703125 437.506256103515625 432.25 427.368743896484375 424.58123779296875 421.012481689453125
355.38751220703125 361.737518310546875 367.98126220703125 372.037506103515625 386.98126220703125 401.837493896484375 413.006256103515625 428.587493896484375 446.83123779296875 464.76873779296875 456.98126220703125 443.29376220703125 436.587493896484375 431.431243896484375 421.01251220703125 414.40625 405.556243896484375 404.962493896484375 407.9375 411.287506103515625 416.57501220703125 420.868743896484375 427.33123779296875 428.818756103515625 428.550018310546875 428.41876220703125 424.28125 420.51873779296875 416.51873779296875 420.15625 426.21875 432.100006103515625 432.381256103515625 437.8125 444.337493896484375 446.82501220703125 451.48748779296875 454.42498779296875 455.26873779296875 453.537506103515625 446.65625 440.149993896484375 435.631256103515625 432.95623779296875 431.162506103515625
358.76251220703125 364.243743896484375 370.53125 373.4375 378.23126220703125 388.48126220703125 400.54376220703125 415.08123779296875 427.149993896484375 436.71875 441.45623779296875 438.88751220703125 439.274993896484375 435.08123779296875 427.662506103515625 423.837493896484375 417.212493896484375 415.03125 418.212493896484375 425.85626220703125 433.431243896484375 439.931243896484375 446.181243896484375 445.09375 446.40625 447.743743896484375 444.75 438.131256103515625 433.037506103515625 436.35626220703125 442.381256103515625 446.11248779296875 448.1875 450.23748779296875 455.875 458.443756103515625 460.61248779296875 464.42498779296875 467.212493896484375 462.881256103515625 449.90625 443.587493896484375 439.412506103515625 436.23748779296875 436.88751220703125
362.993743896484375 365.149993896484375 368.875 373.9375 379.16876220703125 386.67498779296875 390.193756103515625 392.75 394.712493896484375 403.54376220703125 420.82501220703125 431.243743896484375 437.1875 438.34375 435.506256103515625 431.899993896484375 426.774993896484375 426.54376220703125 428.506256103515625 438.85626220703125 449.618743896484375 458.11248779296875 463.243743896484375 462.949981689453125 466.756256103515625 465.074981689453125 460.98126220703125 454.631256103515625 449.78125 453.100006103515625 454.649993896484375 457.20001220703125 459.07501220703125 461.39373779296875 465.125 463.20001220703125 465.29998779296875 466.881256103515625 465.13751220703125 457.425018310546875 446.399993896484375 441.806243896484375 436.67498779296875 431.41876220703125 429.881256103515625
365.32501220703125 367.73748779296875 370.875 373.84375 378.493743896484375 383.45001220703125 387.600006103515625 387.631256103515625 381.40625 383.45623779296875 405.67498779296875 421.57501220703125 437.25 441.556243896484375 440.76873779296875 441.32501220703125 441.01873779296875 443.59375 449.10626220703125 456.962493896484375 460.037506103515625 471.712493896484375 476.693756103515625 480.225006103515625 482.75 478.100006103515625 471.943756103515625 466.162506103515625 460.82501220703125 462.556243896484375 465.14373779296875 463.118743896484375 462.162506103515625 460.54998779296875 463.631256103515625 462.36248779296875 464.20623779296875 462.34375 459.243743896484375 450.181243896484375 439.449981689453125 432.25 428.024993896484375 424.037506103515625 417.73126220703125
367.09375 367.26251220703125 371.16876220703125 374.556243896484375 377.73126220703125 383.3125 388.75 389.76873779296875 391.20623779296875 399.143768310546875 415.88751220703125 426.625 439.03125 444.625 449.4375 451.95001220703125 455.181243896484375 460.75 467.11248779296875 479.11248779296875 481.85626220703125 487.32501220703125 491.037506103515625 496.743743896484375 493.85626220703125 486.043731689453125 478.875 472.318756103515625 468.381256103515625 472.23748779296875 469.32501220703125 463.58123779296875 460.65625 458.66876220703125 459.556243896484375 459.41876220703125 457.20623779296875 454.8125 449.91876220703125 443.07501220703125 434.65625 427.03125 420.03125 409.8125 406.368743896484375
368.84375 369.92498779296875 372.92498779296875 375.662506103515625 376.818756103515625 383.29376220703125 390.11248779296875 393.76251220703125 400.975006103515625 412.068756103515625 428.35626220703125 441.1875 445.64373779296875 450.79998779296875 455.368743896484375 459.8125 466.63751220703125 474.88751220703125 484.693756103515625 496.212493896484375 505.556243896484375 508.89373779296875 507.39373779296875 497.9375 500.35626220703125 493.068756103515625 482.0625 474.04376220703125 467.587493896484375 469.943756103515625 465.774993896484375 458.625 455.6875 453.03125 452.84375 448.20001220703125 445.01873779296875 442.73748779296875 438.625 432.243743896484375 423.23748779296875 414.73126220703125 409.725006103515625 401.84375 396.92498779296875
368.01251220703125 368.3125 370.993743896484375 377.600006103515625 380.756256103515625 385.17498779296875 394.212493896484375 402.01873779296875 412.26873779296875 424.625 440.79376220703125 455.193756103515625 455.01873779296875 456.70001220703125 460.850006103515625 466.337493896484375 472.506256103515625 481.01873779296875 492.07501220703125 505.131256103515625 513.78753662109375 517.48748779296875 517.23748779296875 512.2750244140625 502.23126220703125 487.01873779296875 475.01873779296875 464.681243896484375 458.287506103515625 456.256256103515625 451.90625 445.806243896484375 441.100006103515625 438.83123779296875 438.100006103515625 434.95001220703125 433.681243896484375 432.48126220703125 425.1875 416.118743896484375 408.8125 401.53125 394.63751220703125 382.399993896484375 377.1875
368.056243896484375 368.11248779296875 371.412506103515625 376.73126220703125 382.01873779296875 390.88751220703125 398.100006103515625 405.29998779296875 415.212493896484375 430.568756103515625 446.32501220703125 461.350006103515625 463.881256103515625 456.5 460.03125 468.475006103515625 473.08123779296875 481.431243896484375 494.412506103515625 505.131256103515625 514.17498779296875 515.73126220703125 511.193756103515625 504.83123779296875 483.912506103515625 466.193756103515625 459.54998779296875 449.681243896484375 445.23748779296875 441.26251220703125 436.23748779296875 429.331268310546875 424.193756103515625 421.89373779296875 419.662506103515625 419.66876220703125 419.63751220703125 418.98748779296875 413.806243896484375 405.48126220703125 392.28125 387.087493896484375 376.70623779296875 365.08123779296875 364.20001220703125
366.73126220703125 366.86248779296875 369.056243896484375 373.9375 381.70623779296875 390.181243896484375 397.024993896484375 405.11248779296875 416.787506103515625 429.931243896484375 441.29376220703125 451.03125 456.681243896484375 455.73748779296875 454.962493896484375 464.631256103515625 469.1875 474.443756103515625 487.631256103515625 495.71875 502.6875 501.568756103515625 498.837493896484375 484.95623779296875 467.96875 452.92498779296875 444.274993896484375 435.931243896484375 429.73126220703125 426.01251220703125 420.16876220703125 414.100006103515625 406.068756103515625 403.412506103515625 402.88751220703125 404.743743896484375 405.53125 407.59375 405.100006103515625 395.087493896484375 377.70001220703125 365.256256103515625 361.287506103515625 359.61248779296875 362.5
363.73748779296875 364.587493896484375 367.83123779296875 373.45001220703125 382.0625 390.14373779296875 398.38751220703125 406.256256103515625 415.10626220703125 424.85626220703125 434.337493896484375 443.381256103515625 447.649993896484375 448.006256103515625 445.51873779296875 449.493743896484375 455.787506103515625 466.306243896484375 477.8125 486.07501220703125 489.462493896484375 491.20623779296875 485.600006103515625 471.59375 455.79998779296875 443.625 433.9375 426.600006103515625 420.78125 414.631256103515625 405.17498779296875 394.23126220703125 390.118743896484375 385.274993896484375 382.756256103515625 383.67498779296875 391.4375 398.774993896484375 395.36248779296875 381.6875 365.14373779296875 358.60626220703125 360.625 356.0625 355.493743896484375
358.59375 359.61248779296875 365.5 372.993743896484375 380.993743896484375 389.04376220703125 396.84375 404.91876220703125 415.375 422.806243896484375 430.01873779296875 437.54376220703125 442.07501220703125 440.78125 435.36248779296875 429.65625 441.243743896484375 457.54376220703125 466.98126220703125 475.962493896484375 479.41876220703125 478.3125 471.931243896484375 459.1875 443.89373779296875 434.01873779296875 423.100006103515625 417.15625 411.35626220703125 405.67498779296875 398.662506103515625 386.524993896484375 373.73748779296875 366.118743896484375 360.04998779296875 369.45001220703125 377.67498779296875 386.1875 383.881256103515625 375.774993896484375 362.381256103515625 359.21875 357.09375 350.91876220703125 348.118743896484375
351.76873779296875 354.837493896484375 362.63751220703125 371.381256103515625 379.350006103515625 387.350006103515625 397.375 405.443756103515625 412.91876220703125 420.23126220703125 425.625 432.70623779296875 435.75 434.96875 432.493743896484375 431 431.67498779296875 443.95623779296875 457.3125 468.1875 471.256256103515625 471.681243896484375 465.350006103515625 447.818756103515625 433.399993896484375 422.42498779296875 413.58123779296875 407.568756103515625 403.787506103515625 399.60626220703125 391.4375 379.51251220703125 367.60626220703125 358.76251220703125 359.70623779296875 363.75 372.912506103515625 382.868743896484375 386.306243896484375 375.850006103515625 363.76251220703125 359.23126220703125 351.881256103515625 345.475006103515625 340.899993896484375
343 349.256256103515625 357.70001220703125 369.79376220703125 378.90625 388.787506103515625 400.23126220703125 407.07501220703125 413.51873779296875 418.15625 421.0625 426.556243896484375 428.75 430.006256103515625 428.962493896484375 429.806243896484375 429.774993896484375 428.306243896484375 446.431243896484375 458.66876220703125 465.475006103515625 465.04376220703125 459.381256103515625 442.524993896484375 429.743743896484375 419.381256103515625 406.54998779296875 404.10626220703125 401.75 395.5625 381.39373779296875 359.78125 356.23126220703125 353.618743896484375 352.125 360.34375 368.89373779296875 376.96875 378.41876220703125 375.48126220703125 361.712493896484375 355.42498779296875 348.131256103515625 340.64373779296875 336.712493896484375
332.875 341.63751220703125 353.375 365.21875 376.318756103515625 388.5625 399.649993896484375 410.11248779296875 416.537506103515625 419.65625 419.29376220703125 418.956268310546875 421.10626220703125 424.975006103515625 420.712493896484375 421.568756103515625 423.25 424.07501220703125 430.85626220703125 443.34375 458.9375 463.63751220703125 445.73126220703125 436.38751220703125 428.443756103515625 422.8125 414.54998779296875 408.57501220703125 406.287506103515625 397.09375 381.9375 361.5 351.412506103515625 338.774993896484375 335.76251220703125 344.40625 354.29998779296875 361.67498779296875 367.681243896484375 364.42498779296875 358.3125 352.506256103515625 343.912506103515625 336.1875 332.706268310546875
322.1875 333.54998779296875 345.756256103515625 357.04376220703125 371.899993896484375 388.45001220703125 402.96875 411.806243896484375 417.712493896484375 420.15625 417.431243896484375 418.318756103515625 419.193756103515625 420.13751220703125 413.881256103515625 406.774993896484375 404.46875 415.1875 421.381256103515625 432.78125 441.337493896484375 442.962493896484375 443.037506103515625 435.5625 428.83123779296875 423.01873779296875 417.39373779296875 415.48126220703125 408.83123779296875 394.524993896484375 374.73126220703125 361.83123779296875 345.75 326.28125 315.25 323.443756103515625 340.04376220703125 353.287506103515625 358.71875 358.537506103515625 352.71875 347.20623779296875 339.38751220703125 331.66876220703125 325.600006103515625
