data/historical-monthly-weather-data/wc2.1_cruts4.09_10m_prec_1964-06.asc
ncols        51
nrows        45
xllcorner    -63.500000000000
yllcorner    -7.500000000000
cellsize     0.166666666667
NODATA_value -9999
[rows 0 to 18 of 45, columns 0 to 43 of 51]
338.54376220703125 338.131256103515625 335.868743896484375 344.17498779296875 347.506256103515625 352.96875 351.54376220703125 347.98126220703125 338.60626220703125 340.88751220703125 345.975006103515625 345.324981689453125 345.006256103515625 340.42498779296875 333.29376220703125 327.91876220703125 319.75 310.912506103515625 301.71875 296.368743896484375 296.83123779296875 288.29376220703125 281.443756103515625 271.024993896484375 262.806243896484375 256.23126220703125 253.8249969482421875 253.681243896484375 246.649993896484375 240.662506103515625 229.8625030517578125 225.7062530517578125 224.962493896484375 219.756256103515625 215.3562469482421875 212.1687469482421875 208.475006103515625 206.556243896484375 200.6687469482421875 197.2624969482421875 196.943756103515625 201.125 198.1687469482421875 197.7624969482421875
332.90625 332.318756103515625 337.51873779296875 343.537506103515625 352.40625 357.762481689453125 356.162506103515625 352.0625 351.33123779296875 352.95623779296875 354.11248779296875 350.462493896484375 340.524993896484375 333.037506103515625 323.287506103515625 315.431243896484375 304.537506103515625 292.1875 282.04998779296875 277.67498779296875 276.037506103515625 268.75 264.537506103515625 257.42498779296875 249.6875 242.381256103515625 240.631256103515625 237.9812469482421875 232.1624908447265625 222.7062530517578125 216.5437469482421875 216.8937530517578125 214.0625 210.96875 208.4250030517578125 202.21875 199.725006103515625 196.6687469482421875 191.743743896484375 189.399993896484375 191.84375 187.6374969482421875 190.493743896484375 190.2624969482421875
318.993743896484375 326.993743896484375 331.73126220703125 332.256256103515625 341.618743896484375 351.037506103515625 353.78125 360.162506103515625 361.01251220703125 361.98126220703125 359.068756103515625 349.4375 340.41876220703125 324.537506103515625 311.625 301.318756103515625 287.63751220703125 276.306243896484375 267.225006103515625 260.975006103515625 259.975006103515625 258.79998779296875 253.8249969482421875 251.0500030517578125 239.868743896484375 231.131256103515625 233.0812530517578125 228.118743896484375 219.131256103515625 215.743743896484375 207.899993896484375 204.4562530517578125 200.8562469482421875 199.1374969482421875 194.0187530517578125 183.943756103515625 183.2312469482421875 182.931243896484375 179.212493896484375 177.8874969482421875 181.9875030517578125 180.681243896484375 181.21875 180.0124969482421875
303.181243896484375 304.92498779296875 315.412506103515625 321.82501220703125 326.67498779296875 336.46875 346.73126220703125 356.568756103515625 363.51251220703125 367.337493896484375 360.287506103515625 345.83123779296875 330.64373779296875 313.04376220703125 300.01251220703125 288.068756103515625 270.587493896484375 261.34375 253.181243896484375 254.881256103515625 251.787506103515625 244.6999969482421875 241.8249969482421875 240.8125 229.4250030517578125 221.006256103515625 219.649993896484375 212.381256103515625 207.568756103515625 205.037506103515625 199.649993896484375 193.4250030517578125 189.1999969482421875 182.431243896484375 177.243743896484375 176.506256103515625 175.8312530517578125 172.631256103515625 168.712493896484375 167.6437530517578125 170.225006103515625 173.274993896484375 173.6750030517578125 172.068756103515625
310.71875 308.01873779296875 298.95623779296875 307.36248779296875 320.037506103515625 325.45001220703125 336.943756103515625 353.931243896484375 368.399993896484375 374.006256103515625 365.51251220703125 338.868743896484375 322.26251220703125 305.70001220703125 287.98748779296875 274.131256103515625 259.306243896484375 245.1374969482421875 237.212493896484375 237.006256103515625 233.9250030517578125 231.274993896484375 229.743743896484375 227.15625 216.475006103515625 209.618743896484375 205.3249969482421875 203.90625 199.600006103515625 193.0500030517578125 190.7937469482421875 187.1687469482421875 180.649993896484375 175.306243896484375 172.649993896484375 167.287506103515625 165.5187530517578125 164.5812530517578125 159.6374969482421875 156.71875 159.600006103515625 162.5124969482421875 164.6875 166.78125
300.35626220703125 302.625 295.600006103515625 283.5625 299.868743896484375 318.54998779296875 326.29998779296875 339.243743896484375 358.425018310546875 366.625 351.568756103515625 326.88751220703125 311.26873779296875 295.3125 275.568756103515625 261.88751220703125 246.306243896484375 233.5625 229.5187530517578125 227.125 226.912506103515625 223.225006103515625 220.1437530517578125 212.537506103515625 206.850006103515625 201.4875030517578125 195.375 193.96875 190.600006103515625 184.712493896484375 184.6750030517578125 181.5749969482421875 177.7687530517578125 170.6437530517578125 163.28125 163.4375 158.225006103515625 151.0437469482421875 149.9875030517578125 152.28125 151.556243896484375 155.65625 155.8625030517578125 157.412506103515625
296.962493896484375 295.181243896484375 289.8125 283.725006103515625 280.38751220703125 285.83123779296875 293.73748779296875 313.54376220703125 321.29998779296875 328.53125 322.92498779296875 305.23126220703125 295.399993896484375 284.04998779296875 266.76873779296875 252.4812469482421875 240.4250030517578125 229.056243896484375 220.024993896484375 218.875 212.6437530517578125 209.850006103515625 205.46875 201.75 200.9187469482421875 195.8312530517578125 189.225006103515625 185.368743896484375 181.90625 183.1062469482421875 178.100006103515625 172.118743896484375 166.6875 163.5124969482421875 161.2062530517578125 156.1687469482421875 147.1062469482421875 142.4124908447265625 140.4187469482421875 143.1875 142.21875 144.556243896484375 147.212493896484375 149.03125
290.024993896484375 282.0625 277.912506103515625 279.98126220703125 277.61248779296875 286.4375 279.962493896484375 274.943756103515625 270.756256103515625 282.29998779296875 288.14373779296875 282.51873779296875 277.73748779296875 268.381256103515625 258.818756103515625 246.1750030517578125 231.131256103515625 221.84375 212.943756103515625 205.118743896484375 209.899993896484375 203.6999969482421875 197.6687469482421875 193.4250030517578125 192.5812530517578125 185.631256103515625 180.6437530517578125 176.96875 173.8937530517578125 170.7687530517578125 173.15625 166.868743896484375 162.1687469482421875 157.1374969482421875 149.9875030517578125 143.962493896484375 137.9499969482421875 133.0124969482421875 128.0187530517578125 126.71875 127.65625 132.662506103515625 132.0812530517578125 131.4499969482421875
280.01873779296875 274.92498779296875 267.818756103515625 266.73126220703125 267.16876220703125 268.462493896484375 272.350006103515625 272.76251220703125 258.681243896484375 251.4187469482421875 253.681243896484375 254.59375 259.39373779296875 254.0749969482421875 247.631256103515625 235.787506103515625 230.7937469482421875 225.0187530517578125 218.6687469482421875 207.4499969482421875 197.9375 200.4375 189.5187530517578125 191.0187530517578125 185.431243896484375 179.7687530517578125 175.0812530517578125 173.5749969482421875 174.506256103515625 170.3562469482421875 172.8125 159.71875 148.78125 142.46875 139.943756103515625 139.243743896484375 135.618743896484375 132.34375 127.09999847412109375 122.33124542236328125 119.59375 118.8000030517578125 123.375 122.49375152587890625
270.65625 266.57501220703125 260.73126220703125 259.306243896484375 258.681243896484375 258.375 260.243743896484375 256.1875 252.625 247.7312469482421875 242.0749969482421875 231.631256103515625 239.256256103515625 239.5500030517578125 237.34375 232.1750030517578125 225.4250030517578125 227.3625030517578125 222.399993896484375 215.90625 202.09375 194.21875 181.59375 179.8937530517578125 173.225006103515625 171.7062530517578125 168.4187469482421875 165.4562530517578125 163.15625 163.618743896484375 163.28125 154.15625 147.4562530517578125 141.90625 135.600006103515625 132.84375 131.118743896484375 129.5437469482421875 125.96875 125.16249847412109375 123.9187469482421875 122.4812469482421875 117.3000030517578125 111.34375
265.04376220703125 258.70001220703125 252.756256103515625 249.5 246.256256103515625 248.9812469482421875 244.743743896484375 241.100006103515625 240.993743896484375 239.337493896484375 237.1374969482421875 228.5749969482421875 223.21875 225.3125 224.181243896484375 222.868743896484375 219.53125 216.8562469482421875 217.5187530517578125 219.0500030517578125 217.1687469482421875 202.78125 182.149993896484375 162.8125 163.524993896484375 170.618743896484375 169.162506103515625 163.024993896484375 157.1374969482421875 155.3874969482421875 154.0500030517578125 148.1750030517578125 143.5812530517578125 139.0500030517578125 134.118743896484375 128.4812469482421875 126.69374847412109375 123.4812469482421875 124.84375 122.2937469482421875 119.8874969482421875 116.1687469482421875 113.83750152587890625 104.41249847412109375
254.193756103515625 249.350006103515625 247.34375 240.6999969482421875 238.3562469482421875 236.5124969482421875 238.318756103515625 236.71875 235.3562469482421875 227.318756103515625 228.3937530517578125 223.9875030517578125 210.5124969482421875 212.587493896484375 218.09375 216.1374969482421875 213.2375030517578125 212.8625030517578125 216.1875 226.09375 225.587493896484375 213.40625 190.6999969482421875 165.8125 159.743743896484375 158.7687530517578125 154.806243896484375 152.850006103515625 151.649993896484375 147.993743896484375 140.7375030517578125 139.149993896484375 136.256256103515625 130.0749969482421875 128.3937530517578125 127.63124847412109375 127.91249847412109375 125.9875030517578125 120.8312530517578125 121.46875 119.38124847412109375 114.6062469482421875 104.2312469482421875 89.59375
248.5 242.225006103515625 238.243743896484375 232.037506103515625 230.96875 226.78125 226.399993896484375 225.350006103515625 220.8562469482421875 217.0749969482421875 216.2687530517578125 215.5187530517578125 210.537506103515625 198.6374969482421875 199.5625 202.556243896484375 202.3625030517578125 205.412506103515625 202.3249969482421875 210.3000030517578125 214.350006103515625 204.193756103515625 187.712493896484375 167.506256103515625 151.118743896484375 147.3125 147.40625 146.943756103515625 147.25 146.118743896484375 137.7687530517578125 131 131.21875 124.03125 122.125 123.52500152587890625 127.63124847412109375 128.4250030517578125 130.9375 127.0187530517578125 118.7624969482421875 111.8937530517578125 96.46250152587890625 84.4875030517578125
240.53125 234.9187469482421875 229.462493896484375 224.274993896484375 219.2062530517578125 216.9375 214.006256103515625 214.587493896484375 212.7062530517578125 207.2375030517578125 205.193756103515625 200.8249969482421875 199.149993896484375 193.21875 181.600006103515625 188.256256103515625 187.412506103515625 187.6125030517578125 187.9375 193.6374969482421875 195.837493896484375 187.8562469482421875 175.6687469482421875 164.2687530517578125 153.1374969482421875 144.3125 139.9250030517578125 137.1125030517578125 136.59375 134.662506103515625 132.375 127.7624969482421875 125.1750030517578125 123.09375 118.31874847412109375 125.00624847412109375 132.9499969482421875 137.993743896484375 140.5437469482421875 133.318756103515625 114.02500152587890625 102.0437469482421875 96.96875 96.36875152587890625
227.875 223.1687469482421875 220.625 217.2624969482421875 211.8625030517578125 209.1374969482421875 207.7687530517578125 205.6875 203.006256103515625 199.3249969482421875 195.28125 192.068756103515625 189.3874969482421875 181.743743896484375 168.024993896484375 171.84375 172.662506103515625 176.756256103515625 173.337493896484375 176.662506103515625 180.462493896484375 175.337493896484375 169.6374969482421875 162.8937530517578125 158.493743896484375 151.2062530517578125 146.6687469482421875 142.0812530517578125 141.8874969482421875 134.649993896484375 126.69374847412109375 124.8249969482421875 127.4812469482421875 120.74375152587890625 112.5625 113.53749847412109375 128.587493896484375 142.9562530517578125 143.0124969482421875 132.337493896484375 120.8625030517578125 113.9250030517578125 112.22499847412109375 103.21250152587890625
218.5500030517578125 212 209.8625030517578125 204.756256103515625 203.7624969482421875 202.0625 199.149993896484375 195.46875 195.649993896484375 195.975006103515625 191.631256103515625 187.2312469482421875 184.287506103515625 177.193756103515625 165.899993896484375 151.368743896484375 155.943756103515625 163.3937530517578125 160.837493896484375 163.3625030517578125 165.6125030517578125 164.1125030517578125 163.59375 162.850006103515625 159.6999969482421875 153.5625 146.631256103515625 143.556243896484375 140.65625 139.256256103515625 133.46875 126.55625152587890625 118.3625030517578125 110.28125 103.53125 118.6374969482421875 124.63124847412109375 133.8625030517578125 139.34375 138.693756103515625 134.662506103515625 128.193756103515625 117.90000152587890625 104.46875
207.5500030517578125 203.1687469482421875 198.7312469482421875 197.5812530517578125 196.243743896484375 195.537506103515625 192.5500030517578125 190.28125 186.1999969482421875 184.568756103515625 184.2687530517578125 181.84375 175.881256103515625 169.3000030517578125 164.618743896484375 151.9187469482421875 136.9562530517578125 142.587493896484375 147.1999969482421875 148.506256103515625 149.024993896484375 152.2624969482421875 153.587493896484375 159.3312530517578125 157.068756103515625 146.8125 140.625 137.118743896484375 139.243743896484375 139.125 137.0437469482421875 133.4625091552734375 125.2312469482421875 121.56874847412109375 126.125 130.3562469482421875 138.5749969482421875 144.84375 149.475006103515625 140.5500030517578125 136.4562530517578125 126.13124847412109375 112.18125152587890625 102.4187469482421875
194.8874969482421875 191.943756103515625 191.524993896484375 190.649993896484375 190.131256103515625 191.618743896484375 187.78125 184.7312469482421875 180.756256103515625 175.787506103515625 172.875 173.2937469482421875 166.4812469482421875 161.2375030517578125 159.0749969482421875 150.600006103515625 136.556243896484375 123.54999542236328125 136.381256103515625 133.462493896484375 134.3000030517578125 137.9562530517578125 145.0437469482421875 149.649993896484375 151.34375 141.931243896484375 133.5500030517578125 135.975006103515625 137.1750030517578125 134.181243896484375 126.1875 119.2624969482421875 132.600006103515625 133.431243896484375 133.34375 151.7375030517578125 156.899993896484375 149.756256103515625 147.3937530517578125 140.7062530517578125 125.1875 113.08750152587890625 102.2062530517578125 95.5187530517578125
183.6437530517578125 183.5812530517578125 183.4875030517578125 183.931243896484375 184.662506103515625 183.318756103515625 180.7937469482421875 177.375 175.318756103515625 172.600006103515625 168.2375030517578125 160.3249969482421875 155.2062530517578125 152.3249969482421875 147.556243896484375 141.881256103515625 137.568756103515625 122.23125457763671875 116.2937469482421875 116.2937469482421875 122.52500152587890625 131.2624969482421875 125.46875 134.243743896484375 136.5500030517578125 139.2375030517578125 136.53125 131.8625030517578125 135.78125 132.5437469482421875 126.81874847412109375 126.34375 132.09375 131.162506103515625 136.1750030517578125 148.256256103515625 147.350006103515625 139.3937530517578125 136.4250030517578125 126.28125 113.18125152587890625 99.6750030517578125 93.44374847412109375 90.09999847412109375
