data/historical-monthly-weather-data/wc2.1_cruts4.09_10m_prec_2019-01.asc
ncols        51
nrows        45
xllcorner    -63.500000000000
yllcorner    -7.500000000000
cellsize     0.166666666667
NODATA_value -9999
[rows 20 to 39 of 45, columns 0 to 44 of 51]
279.14373779296875 281.337493896484375 284.73126220703125 290.056243896484375 295.89373779296875 304.79376220703125 314.71875 322.212493896484375 328.431243896484375 332.23126220703125 334.737518310546875 336.95001220703125 342.087493896484375 347.774993896484375 334.381256103515625 310.76873779296875 293.118743896484375 281.76873779296875 277.181243896484375 272.712493896484375 272.91876220703125 271.975006103515625 270.45001220703125 273.625 278.20001220703125 283.36248779296875 288.59375 294.568756103515625 300.03125 304.806243896484375 302.875 296.11248779296875 284.0625 271.29998779296875 260.82501220703125 280.95001220703125 311.73748779296875 335.20001220703125 345.46875 343.70623779296875 333.61248779296875 321.76251220703125 314.01873779296875 308.287506103515625 302.756256103515625
268.868743896484375 269.162506103515625 272.399993896484375 278.943756103515625 287.28125 297.725006103515625 308.63751220703125 319.375 325.8125 324.98126220703125 321.462493896484375 314.63751220703125 311.29376220703125 311.45623779296875 305.8125 293.9375 284.75 277.493743896484375 272.743743896484375 269.51873779296875 267.48748779296875 267.23126220703125 268.306243896484375 272.60626220703125 278.256256103515625 284.95623779296875 293.1875 297.350006103515625 299.67498779296875 300.024993896484375 294.13751220703125 286.756256103515625 280.17498779296875 276.868743896484375 277.243743896484375 296.28125 327.725006103515625 354.90625 364.837493896484375 359.17498779296875 345.600006103515625 331.45623779296875 321.32501220703125 313.443756103515625 306.212493896484375
259.193756103515625 259.0625 260.431243896484375 266.73126220703125 276.725006103515625 290.15625 302.587493896484375 315.08123779296875 323.962493896484375 318.09375 305.84375 289.931243896484375 279.006256103515625 277.98748779296875 280.1875 278.5625 274.087493896484375 270.168731689453125 266.71875 263.84375 263.006256103515625 262.61248779296875 263.125 267.631256103515625 275.631256103515625 285.34375 294.91876220703125 298.5625 298.67498779296875 294.618743896484375 287.16876220703125 281.07501220703125 283.29998779296875 287.25 295.649993896484375 314.118743896484375 345.631256103515625 381.725006103515625 388.649993896484375 372.524993896484375 354.5 339.381256103515625 325.34375 315.75 308
250.7312469482421875 248.5625 248.9499969482421875 256.306243896484375 268.45623779296875 281.649993896484375 294.98126220703125 307.14373779296875 313.5 304.875 289.79376220703125 272.59375 253.9562530517578125 256.23126220703125 264.443756103515625 267.08123779296875 265.9375 264.087493896484375 262.09375 260.375 258.53125 257.537506103515625 257.76873779296875 261.912506103515625 271.14373779296875 281.25 292.40625 295.524993896484375 295.45623779296875 293.5625 289.149993896484375 286.79376220703125 291.95001220703125 299.5625 310.60626220703125 328.84375 355.88751220703125 386.92498779296875 392.212493896484375 376.04376220703125 357.212493896484375 340.618743896484375 326.32501220703125 316.118743896484375 309.60626220703125
243.8249969482421875 240.5437469482421875 239.7624969482421875 250.024993896484375 265.431243896484375 277 287.556243896484375 296.70001220703125 298.67498779296875 292.34375 280.40625 266.48748779296875 254.725006103515625 253.806243896484375 257.64373779296875 260.774993896484375 261.34375 261.493743896484375 259.73126220703125 256.67498779296875 254.287506103515625 251.6062469482421875 250.7937469482421875 254.287506103515625 262.98748779296875 274.693756103515625 284.556243896484375 291.76251220703125 294.524993896484375 296.53125 296.4375 298.46875 303.725006103515625 312.3125 323.381256103515625 337.350006103515625 357.524993896484375 373.5 377.01873779296875 368.350006103515625 352.82501220703125 337.693756103515625 324.399993896484375 316.193756103515625 307.493743896484375
242.850006103515625 242.131256103515625 243.1937408447265625 252.9875030517578125 264.51873779296875 274.131256103515625 281.73748779296875 286.506256103515625 286.42498779296875 281.4375 274.04376220703125 266.068756103515625 258.725006103515625 256.29998779296875 256.787506103515625 258.493743896484375 259.76251220703125 260.418731689453125 258.96875 255.287506103515625 252.506256103515625 247.037506103515625 244.2375030517578125 245.34375 254.806243896484375 268.193756103515625 280.95001220703125 289.71875 296.0625 298.83123779296875 304.26251220703125 309.850006103515625 316.98748779296875 323.73748779296875 333.45623779296875 343.256256103515625 355.54998779296875 363.537506103515625 364.600006103515625 357.79376220703125 345.912506103515625 331.931243896484375 318.431243896484375 311.587493896484375 307.118743896484375
246.118743896484375 246.662506103515625 250.6374969482421875 258.149993896484375 265.9375 272.8125 278.399993896484375 280.024993896484375 279.08123779296875 276.912506103515625 272.787506103515625 268.399993896484375 264.243743896484375 262.40625 261.54998779296875 262.443756103515625 263.23126220703125 263.481231689453125 262.65625 257.693756103515625 252.40625 247.256256103515625 240.8249969482421875 240.375 252.2375030517578125 265.4375 278.17498779296875 288.475006103515625 297.037506103515625 302.493743896484375 310.618743896484375 317.912506103515625 327.01873779296875 333.399993896484375 339.881256103515625 347.79998779296875 355.86248779296875 358.774993896484375 356.493743896484375 350.962493896484375 339.90625 325.45623779296875 313.068756103515625 307.38751220703125 312.17498779296875
251.712493896484375 252.2624969482421875 257.54376220703125 263.8125 269.70623779296875 273.21875 275.837493896484375 275.899993896484375 275.34375 273.64373779296875 271.524993896484375 270.04376220703125 267.83123779296875 266.96875 266.193756103515625 266.90625 267.23748779296875 269.318756103515625 266.600006103515625 262.581268310546875 258.462493896484375 251.5500030517578125 248.6500091552734375 249.09375 257.29376220703125 267.79998779296875 279.38751220703125 289.056243896484375 298.399993896484375 306.787506103515625 314.51251220703125 322.3125 331.25 337.162506103515625 343.662506103515625 349.899993896484375 354.256256103515625 356.23126220703125 354.21875 347.381256103515625 338.068756103515625 324.725006103515625 310.88751220703125 307.068756103515625 325.58123779296875
255.837493896484375 257.600006103515625 262.83123779296875 269.243743896484375 273.88751220703125 274.649993896484375 273.36248779296875 273.100006103515625 272.04376220703125 271.381256103515625 271.04376220703125 270.91876220703125 270.712493896484375 272.53125 272.587493896484375 274.056243896484375 276.70623779296875 277.074981689453125 275.006256103515625 270.95623779296875 266.0625 259.76251220703125 257.29998779296875 258.806243896484375 264.556243896484375 272.306243896484375 282.649993896484375 291.85626220703125 301.88751220703125 310.537506103515625 317.36248779296875 324.587493896484375 333.131256103515625 340.59375 347.70623779296875 352.037506103515625 356.23126220703125 357.23126220703125 355.60626220703125 348.76251220703125 337.431243896484375 325.6875 317.162506103515625 321.42498779296875 342.10626220703125
260.368743896484375 262.268768310546875 268.625 275.61248779296875 279.037506103515625 276.837493896484375 273.48748779296875 272.51873779296875 271.493743896484375 270.64373779296875 271.84375 274.149993896484375 276.024993896484375 279.056243896484375 281.068756103515625 282.73748779296875 284.693756103515625 286.056243896484375 285.556243896484375 280.39373779296875 274.78125 270.17498779296875 266.868743896484375 267.54998779296875 272.287506103515625 278.837493896484375 287.399993896484375 295.493743896484375 304.76251220703125 312.587493896484375 320.399993896484375 327.725006103515625 335.3125 344.16876220703125 351.16876220703125 355.725006103515625 358.993743896484375 361.95623779296875 360.024993896484375 355.09375 348.100006103515625 340.85626220703125 337.125 342.84375 353.75
262.625 264.70001220703125 269.32501220703125 275.82501220703125 280.037506103515625 275.100006103515625 272.10626220703125 270.36248779296875 269.76873779296875 270.375 273.13751220703125 277.03125 280.881256103515625 284.39373779296875 287.949981689453125 290.35626220703125 293.506256103515625 295.806243896484375 295.60626220703125 290.70623779296875 284.149993896484375 278.54998779296875 276.01873779296875 275.98748779296875 278.9375 285.431243896484375 292.95623779296875 299.875 308.881256103515625 315.850006103515625 323.6875 331.38751220703125 338.625 347.46875 354.82501220703125 359.51873779296875 362.64373779296875 367.21875 367.587493896484375 364.381256103515625 361.17498779296875 357.42498779296875 356.58123779296875 358.65625 367.17498779296875
262.068756103515625 263.412506103515625 266.524993896484375 270.4375 272.16876220703125 269.33123779296875 268.60626220703125 266.66876220703125 267.10626220703125 268.76251220703125 272.54376220703125 277.90625 283.649993896484375 289.82501220703125 294.63751220703125 297.73126220703125 299.78125 301.5 300.04376220703125 296.649993896484375 290.04376220703125 284.65625 282.59375 282.15625 285.837493896484375 290.98126220703125 296.931243896484375 303.73748779296875 310.73126220703125 318.98748779296875 326.806243896484375 334.462493896484375 342.3125 351.274993896484375 359.14373779296875 363.29998779296875 368.70623779296875 371.631256103515625 371.66876220703125 371.26251220703125 374.01251220703125 373.59375 374.850006103515625 380.71875 389.3125
258.618743896484375 259.5625 262.29376220703125 264.79376220703125 264.66876220703125 262.85626220703125 261.4375 260.41876220703125 260.46875 264.70623779296875 271.67498779296875 279.10626220703125 288.649993896484375 298.193756103515625 302.45623779296875 305.04376220703125 306.193756103515625 305.681243896484375 303.350006103515625 300.51873779296875 294.86248779296875 289.95001220703125 287.318756103515625 288.54998779296875 291.39373779296875 296.23748779296875 301.40625 305.96875 312.48748779296875 322.368743896484375 330.143768310546875 336.79998779296875 345.54998779296875 355.48126220703125 362.943756103515625 368.39373779296875 373.33123779296875 376.76873779296875 375.96875 380.73126220703125 384.46875 386.75 391.381256103515625 400.63751220703125 416.73126220703125
254.0625 254.850006103515625 256.61248779296875 258.225006103515625 256.787506103515625 255.59375 254.6750030517578125 253.5187530517578125 254.40625 258.3125 266.95623779296875 280 293.837493896484375 304.86248779296875 309.412506103515625 311.08123779296875 312.71875 311.67498779296875 307.5625 303.412506103515625 298.61248779296875 294.51873779296875 292.17498779296875 292.96875 295.556243896484375 299.225006103515625 303.40625 308.57501220703125 315.63751220703125 324.3125 333.41876220703125 340.95623779296875 349.475006103515625 360.149993896484375 368.243743896484375 373.625 377.70001220703125 379.73126220703125 382.0625 387.0625 390.76251220703125 395.64373779296875 403.212493896484375 414.57501220703125 432.212493896484375
250.931243896484375 250.6687469482421875 251.649993896484375 251.53125 250.3000030517578125 249.443756103515625 247.59375 246.1687469482421875 245.443756103515625 250.506256103515625 262.63751220703125 279.725006103515625 299.5 314.10626220703125 318.056243896484375 318.149993896484375 318.42498779296875 315.51251220703125 310.875 304.78125 301.243743896484375 297.76873779296875 295.71875 296.01251220703125 298.5 300.46875 305.306243896484375 310.98748779296875 317.66876220703125 325.88751220703125 335.381256103515625 344.787506103515625 354.14373779296875 363.70001220703125 371.60626220703125 376.51873779296875 379.225006103515625 384.368743896484375 387.256256103515625 390.23126220703125 394.36248779296875 398.875 407.26251220703125 417.89373779296875 431.625
249.3937530517578125 248.1999969482421875 248.21875 247.28125 245.631256103515625 243.25 241.256256103515625 238.1687469482421875 236.149993896484375 240.037506103515625 254.4187469482421875 276.91876220703125 300.98748779296875 318.087493896484375 323.13751220703125 323.868743896484375 322.88751220703125 319.03125 313.506256103515625 306.84375 302.5625 299.962493896484375 297.38751220703125 296.9375 298.85626220703125 301.66876220703125 306.068756103515625 311.756256103515625 318.712493896484375 327.03125 337.48748779296875 346.912506103515625 357.40625 367.306243896484375 374.85626220703125 377.743743896484375 383.10626220703125 386.318756103515625 386.48126220703125 389.04998779296875 392.96875 397.78125 404.21875 413.568756103515625 422.57501220703125
248.0124969482421875 246.3937530517578125 245.0437469482421875 243.5625 241.475006103515625 239.1999969482421875 237.5124969482421875 233.381256103515625 228.7687530517578125 227.493743896484375 246.587493896484375 279.11248779296875 304.54998779296875 319.506256103515625 326.068756103515625 328.01873779296875 327.181243896484375 322.4375 315.96875 308.3125 304.274993896484375 300.14373779296875 297.787506103515625 297.193756103515625 299.17498779296875 302.48126220703125 306.98748779296875 313.225006103515625 320.04998779296875 328.98748779296875 339.41876220703125 349.243743896484375 360.524993896484375 370.96875 378.3125 381.14373779296875 384.143768310546875 385.193756103515625 385.33123779296875 385.8125 386.78125 390.67498779296875 397.6875 404.90625 410.58123779296875
246.4875030517578125 244.4499969482421875 242.524993896484375 241.21875 239.4562530517578125 238.5437469482421875 236.9187469482421875 233.818756103515625 230.662506103515625 227.806243896484375 260.13751220703125 293.993743896484375 312.631256103515625 323.818756103515625 330.01873779296875 332.04998779296875 330.64373779296875 326.07501220703125 319.568756103515625 311.32501220703125 305.90625 300.36248779296875 297.0625 296.51873779296875 298.5 302.41876220703125 306.57501220703125 312.774993896484375 320.037506103515625 330.14373779296875 340.243743896484375 349.212493896484375 360.587493896484375 371.73748779296875 378.95001220703125 381.212493896484375 381.41876220703125 381.931243896484375 381.693756103515625 380.54376220703125 379.350006103515625 383.337493896484375 387.506256103515625 391.14373779296875 396.26873779296875
245.7937469482421875 241.9812469482421875 240.7062530517578125 239.568756103515625 238.600006103515625 238.556243896484375 238.100006103515625 239.8312530517578125 246.46875 264.91876220703125 303.13751220703125 315.29376220703125 322.274993896484375 329.71875 334.53125 335.681243896484375 335.15625 329.17498779296875 321.61248779296875 313.318756103515625 305.20623779296875 298.82501220703125 295.20001220703125 294.78125 296.5 300.29998779296875 305.45001220703125 312.26873779296875 320.35626220703125 331.34375 340.774993896484375 348.881256103515625 357.912506103515625 365.556243896484375 374.28125 375.57501220703125 374.23126220703125 374.16876220703125 372.23126220703125 368.725006103515625 367.08123779296875 369.17498779296875 371.34375 375.5 379.8125
245.40625 241.3874969482421875 239.6875 237.9499969482421875 238.681243896484375 240.443756103515625 242.587493896484375 248.868743896484375 261.399993896484375 281.86248779296875 305.70623779296875 320.75 328.537506103515625 335.4375 338.92498779296875 340.60626220703125 340.068756103515625 334.068756103515625 324.337493896484375 314.537506103515625 302.931243896484375 296 291.95623779296875 291.46875 293.88751220703125 297.60626220703125 303.693756103515625 311.8125 320.03125 330.1875 338.649993896484375 347.75 356.67498779296875 362.475006103515625 366.64373779296875 366.949981689453125 365.018768310546875 363.600006103515625 360.375 355.756256103515625 353.71875 354.63751220703125 355.08123779296875 357.83123779296875 361.98748779296875
