data/historical-monthly-weather-data/wc2.1_cruts4.09_10m_prec_2012-06.asc
ncols        51
nrows        45
xllcorner    -63.500000000000
yllcorner    -7.500000000000
cellsize     0.166666666667
NODATA_value -9999
[rows 19 to 37 of 45, columns 0 to 42 of 51]
89.28749847412109375 90.61875152587890625 90.1875 88.61875152587890625 88.6437530517578125 90.5749969482421875 89.9812469482421875 88.3312530517578125 90.59999847412109375 91.59999847412109375 91.03749847412109375 87.0749969482421875 81.5437469482421875 75.9187469482421875 71.4499969482421875 63.96250152587890625 59.28749847412109375 60.49375152587890625 57.77500152587890625 59.424999237060546875 59.88124847412109375 66.77500152587890625 78.11875152587890625 84.90625 87.30625152587890625 90 93.21250152587890625 102.21875 103.47499847412109375 103.2375030517578125 106.1750030517578125 120.58750152587890625 126.08750152587890625 128.462493896484375 132.899993896484375 144.837493896484375 153.368743896484375 152.818756103515625 150.368743896484375 145.225006103515625 133.1687469482421875 118.1687469482421875 118.28749847412109375
75.65625 80.93125152587890625 82.78125 81.90000152587890625 79.2937469482421875 79.49375152587890625 80.8125 80.7687530517578125 82.2687530517578125 82.75 83.5 80.1125030517578125 75.43125152587890625 69.4562530517578125 64.15625 60.450000762939453125 55.75 54.90625 57.11875152587890625 57.625 65.5625 73.66249847412109375 83.4250030517578125 93.1437530517578125 97.96875 98.43125152587890625 94.2624969482421875 97.5500030517578125 101.3937530517578125 106.41249847412109375 111.46250152587890625 121.24375152587890625 118.6687469482421875 119.8125 122.5812530517578125 133.4250030517578125 143.068756103515625 146.0187530517578125 140.46875 134.431243896484375 127.0625 115.97499847412109375 114.125
67.6437530517578125 68.96250152587890625 72.0812530517578125 73.4812469482421875 72.28749847412109375 71.4250030517578125 72.03749847412109375 71.97499847412109375 73.25 75.53125 76.3125 72.6750030517578125 68.75 65.9812469482421875 63.049999237060546875 57.69374847412109375 58.25624847412109375 56.768749237060546875 59.43125152587890625 60.94374847412109375 65.5812530517578125 76.4875030517578125 86.59999847412109375 91.90625 95.0625 97.02500152587890625 100.55625152587890625 100.0437469482421875 106.8562469482421875 112.06874847412109375 113.05625152587890625 113.0187530517578125 113.1374969482421875 117.6374969482421875 118.36875152587890625 123.84375 131.2937469482421875 137.306243896484375 135.475006103515625 131.2312469482421875 124.125 116.78125 114.71250152587890625
60.325000762939453125 65.21875 67.65625 68.375 67.2624969482421875 65.7687530517578125 62.90625 62.31874847412109375 65.96875 67.9562530517578125 68.72499847412109375 68.1437530517578125 68.125 67.09375 63.981250762939453125 60.237499237060546875 56.78125 56.418750762939453125 58.737499237060546875 62.22499847412109375 70.6125030517578125 77.74375152587890625 84.31874847412109375 90.78749847412109375 98.8249969482421875 101.47499847412109375 101.125 102.86875152587890625 107.3249969482421875 106.75624847412109375 107.08750152587890625 109.4187469482421875 108.09375 108.2937469482421875 113.5437469482421875 115.15625 118.6999969482421875 125.06874847412109375 128.475006103515625 127.78749847412109375 122.00624847412109375 117.0124969482421875 114.2937469482421875
51.575000762939453125 56.65625 60.78749847412109375 60.08750152587890625 58.512500762939453125 57.643749237060546875 58.34375 58.06874847412109375 59.081249237060546875 59.96250152587890625 63.69374847412109375 66.83750152587890625 66.6999969482421875 67.72499847412109375 63.36875152587890625 60.125 57.68125152587890625 59.71250152587890625 61.77500152587890625 64.58750152587890625 72.1875 81.28125 87.02500152587890625 97.21875 101.8312530517578125 103.06874847412109375 106.8625030517578125 102.6687469482421875 102.56874847412109375 103.46250152587890625 103.1875 104.4875030517578125 104.84375 103.1125030517578125 106.71250152587890625 107.0437469482421875 112.2062530517578125 118.2375030517578125 119.99375152587890625 119.2375030517578125 116.4562530517578125 113.9499969482421875 112.40625
43.02500152587890625 48.11875152587890625 51.13124847412109375 52.700000762939453125 52.293750762939453125 52.0625 52.46250152587890625 53.643749237060546875 54.74375152587890625 57.762500762939453125 59.97499847412109375 62.268749237060546875 65.21875 64.7687530517578125 61.1875 58.66249847412109375 57.668750762939453125 58.81874847412109375 61.99375152587890625 66.65625 74.02500152587890625 81.2312469482421875 91.1374969482421875 100.1374969482421875 101.90000152587890625 103.47499847412109375 103.3874969482421875 101.875 100.4250030517578125 101.1062469482421875 97.50624847412109375 95.7062530517578125 95.83750152587890625 97.7375030517578125 99.72499847412109375 102.3249969482421875 106.16249847412109375 109.15000152587890625 113.19374847412109375 113.72499847412109375 112.1875 111.71875 112.19374847412109375
36.75 41.97499847412109375 42.53125 43.97499847412109375 43.71250152587890625 44.66249847412109375 45.387500762939453125 47.25624847412109375 47.700000762939453125 49.456249237060546875 53.887500762939453125 57.112499237060546875 60.72499847412109375 62.168750762939453125 60.52500152587890625 57.237499237060546875 56.637500762939453125 59.668750762939453125 63.36875152587890625 66.2312469482421875 73.8625030517578125 81.8125 90.5749969482421875 98.15625 102.9875030517578125 103.1062469482421875 102.5500030517578125 100.96875 96.9875030517578125 95.8625030517578125 92.03749847412109375 89.7375030517578125 89.78749847412109375 90.7687530517578125 92.3625030517578125 97.4250030517578125 101.4250030517578125 102.65000152587890625 104.3125 107.81874847412109375 107.0187530517578125 101.2624969482421875 101.34999847412109375
29.899999618530273438 31.818750381469726562 33.93125152587890625 35.293750762939453125 35.8125 37.59375 39.19374847412109375 39.66249847412109375 41.637500762939453125 46.21250152587890625 51.206249237060546875 55.206249237060546875 58.59375 61.78125 61.299999237060546875 60.137500762939453125 58.66249847412109375 59.637500762939453125 63.75624847412109375 66.6437530517578125 72.4250030517578125 80.1750030517578125 89.38124847412109375 100.1875 101.0625 101.50624847412109375 101.05625152587890625 97.80625152587890625 94.0437469482421875 91.46875 89.36875152587890625 84.52500152587890625 83.77500152587890625 85.11875152587890625 87.22499847412109375 90.77500152587890625 96.2624969482421875 97.71875 97.84375 102.2624969482421875 103.9375 100.4812469482421875 97.05625152587890625
23.78125 23.875 25.712499618530273438 26.84375 27.993749618530273438 30.71875 33.125 34.66249847412109375 37.78749847412109375 42.69374847412109375 47.11875152587890625 52.31874847412109375 56.46875 59.90625 59.71250152587890625 58.96250152587890625 58.09375 60.4375 62.143749237060546875 66.15625 72.3625030517578125 77.8625030517578125 87.4875030517578125 94.5500030517578125 97.3562469482421875 97.25624847412109375 96.66875457763671875 93.53749847412109375 92.56874847412109375 91.21250152587890625 87.6875 84.31874847412109375 82.1999969482421875 80.2062530517578125 84.15000152587890625 87.21875 92.3937530517578125 93.4250030517578125 95.4187469482421875 98.58750152587890625 100.5625 100.3312530517578125 92.66249847412109375
18.037500381469726562 18.118749618530273438 19.006250381469726562 20.168750762939453125 22.049999237060546875 24.0625 26.987499237060546875 30.1875 34.46875 38.71250152587890625 43.674999237060546875 49.11875152587890625 54.86875152587890625 59.40625 59.61875152587890625 59.30625152587890625 59.55625152587890625 60.706249237060546875 63.56874847412109375 67.2687530517578125 71.2375030517578125 75.7312469482421875 81.80625152587890625 87.55625152587890625 90.99375152587890625 90.9562530517578125 92.7375030517578125 92.6374969482421875 90.74375152587890625 87.05625152587890625 82.88124847412109375 80.84375 78.4499969482421875 79.07500457763671875 80.2062530517578125 82.7937469482421875 88.9499969482421875 88.34375 90.71250152587890625 92.5187530517578125 92.8874969482421875 90.9812469482421875 88.59999847412109375
15.612500190734863281 15.068749427795410156 16.0625 17.125 18.706249237060546875 21.399999618530273438 24.243749618530273438 28.168750762939453125 32.27500152587890625 36.99375152587890625 42.02500152587890625 48.174999237060546875 54.44374847412109375 59.674999237060546875 59.86875152587890625 59.418750762939453125 59.674999237060546875 62.22499847412109375 62.543750762939453125 63.549999237060546875 68.83750152587890625 73.0625 78.1687469482421875 83.1687469482421875 84.9375 88.21875 88.83750152587890625 87.9562530517578125 86.80625152587890625 82.74375152587890625 79.34375 76.8625030517578125 76.34999847412109375 77.3249969482421875 79.6999969482421875 80.4375 87.4187469482421875 87.0187530517578125 84.93125152587890625 90.11875152587890625 89.8000030517578125 87.53125 87.7062530517578125
14.037500381469726562 13.15625 13.943750381469726562 15.162500381469726562 16.706249237060546875 19.3125 22.537500381469726562 26.125 30.25 35.40625 40.81874847412109375 46.450000762939453125 53.606250762939453125 56.68125152587890625 58.27500152587890625 60.668750762939453125 62.043750762939453125 62.418750762939453125 62.84375 64.28749847412109375 67.44374847412109375 69.71875 73.96875 78.78749847412109375 81.0749969482421875 84.28749847412109375 84.28125 84.1062469482421875 82.5749969482421875 79.41249847412109375 78.7312469482421875 76.63124847412109375 75.1437530517578125 74.3937530517578125 76.19374847412109375 77.3874969482421875 82.65000152587890625 84.3312530517578125 82.68125152587890625 81.125 83.0812530517578125 81.27500152587890625 80.90000152587890625
12.84375 11.899999618530273438 12.46875 13.824999809265136719 15.668749809265136719 18.306249618530273438 21.25 24.600000381469726562 29.03125 33.543750762939453125 38.049999237060546875 44.03749847412109375 49.481250762939453125 55.125 58.34999847412109375 60.512500762939453125 60.5625 60.81874847412109375 61.55625152587890625 62.993747711181640625 65.3000030517578125 67.81874847412109375 69.50624847412109375 73.0124969482421875 76.8562469482421875 78.88124847412109375 80 80.1437530517578125 78.7062530517578125 79.3874969482421875 77.31874847412109375 74.875 74.15625 73.0187530517578125 73.84999847412109375 74.0187530517578125 76.9562530517578125 76.6687469482421875 77.46875 77.31874847412109375 79.4499969482421875 78.31874847412109375 76.8312530517578125
13.875 13.006250381469726562 13.649999618530273438 14.756250381469726562 15.881250381469726562 18.381250381469726562 21.262500762939453125 24.587499618530273438 28.46875 32.90000152587890625 38.612499237060546875 44.049999237060546875 49.84375 56.69374847412109375 60.512500762939453125 61.231250762939453125 61.362499237060546875 62.825000762939453125 63.21875 63.93125152587890625 64.21250152587890625 65.28125 67.4875030517578125 70.4812469482421875 72.75624847412109375 74.84375 75.5187530517578125 75.44374847412109375 75.5749969482421875 76.34375 75.5 72.15625 71.96875 72.84375 72.47499847412109375 72.34999847412109375 72.52500152587890625 72.1125030517578125 72.69374847412109375 75.4812469482421875 77.1750030517578125 75.625 72.7687530517578125
15.012499809265136719 14.4375 15.231249809265136719 15.893750190734863281 16.662500381469726562 18.856250762939453125 21.793750762939453125 24.418750762939453125 28.03125 32.02500152587890625 37.61875152587890625 44.3125 50.450000762939453125 55.88124847412109375 59.112499237060546875 62.15625 64.33750152587890625 64.0812530517578125 62.6875 63.049999237060546875 63.80625152587890625 64 66.46250152587890625 67.3312530517578125 69.65000152587890625 70.03749847412109375 72 72.34375 73.90625 74.1125030517578125 74.2937469482421875 73.13124847412109375 70.08750152587890625 69.61875152587890625 70.58750152587890625 70.4250030517578125 69.84999847412109375 69.02500152587890625 69.77500152587890625 71.08750152587890625 70.77500152587890625 71.07500457763671875 69.7312469482421875
16.568750381469726562 15.762499809265136719 16.568750381469726562 17.424999237060546875 17.943750381469726562 19.4375 21.556249618530273438 24.274999618530273438 27.8125 31.643749237060546875 38.137500762939453125 45.25 51.88124847412109375 59.5625 63.30625152587890625 65.13124847412109375 65.84375 63.59999847412109375 61.862499237060546875 59.65000152587890625 62.049999237060546875 61.137500762939453125 61.93125152587890625 62.6875 66.3249969482421875 67.4499969482421875 68.5749969482421875 68.2375030517578125 69.2375030517578125 69.38124847412109375 70.4499969482421875 70.72499847412109375 67.40000152587890625 66.63124847412109375 66.0812530517578125 66.7375030517578125 64.91249847412109375 67.15000152587890625 65.85625457763671875 66.78125 66.44374847412109375 64.8937530517578125 64.3874969482421875
19.787500381469726562 18.84375 19.356250762939453125 20.106248855590820312 20.725000381469726562 22.131250381469726562 23.887500762939453125 25.806249618530273438 28.693750381469726562 32.11875152587890625 37.1875 46.1875 54.356250762939453125 61.15000152587890625 65.2312469482421875 67.4187469482421875 67.46250152587890625 63.44374847412109375 60.71250152587890625 57.58750152587890625 57.856250762939453125 59.424999237060546875 59.21875 59.643749237060546875 62.43125152587890625 63.174999237060546875 63.987499237060546875 63.924999237060546875 65.78749847412109375 65.65625 65.46250152587890625 66.05625152587890625 64.50624847412109375 62.88124847412109375 61.075000762939453125 61.75 63.112499237060546875 62.22499847412109375 62.06874847412109375 63.31874847412109375 62.97499847412109375 60.78125 59.84999847412109375
22.274999618530273438 22.112499237060546875 22.018749237060546875 22.78125 23.631250381469726562 24.806249618530273438 26.162500381469726562 28.181249618530273438 30.631250381469726562 32.168750762939453125 38.44374847412109375 48.99375152587890625 57.706249237060546875 62.90625 66.86875152587890625 68.8000030517578125 69.2312469482421875 65.63124847412109375 62.00624847412109375 56.81874847412109375 55.643749237060546875 57.456249237060546875 56.84375 57.46875 57.99375152587890625 58.668750762939453125 60.924999237060546875 60.84375 60.862499237060546875 59.86875152587890625 61.63124847412109375 60.950000762939453125 60.5 59.875 58.125 58.450000762939453125 59.63124847412109375 60.512500762939453125 59.012500762939453125 58.231250762939453125 57.643749237060546875 57.4375 55.081249237060546875
24.568750381469726562 24.53125 24.931249618530273438 25.962499618530273438 26.5 27.700000762939453125 29.25 30.987499237060546875 33.768749237060546875 34.9375 44.049999237060546875 54.387500762939453125 60.768749237060546875 66.1374969482421875 67.99375152587890625 69.4562530517578125 69.30625152587890625 66.3312530517578125 63.206249237060546875 58.84375 56.168750762939453125 55.825000762939453125 54.13124847412109375 54.65625 54.4375 56.018749237060546875 57.831249237060546875 57.512500762939453125 57.24375152587890625 55.65625 55.81874847412109375 57.50624847412109375 57.606250762939453125 56 54.668750762939453125 55.30625152587890625 55.84375 55.712497711181640625 57.5749969482421875 55.706249237060546875 54.268749237060546875 54.712497711181640625 51.84999847412109375
