data/historical-monthly-weather-data/wc2.1_cruts4.09_10m_prec_1970-09.asc
ncols        45
nrows        45
xllcorner    -63.500000000000
yllcorner    -7.500000000000
cellsize     0.166666666667
NODATA_value -9999
[rows 0 to 18 of 45, columns 0 to 43 of 45]
326.92498779296875 331.53125 332.475006103515625 338.39373779296875 338.95001220703125 332.756256103515625 317.70623779296875 299.73748779296875 285.25 272.03125 262.625 254.225006103515625 245.556243896484375 233.7375030517578125 222.2687530517578125 209.34375 198.90625 186.256256103515625 175.75 164.712493896484375 157.9812469482421875 149.506256103515625 142.5 135.475006103515625 128.087493896484375 123.0124969482421875 119.21875 115.46250152587890625 110.75 109.25 107.2375030517578125 106.49375152587890625 107.9499969482421875 107.6374969482421875 108.45624542236328125 111.06874847412109375 115.3000030517578125 119.46250152587890625 123.3249969482421875 127.6687469482421875 132.3874969482421875 136.71875 139.506256103515625 142.6125030517578125
309.98126220703125 314.23748779296875 322.79376220703125 336.399993896484375 350.4375 337.85626220703125 319.98748779296875 308.51251220703125 294.42498779296875 280.649993896484375 270.149993896484375 259.75 249.6062469482421875 235.7687530517578125 223.2937469482421875 211.6999969482421875 198.818756103515625 185.837493896484375 173.375 161.71875 153.850006103515625 147.75 140.7062530517578125 134.8562469482421875 126.9875030517578125 121.68125152587890625 118.75624847412109375 115.59375 110.31874847412109375 108.78749847412109375 107.41249847412109375 107.69374847412109375 108.4187469482421875 109.9187469482421875 111.3937530517578125 114.375 118.8625030517578125 123.8249969482421875 127.47499847412109375 131.6999969482421875 136.5812530517578125 141.006256103515625 144.90625 146.5500030517578125
278.32501220703125 285.899993896484375 295.693756103515625 311.20623779296875 324.89373779296875 321.10626220703125 310.056243896484375 300.75 290.6875 279.806243896484375 270.48126220703125 259.88751220703125 249.712493896484375 235.743743896484375 221.8937530517578125 210.71875 197.5500030517578125 185.5124969482421875 173.7687530517578125 163.1999969482421875 155.59375 148.8000030517578125 142.568756103515625 136.5124969482421875 128.600006103515625 121.9375 120.28125 116.15625 111.19374847412109375 109.4250030517578125 107.6875 107.90000152587890625 110.77500152587890625 113.03125 115.5 118.8000030517578125 123.96250152587890625 130.0625 134.9250030517578125 140.375 146.243743896484375 149.8000030517578125 154.3000030517578125 156.53125
242.59375 250.4499969482421875 268.34375 280.33123779296875 292.306243896484375 293.837493896484375 292.04376220703125 292.368743896484375 287.037506103515625 279.98126220703125 270.79998779296875 260.23748779296875 246.8000030517578125 234.7312469482421875 220.9812469482421875 208.8125 196.7937469482421875 185.9250030517578125 177.0187530517578125 168.350006103515625 160.6687469482421875 152.03125 144.256256103515625 137.6374969482421875 128.787506103515625 122.21875 119.24375152587890625 113.6750030517578125 109.63124847412109375 108.78125 108.21250152587890625 107.71250152587890625 110.36875152587890625 113.50624847412109375 116.28749847412109375 123.0187530517578125 130.287506103515625 137.21875 143.6687469482421875 149.037506103515625 154.568756103515625 157.931243896484375 161.7937469482421875 164.8625030517578125
233.7312469482421875 233.818756103515625 237.399993896484375 248.056243896484375 264.3125 271.13751220703125 274.087493896484375 279.318756103515625 279.993743896484375 275.90625 268.59375 255.5812530517578125 244.475006103515625 235.3125 221.9562530517578125 209.131256103515625 196.6125030517578125 186.65625 178.6437530517578125 169.9375 163.899993896484375 153.2062530517578125 145.8874969482421875 138.568756103515625 129.3000030517578125 122 116.77500152587890625 112.40000152587890625 108.2062530517578125 106.80625152587890625 106.83750152587890625 105.9875030517578125 108.7375030517578125 113.2312469482421875 118.08750152587890625 124.8562469482421875 132.943756103515625 142.162506103515625 149.9875030517578125 156.4875030517578125 162.431243896484375 164.943756103515625 167.350006103515625 171.3249969482421875
224.90625 223.46875 222.868743896484375 221.28125 236.78125 252.625 260.375 264.88751220703125 266.493743896484375 266.54998779296875 260.01251220703125 248.131256103515625 238.7937469482421875 231.2937469482421875 218.600006103515625 208.4812469482421875 197.5500030517578125 188.100006103515625 180.9187469482421875 174.162506103515625 165.1812591552734375 154.975006103515625 146.34375 137.2062530517578125 128.84375 120.66249847412109375 115.09999847412109375 111.19374847412109375 106.65000152587890625 104.8562469482421875 104.6750030517578125 106.59375 109.7624969482421875 114.11875152587890625 118.71250152587890625 127.3312530517578125 136.0187530517578125 146.9250030517578125 156.306243896484375 162.9499969482421875 164.6437530517578125 166.9499969482421875 169.412506103515625 174.1875
219.2687530517578125 218.212493896484375 217.1062469482421875 215.412506103515625 222.274993896484375 230.125 240.625 248.725006103515625 249.21875 247.649993896484375 245.5749969482421875 238.0437469482421875 231.787506103515625 225.056243896484375 215.4499969482421875 207.1062469482421875 198.600006103515625 192.243743896484375 185.3312530517578125 177.7687530517578125 166.9250030517578125 156.0625 144.90625 135.256256103515625 127.375 119.71250152587890625 114.30625152587890625 110.09999847412109375 104.86875152587890625 102.75 102.90000152587890625 103.75624847412109375 107.97499847412109375 113.46875 118.96875 126.3874969482421875 135.662506103515625 148.6374969482421875 161.09375 164.5 165.243743896484375 165.6750030517578125 168.006256103515625 173.625
214.5812530517578125 213 212.1750030517578125 214.84375 221.212493896484375 229.399993896484375 232.568756103515625 230.243743896484375 226.6125030517578125 227.59375 230.75 227.3249969482421875 223.625 218.2687530517578125 212.774993896484375 204.5124969482421875 197.9499969482421875 194.225006103515625 189.1062469482421875 179.337493896484375 168.506256103515625 156.212493896484375 144.4499969482421875 133.681243896484375 125.0625 117.3562469482421875 111.46875 106.40000152587890625 102.1875 100.22499847412109375 100.3000030517578125 100.9499969482421875 105.24375152587890625 111.40625 115.96875 122.94374847412109375 131.618743896484375 142.5 150.899993896484375 155.1125030517578125 155.899993896484375 156.0062408447265625 158.524993896484375 162.506256103515625
213.125 212.8874969482421875 214.03125 216.5625 222.037506103515625 227.4875030517578125 230.493743896484375 228.431243896484375 221.1062469482421875 215.868743896484375 218.6999969482421875 216.3562469482421875 215.975006103515625 211.15625 207.318756103515625 201.7937469482421875 196.9499969482421875 193.493743896484375 189.787506103515625 179.8562469482421875 166.6750030517578125 155.274993896484375 141.25 132.2624969482421875 122.55625152587890625 113.8562469482421875 108.15000152587890625 104.09999847412109375 100.9812469482421875 98.78749847412109375 99.3937530517578125 97.69374847412109375 99.66249847412109375 102.75 106.86875152587890625 114.6750030517578125 122.9562530517578125 130.8562469482421875 136.03125 139.4375 140.3249969482421875 139.9375 142.149993896484375 145.625
209.368743896484375 210.25 212.34375 215.21875 221.743743896484375 227.162506103515625 229.912506103515625 227.2062530517578125 221.5749969482421875 217.4499969482421875 215.6062469482421875 210.4562530517578125 208.306243896484375 205.7687530517578125 201.725006103515625 199.40625 194.5437469482421875 190.818756103515625 186.8937530517578125 179.8249969482421875 166.931243896484375 152.8874969482421875 138.287506103515625 128.25 117.53125 109.19374847412109375 104.3125 100.59999847412109375 97.84375 96.7062530517578125 95.00624847412109375 92.65000152587890625 93.58124542236328125 96.52500152587890625 99.77500152587890625 105.77500152587890625 112.9375 118.94374847412109375 121.4375 123.72499847412109375 124.32500457763671875 124.55625152587890625 122.7312469482421875 124.58750152587890625
208.3874969482421875 209.381256103515625 211.7937469482421875 214.443756103515625 219.912506103515625 227.056243896484375 230.162506103515625 224.756256103515625 217.850006103515625 213.9875030517578125 212.375 208.4250030517578125 203.0124969482421875 198.350006103515625 194.7687530517578125 192.78125 188.5124969482421875 185.03125 181.28125 176.2687530517578125 166.9562530517578125 153.0500030517578125 137.475006103515625 121.7937469482421875 112.84375 107.78749847412109375 103.41249847412109375 98.52500152587890625 94.4187469482421875 92.7312469482421875 90.96875 88.31874847412109375 88.76874542236328125 90.13124847412109375 92.2937469482421875 96.6875 101.94374847412109375 106.1750030517578125 108.95000457763671875 109.0437469482421875 107.8000030517578125 106.74375152587890625 106.9875030517578125 105.75624847412109375
205.46875 206.7312469482421875 209.381256103515625 213.662506103515625 218.75 224.625 228.6999969482421875 223.6687469482421875 214.7937469482421875 208.59375 206.524993896484375 203.931243896484375 196.25 189.7062530517578125 188.4562530517578125 185.350006103515625 181.8937530517578125 176.787506103515625 173.4250030517578125 171.850006103515625 165.78125 152.3874969482421875 136.09375 119.47499847412109375 109.3874969482421875 102.96250152587890625 98.1687469482421875 93.7375030517578125 89.125 87.25624847412109375 84.8937530517578125 82.1750030517578125 82.1062469482421875 83.5812530517578125 86.06874847412109375 89.3625030517578125 92.86875152587890625 96.00624847412109375 95.5437469482421875 93.625 91.28125 89.23125457763671875 89.15000152587890625 87.5
201 202.3937530517578125 204.4375 206.9187469482421875 210.443756103515625 214.8125 216.274993896484375 212.2687530517578125 206.6125030517578125 201.5625 197.712493896484375 196.0500030517578125 190.71875 180.693756103515625 176.7062530517578125 175.2062530517578125 171.818756103515625 167.8249969482421875 165.2687530517578125 163.53125 159.225006103515625 148.53125 133.149993896484375 118.0749969482421875 104.96250152587890625 97.59999847412109375 93.9250030517578125 90.15000152587890625 86.09999847412109375 83.15625 79.3625030517578125 76.05625152587890625 75.9875030517578125 76.00624847412109375 77.53125 81.1437530517578125 85.84375 89.30625152587890625 89.86875152587890625 84.5625 78.7375030517578125 77.6999969482421875 76.16249847412109375 68.46875
195.0437469482421875 195.931243896484375 196.368743896484375 197.881256103515625 200.9499969482421875 202.118743896484375 201.850006103515625 200.225006103515625 195.375 191.649993896484375 186.5374908447265625 182.1374969482421875 178 170.662506103515625 163.40625 162.6062469482421875 159.8125 155.7312469482421875 152.2687530517578125 150.8562469482421875 146.8249969482421875 137.2937469482421875 126.0812530517578125 115.8625030517578125 104.8562469482421875 96.33750152587890625 91.5812530517578125 86.88124847412109375 82.00624847412109375 78.71875 75.8562469482421875 71.6999969482421875 70.40625 69.8125 71.0625 75.8562469482421875 82.09375 88.56874847412109375 90.5 87.00624847412109375 75.28749847412109375 68.0500030517578125 66.55625152587890625 64.58124542236328125
188.631256103515625 188.28125 187.96875 189.0437469482421875 191.4499969482421875 189.087493896484375 189.600006103515625 187.256256103515625 182.6437530517578125 180.1999969482421875 174.0749969482421875 169.1687469482421875 164.0625 157.368743896484375 148.8937530517578125 145.3000030517578125 143.5437469482421875 141.3562469482421875 137.6374969482421875 136.59375 133.9875030517578125 128.256256103515625 121.0812530517578125 114.8249969482421875 108.28749847412109375 100.81874847412109375 94.28749847412109375 87.0437469482421875 80.52500152587890625 76.78749847412109375 71.45000457763671875 67 66.09375 64.91249847412109375 64.1750030517578125 70.3937530517578125 80.9375 93.3562469482421875 99.81874847412109375 95.53125 86.25624847412109375 77.28125 73.5124969482421875 69.2375030517578125
180.568756103515625 179.625 179.899993896484375 180.1624908447265625 180.100006103515625 179.2937469482421875 177.96875 175.024993896484375 171.7375030517578125 169.4250030517578125 163.3000030517578125 157.024993896484375 150.993743896484375 144.7937469482421875 136.943756103515625 129.774993896484375 127.63124847412109375 127.36875152587890625 124.59999847412109375 124.40625 122.18125152587890625 120.3312530517578125 118.22499847412109375 116.125 111.8249969482421875 104.13124847412109375 95.80625152587890625 88.1875 81.40625 76.03749847412109375 71.78749847412109375 65.97499847412109375 63.387500762939453125 62.487499237060546875 60.456249237060546875 69.3937530517578125 83.90000152587890625 97.4375 108.25 107.49375152587890625 102.19374847412109375 90.5749969482421875 80.2687530517578125 71.7687530517578125
170.375 170.2937469482421875 171.21875 171.5187530517578125 170.837493896484375 170.006256103515625 168.09375 165.787506103515625 162.381256103515625 158.743743896484375 153.787506103515625 147.087493896484375 139.5500030517578125 132.71875 127.30625152587890625 121.3312530517578125 114.6437530517578125 113.53749847412109375 113.40000152587890625 113.1750030517578125 111.75 112.0812530517578125 114.4375 117.0187530517578125 115.4875030517578125 106.2312469482421875 97.24375152587890625 89.3312530517578125 82.50624847412109375 77.38124847412109375 74.00624847412109375 70.7687530517578125 67.24375152587890625 65.1875 68.2687530517578125 75.9375 88.40625 108.15625 126.4499969482421875 119.375 107.2375030517578125 94.4187469482421875 81.38124847412109375 73.81874847412109375
160.5187530517578125 161.3312530517578125 161.068756103515625 161.5187530517578125 162.4187469482421875 161.7312469482421875 159.212493896484375 156.1687469482421875 153.568756103515625 149.024993896484375 143.8562469482421875 137.21875 129.6374969482421875 122.83750152587890625 117.40625 112.58750152587890625 106.8249969482421875 100.88124847412109375 102.375 101.8000030517578125 102.28125 103.0500030517578125 107.1125030517578125 111.99375152587890625 112.9250030517578125 105.5124969482421875 98.1875 90.58750152587890625 83.06874847412109375 76.6999969482421875 72.4250030517578125 69.125 72.9562530517578125 77.21250152587890625 77.55625152587890625 80.1687469482421875 94.9187469482421875 112.5124969482421875 122.1687469482421875 118.18125152587890625 103.1687469482421875 90.69374847412109375 79.9187469482421875 75.125
150.6374969482421875 151.2062530517578125 150.96875 152.3562469482421875 153 152.6374969482421875 150.3249969482421875 148.837493896484375 145.6875 141.181243896484375 135.7062530517578125 128.3625030517578125 120.34375 113.8874969482421875 107.9812469482421875 104.53749847412109375 100.28125 93.9250030517578125 91.53749847412109375 91.19374847412109375 94.46250152587890625 101.4250030517578125 98.4375 102.93125152587890625 106.0500030517578125 105.1062469482421875 99.99375152587890625 92.22499847412109375 86.6374969482421875 79.09375 73.15625 74.7624969482421875 84.7062530517578125 89.49375152587890625 91.77500152587890625 94.86875152587890625 101.9562530517578125 109.25 112.41249847412109375 107.1437530517578125 95.75624847412109375 85.78749847412109375 77.8625030517578125 74.375
