data/historical-monthly-weather-data/wc2.1_cruts4.09_10m_prec_2005-08.asc
ncols        51
nrows        45
xllcorner    -63.500000000000
yllcorner    -7.500000000000
cellsize     0.166666666667
NODATA_value -9999
[rows 19 to 37 of 45, columns 0 to 42 of 51]
58.637500762939453125 56.50624847412109375 54.08750152587890625 52.112499237060546875 49.74375152587890625 48.44374847412109375 46.793750762939453125 45.049999237060546875 45.293750762939453125 44.862499237060546875 43.575000762939453125 39.456249237060546875 33.918750762939453125 28.831249237060546875 25.125 21.6875 18 16.881250381469726562 16.575000762939453125 17.231250762939453125 17.40625 18.424999237060546875 20.918750762939453125 23.456249237060546875 25.4375 26.5 27.543750762939453125 27.743749618530273438 27.068750381469726562 25.524999618530273438 25.731250762939453125 30.3125 32.94374847412109375 35.893749237060546875 39.1875 41.674999237060546875 43.40000152587890625 44.887500762939453125 44.71250152587890625 42.90000152587890625 39.393749237060546875 36.387500762939453125 34.15000152587890625
52.862499237060546875 52.27500152587890625 51 49.22499847412109375 46.375 45.174999237060546875 44.206249237060546875 43.112499237060546875 43.59375 43.28749847412109375 42.53749847412109375 39.52500152587890625 34.375 29.450000762939453125 25.318750381469726562 21.806249618530273438 18.568750381469726562 16.799999237060546875 16.918750762939453125 17.206249237060546875 18.5 20.237499237060546875 22.293750762939453125 25.037500381469726562 27.825000762939453125 28.581249237060546875 28.306249618530273438 28.393749237060546875 28.481250762939453125 29.28125 30.981250762939453125 34.28125 35.456249237060546875 36.84375 39.674999237060546875 41.77500152587890625 44.112499237060546875 45.34375 44.481250762939453125 42.799999237060546875 39.549999237060546875 37.00624847412109375 34.96875
49.24375152587890625 48.05625152587890625 47.22499847412109375 46.19374847412109375 44.206249237060546875 42.793750762939453125 42.43125152587890625 41.15000152587890625 41.956249237060546875 41.731250762939453125 41.96875 40.71250152587890625 38.21250152587890625 33.78749847412109375 28.981250762939453125 24.174999237060546875 21.387500762939453125 19.65625 19.268749237060546875 19.431249618530273438 19.681249618530273438 21.087499618530273438 23.256250381469726562 25.825000762939453125 27.96875 29.299999237060546875 31.331249237060546875 31.293750762939453125 31.862499237060546875 32.8125 34.418750762939453125 36.543750762939453125 37.13124847412109375 38.112499237060546875 38.75624847412109375 40.71250152587890625 43.668750762939453125 45.737499237060546875 45.137500762939453125 43.03749847412109375 39.887500762939453125 37.237499237060546875 34.56874847412109375
45.887500762939453125 46.22499847412109375 45.875 44.27500152587890625 42.61875152587890625 41.506252288818359375 40.200000762939453125 38.90625 40.28749847412109375 41.625 43.143749237060546875 43.387500762939453125 42.80625152587890625 39.075000762939453125 33.143749237060546875 27.731250762939453125 23.8125 22.012500762939453125 21.306249618530273438 21.006250381469726562 21.4375 22.8125 24.668750762939453125 25.962499618530273438 28.681249618530273438 31.018749237060546875 33.018749237060546875 34.137500762939453125 34.3125 34.6875 36.137500762939453125 38.36875152587890625 38.47499847412109375 38 37.612499237060546875 37.72499847412109375 40.518749237060546875 44.49375152587890625 45 42.55625152587890625 39.893749237060546875 36.91249847412109375 34.325000762939453125
43.40000152587890625 44.27500152587890625 44.50624847412109375 42.21250152587890625 40.331249237060546875 39.6875 39.33750152587890625 39.075000762939453125 39.34999847412109375 41.331249237060546875 43.418750762939453125 45.856250762939453125 46.700000762939453125 42.9375 36.96250152587890625 31.393749237060546875 27.318750381469726562 25.09375 23.899999618530273438 23.506250381469726562 23.893749237060546875 25.006250381469726562 26.149999618530273438 28.006250381469726562 30.206249237060546875 31.943750381469726562 34.737499237060546875 35.174999237060546875 35.875 36.924999237060546875 38.65000152587890625 40.40625 40.075000762939453125 38.28749847412109375 37.081249237060546875 36.1875 38.049999237060546875 41.731250762939453125 42.71250152587890625 40.77500152587890625 38.28749847412109375 35.86875152587890625 33.387500762939453125
41.83750152587890625 42.424999237060546875 42.5 41.362499237060546875 39.96250152587890625 39.22499847412109375 38.65625 38.69374847412109375 39.768749237060546875 41.768749237060546875 43.40625 45.22499847412109375 46.200000762939453125 43.862499237060546875 38.96250152587890625 34.231250762939453125 30.387498855590820312 27.924999237060546875 26.449998855590820312 25.850000381469726562 26.21875 26.899999618530273438 27.887500762939453125 29.637500762939453125 31.1875 33.487499237060546875 35.112499237060546875 35.94374847412109375 36.887500762939453125 38.424999237060546875 39.99375152587890625 41.418750762939453125 40.8125 39.512500762939453125 37.799999237060546875 36.50624847412109375 37.65625 38.799999237060546875 39.36875152587890625 38.424999237060546875 36.487499237060546875 34.75624847412109375 32.799999237060546875
41.331249237060546875 41.59999847412109375 40.58750152587890625 40.21875 38.52500152587890625 38.06874847412109375 37.80625152587890625 38.44374847412109375 38.9375 40.206249237060546875 41.90000152587890625 43.46875 44.34999847412109375 42.58750152587890625 39.325000762939453125 35.274997711181640625 32.13124847412109375 30.09375 28.337499618530273438 27.899999618530273438 28.356250762939453125 28.71875 29.831249237060546875 30.912500381469726562 32.25624847412109375 34.09999847412109375 35.90625 36.91249847412109375 38.200000762939453125 40.075000762939453125 41.518749237060546875 42.950000762939453125 41.581249237060546875 39.83750152587890625 37.893749237060546875 37.200000762939453125 37.25624847412109375 36.856250762939453125 37.30625152587890625 36.05625152587890625 34.71250152587890625 33.34375 32.106250762939453125
40.674999237060546875 40.018749237060546875 39.58750152587890625 39.00624847412109375 37.862499237060546875 37.56874847412109375 37.96250152587890625 38.03749847412109375 37.893749237060546875 39.34375 40.78125 40.86875152587890625 40.924999237060546875 39.700000762939453125 37.6875 34.831249237060546875 32.668750762939453125 31.075000762939453125 30.131250381469726562 29.450000762939453125 29.518749237060546875 30.325000762939453125 31.09375 32.68125152587890625 33.924999237060546875 34.84375 37.05625152587890625 38.325000762939453125 39.418750762939453125 40.78749847412109375 42.66249847412109375 43.393749237060546875 42.075000762939453125 40.081249237060546875 37.575000762939453125 36.78749847412109375 35.831249237060546875 35.350002288818359375 34.981250762939453125 33.862499237060546875 32.674999237060546875 31.793750762939453125 31.575000762939453125
40.637500762939453125 38.299999237060546875 38.15625 37.924999237060546875 37.456249237060546875 36.981250762939453125 37.356250762939453125 37.625 37.668750762939453125 38.34375 38.43125152587890625 37.93125152587890625 37.543750762939453125 36.88124847412109375 35.25624847412109375 33.66249847412109375 32.61875152587890625 31.6875 31.299999237060546875 30.90625 31.21875 31.287500381469726562 32.706249237060546875 34.081249237060546875 35.018749237060546875 35.53749847412109375 37.71250152587890625 39.44374847412109375 40.856250762939453125 42.212497711181640625 43.337497711181640625 43.700000762939453125 42.03125 39.331249237060546875 37.40625 35.950000762939453125 34.49375152587890625 33.6875 33.518749237060546875 32.862499237060546875 31.681249618530273438 31.375 31.293750762939453125
39.59999847412109375 38.03749847412109375 37.40000152587890625 37.3125 36.331249237060546875 36.09375 36.05625152587890625 35.924999237060546875 36.63124847412109375 36.424999237060546875 36.206249237060546875 35.30625152587890625 34.56874847412109375 34.018749237060546875 33.27500152587890625 32.44374847412109375 32.28749847412109375 32.16249847412109375 32.15625 32.274997711181640625 32.59999847412109375 32.799999237060546875 33.94374847412109375 34.86875152587890625 36.012500762939453125 36.28749847412109375 38.606250762939453125 40.237499237060546875 41.543750762939453125 42.68125152587890625 43.418750762939453125 43.88124847412109375 41.293750762939453125 38.106250762939453125 36.11875152587890625 35.33750152587890625 34.231250762939453125 33.393749237060546875 33.174999237060546875 32.19374847412109375 30.53125 30.456249237060546875 30.943750381469726562
40.456249237060546875 39.137500762939453125 38.231250762939453125 37.09375 36.30625152587890625 35.893749237060546875 35.30625152587890625 35.418750762939453125 35.231250762939453125 34.549999237060546875 34.293750762939453125 33.6875 32.91249847412109375 32.206249237060546875 31.681249618530273438 31.112499237060546875 30.71875 31.268749237060546875 31.987499237060546875 31.59375 31.9375 32.81874847412109375 34.15000152587890625 35.25 36.331249237060546875 37.77500152587890625 39.46875 41.09999847412109375 41.706249237060546875 42.206249237060546875 42.78125 43.15000152587890625 40.56874847412109375 37.862499237060546875 35.918750762939453125 34.71250152587890625 34.606250762939453125 34.0625 33.424999237060546875 33.25 32.387500762939453125 31.993749618530273438 31.393749237060546875
41.481250762939453125 39.731250762939453125 37.97499847412109375 37.268749237060546875 37.25624847412109375 36.137500762939453125 35.3125 34.36875152587890625 33.612499237060546875 32.768749237060546875 32.049999237060546875 32.13124847412109375 31.981250762939453125 31.318750381469726562 30.274999618530273438 29.71875 29.868749618530273438 30.4375 31.287500381469726562 31.3125 31.681249618530273438 31.868749618530273438 33.112499237060546875 34.68125152587890625 36.143749237060546875 38.231250762939453125 39.47499847412109375 41.46875 42.625 42.875 43.13124847412109375 42.68125152587890625 39.893749237060546875 37.46250152587890625 36.21250152587890625 34.90000152587890625 34.6125030517578125 34.21250152587890625 34.4375 34.987499237060546875 34.16249847412109375 32.518749237060546875 31.337499618530273438
42.52500152587890625 40.831249237060546875 38.856250762939453125 37.78749847412109375 37.72499847412109375 36.24375152587890625 34.762500762939453125 33.03125 32.200000762939453125 31.362499237060546875 30.53125 30.337499618530273438 29.887500762939453125 29.649999618530273438 29.024999618530273438 29.225000381469726562 29.049999237060546875 29.356248855590820312 29.71875 29.987499237060546875 30.712499618530273438 31.818750381469726562 32.55625152587890625 33.700000762939453125 35.737499237060546875 37.90625 39.41249847412109375 41.5625 42.612499237060546875 42.28749847412109375 42.549999237060546875 41.59999847412109375 39.15000152587890625 37.21250152587890625 35.075000762939453125 33.731250762939453125 33.543750762939453125 33.46250152587890625 33.981250762939453125 34.55625152587890625 33.799999237060546875 32.09375 31.418750762939453125
44.71250152587890625 42.65000152587890625 40.674999237060546875 39.5 38.237499237060546875 36.125 34.61875152587890625 32.84375 31.387500762939453125 30.600000381469726562 30.225000381469726562 29.412500381469726562 28.712499618530273438 28.712499618530273438 28.174999237060546875 28.399999618530273438 28.25 28.681249618530273438 28.8125 29 29.618749618530273438 30.418750762939453125 31.231250762939453125 33.200000762939453125 35.143749237060546875 36.6875 38.46250152587890625 39.549999237060546875 41.043750762939453125 40.78125 41.24375152587890625 40.46250152587890625 38.206249237060546875 36.13124847412109375 34.237499237060546875 32.981250762939453125 32.6875 32.362499237060546875 32.71250152587890625 33.11875152587890625 32.21250152587890625 31.15625 30.424999237060546875
46.762500762939453125 45.25 42.831249237060546875 41.65625 38.606250762939453125 36.487499237060546875 34.893749237060546875 32.81874847412109375 31.043750762939453125 29.706249237060546875 28.774999618530273438 28.28125 27.993749618530273438 26.975000381469726562 26.950000762939453125 26.806249618530273438 27.081249237060546875 27.1875 27.193750381469726562 27.600000381469726562 28.3125 29.03125 30.024999618530273438 31.556249618530273438 33.68125152587890625 35.44374847412109375 37.125 38.106250762939453125 40.112499237060546875 40.36875152587890625 40.58750152587890625 39.799999237060546875 37.112499237060546875 34.65000152587890625 33.125 31.962499618530273438 31.549999237060546875 30.931249618530273438 31.168750762939453125 30.924999237060546875 30.799999237060546875 30.21875 29.375
49.05625152587890625 47.25 44.84999847412109375 42.28125 39.625 37.206249237060546875 35.043750762939453125 32.799999237060546875 30.287500381469726562 29.024999618530273438 27.881250381469726562 27.681249618530273438 26.850000381469726562 26.381250381469726562 26.212499618530273438 26.256250381469726562 26.337499618530273438 26.3125 26.243749618530273438 26.600000381469726562 27.356250762939453125 27.887500762939453125 28.475000381469726562 30.237499237060546875 31.975000381469726562 33.93125152587890625 35.61875152587890625 36.862499237060546875 39.03749847412109375 39.65000152587890625 39.268749237060546875 38.262500762939453125 35.78749847412109375 33.168750762939453125 31.506250381469726562 30.356250762939453125 29.387500762939453125 29.143749237060546875 29.399999618530273438 29.137500762939453125 28.575000762939453125 28.100000381469726562 27.756250381469726562
51.299999237060546875 49.606250762939453125 46.625 43.74375152587890625 41.1875 38.206249237060546875 35.731250762939453125 33.106250762939453125 30.912500381469726562 29.75 29.087499618530273438 28.34375 27.806249618530273438 27.043750762939453125 26.631250381469726562 26.487501144409179688 25.912500381469726562 26.15625 25.799999237060546875 25.96875 26.856250762939453125 27.956249237060546875 28.431249618530273438 30.100000381469726562 31.46875 32.91249847412109375 34.325000762939453125 36.50624847412109375 37.78125 38.081249237060546875 37.924999237060546875 37.237499237060546875 33.887500762939453125 31.800001144409179688 29.8125 28.212499618530273438 27.893749237060546875 27.643749237060546875 27.368749618530273438 27.475000381469726562 27.024999618530273438 27.125 26.3125
51.799999237060546875 50.075000762939453125 47.00624847412109375 44.5 42.03749847412109375 39.40000152587890625 36.987499237060546875 34.762500762939453125 32.15625 30.299999237060546875 30.581249237060546875 30.662500381469726562 29.975000381469726562 28.53125 27.881250381469726562 26.75 25.71875 25.649999618530273438 25.568750381469726562 25.456249237060546875 26.356250762939453125 27.506250381469726562 28.15625 29.862499237060546875 31.381250381469726562 32.15000152587890625 33.825000762939453125 35.58750152587890625 36.049999237060546875 36.53749847412109375 36.887500762939453125 36 33.049999237060546875 30.325000762939453125 28.337499618530273438 27.006250381469726562 26.612499237060546875 26.575000762939453125 26.15625 26.21875 25.643749237060546875 25.743749618530273438 24.993749618530273438
52.643749237060546875 51.19374847412109375 47.78125 45.887500762939453125 43.668750762939453125 40.831249237060546875 38.41249847412109375 36.0625 34.106250762939453125 32.075000762939453125 34.15625 34.1875 32.081249237060546875 30.637500762939453125 29.581249237060546875 27.756250381469726562 25.893749237060546875 25.375 25.706249237060546875 25.506250381469726562 26.356250762939453125 27.09375 27.856250762939453125 29.46875 30.96875 32.137500762939453125 33.78125 35.4375 36.25624847412109375 36.43125152587890625 36.18125152587890625 35.987499237060546875 33.33750152587890625 29.575000762939453125 27.09375 25.581249237060546875 25.787500381469726562 25.9375 25.756250381469726562 25.75 24.287500381469726562 23.850000381469726562 23.381250381469726562
