data/historical-monthly-weather-data/wc2.1_cruts4.09_10m_prec_1994-08.asc
ncols        51
nrows        45
xllcorner    -63.500000000000
yllcorner    -7.500000000000
cellsize     0.166666666667
NODATA_value -9999
[rows 19 to 37 of 45, columns 0 to 42 of 51]
134.9250030517578125 137.368743896484375 137.806243896484375 139.2312469482421875 138.9562530517578125 138.03125 135.493743896484375 131.9375 130.21875 126.0124969482421875 120.6875 113.6750030517578125 102.7624969482421875 91.86875152587890625 83.43125152587890625 74.90625 64.66249847412109375 62.268749237060546875 62.799999237060546875 67.19374847412109375 70.59375 78.1750030517578125 92.3125 105.0812530517578125 115.21875 120.72499847412109375 121.4562530517578125 117.875 110.6374969482421875 98.3125 93.3625030517578125 104.88124847412109375 115.40000152587890625 128.4375 142.5437469482421875 149.725006103515625 153.34375 155.65625 150.6062469482421875 140.100006103515625 124.8937530517578125 112.88124847412109375 103.78749847412109375
120.66249847412109375 126.0749969482421875 129.193756103515625 130.9499969482421875 129.34375 128.6062469482421875 127.9375 126.21875 125.47499847412109375 121.9499969482421875 118.18125152587890625 113.18125152587890625 102.41249847412109375 91.36875152587890625 81.6687469482421875 73.21875 64.8874969482421875 60.15000152587890625 62.0625 64.78125 72.1125030517578125 81.8312530517578125 93.22499847412109375 106.4375 119.81874847412109375 123.8000030517578125 119.15000152587890625 115.4875030517578125 111.70000457763671875 107.96250152587890625 107.21875 113.0625 118.6374969482421875 126.46875 139.125 145.1999969482421875 151.3000030517578125 153.412506103515625 146.9187469482421875 137.962493896484375 124.44374847412109375 114.41249847412109375 106.1999969482421875
111.125 114.61875152587890625 118.4562530517578125 121.99375152587890625 122.61875152587890625 121.3125 122.3000030517578125 120.0437469482421875 120.6062469482421875 117.66249847412109375 116.8249969482421875 115.7687530517578125 111.68125152587890625 101.61875152587890625 90.56874847412109375 78.72499847412109375 72.49375152587890625 68.26250457763671875 68.27500152587890625 70.4812469482421875 73.40625 81.00624847412109375 91.8125 103.6750030517578125 114.03749847412109375 120.4375 125.47499847412109375 121.59999847412109375 119.59999847412109375 115.61875152587890625 113.5437469482421875 114.5437469482421875 118.56874847412109375 125.34375 130.774993896484375 136.837493896484375 145.399993896484375 150.774993896484375 146.21875 136.787506103515625 124.53125 114.65000152587890625 105.03125
102.06874847412109375 108.625 113.5749969482421875 115.6750030517578125 117.24375152587890625 116.71250152587890625 114.875 112.65625 115.21875 117.1437530517578125 119.9562530517578125 122.02500152587890625 122.3249969482421875 113.7687530517578125 100.16249847412109375 87.3000030517578125 78.03125 73.8125 72.8562469482421875 73.33750152587890625 76.4875030517578125 83.22499847412109375 91.94374847412109375 98.4375 110.53125 120.7375030517578125 125.6125030517578125 126.41249847412109375 123.0625 116.51874542236328125 113.4562530517578125 114.4375 117.27500152587890625 119.84999847412109375 122.1999969482421875 122.65625 131.1687469482421875 143.287506103515625 143.1999969482421875 133.6687469482421875 123.78125 113.2624969482421875 104.21875
93.6437530517578125 100.40625 106.4187469482421875 106.80625152587890625 107.69374847412109375 108.4250030517578125 109.3625030517578125 110.1062469482421875 109.8125 113.74375152587890625 118.1687469482421875 125.53749847412109375 128.9250030517578125 119.9875030517578125 106.8562469482421875 94.49375152587890625 85.43125152587890625 80.3125 78.0625 78.375 81.21250152587890625 86.49375152587890625 92.1374969482421875 100.02500152587890625 109.21875 116.28749847412109375 123.625 121.94374847412109375 120.6687469482421875 116.625 114.4499969482421875 113.94374847412109375 116.0124969482421875 115.15000152587890625 115.59375 113.9875030517578125 120.6750030517578125 132.9562530517578125 134.962493896484375 127.5500030517578125 118.61875152587890625 109.94374847412109375 101.375
87.15000152587890625 92.1374969482421875 97.5187530517578125 100.7375030517578125 102.94374847412109375 103.5187530517578125 103.93125152587890625 105.59375 107.69374847412109375 111.8562469482421875 115.1374969482421875 120.0124969482421875 122.90000152587890625 117.3625030517578125 107.65625 98.2687530517578125 90.56874847412109375 85.1999969482421875 82.3562469482421875 82.21250152587890625 84.8125 88.3562469482421875 92.96875 99.69374847412109375 105.7312469482421875 113.84375 116.7062530517578125 116.44374847412109375 116.02500152587890625 113.90000152587890625 111.63124847412109375 110.5500030517578125 112.24375152587890625 113.44374847412109375 113.0812530517578125 111.53749847412109375 117.13124847412109375 122.4812469482421875 123.77500152587890625 119.9499969482421875 113.0187530517578125 106.5625 99.4562530517578125
83.2375030517578125 86.65000152587890625 89.38124847412109375 94.09999847412109375 95.4499969482421875 96.75 98.03749847412109375 101.3125 102.1687469482421875 104.7062530517578125 108.40000152587890625 112.13124847412109375 114.11875152587890625 109.78749847412109375 104.49375152587890625 97.125 91.5625 87.65625 84.18125152587890625 84.5437469482421875 87.09999847412109375 89.2687530517578125 93.7687530517578125 97.61875152587890625 102.16249847412109375 107.94374847412109375 111.16249847412109375 111.4562530517578125 112.22499847412109375 111.41249847412109375 109.1062469482421875 108.3874969482421875 108.74375152587890625 109.43125152587890625 109.13124847412109375 110.43125152587890625 113.68125152587890625 115.2375030517578125 116.5749969482421875 112.15000152587890625 107.3562469482421875 102.06874847412109375 97.1437530517578125
81.5187530517578125 82.63124847412109375 85.58750152587890625 88.5812530517578125 90.0749969482421875 91.4187469482421875 94.05625152587890625 95.7312469482421875 95.77500152587890625 99.66249847412109375 103.5812530517578125 104.31874847412109375 105.0437469482421875 102.78749847412109375 99.97499847412109375 94.9187469482421875 91.2937469482421875 87.6750030517578125 85.66249847412109375 84.31874847412109375 84.9562530517578125 87.69374847412109375 90.30625152587890625 94.90625 98.49375152587890625 100.7937469482421875 104.8625030517578125 105.84375 106.02500152587890625 104.68125152587890625 104.41249847412109375 102.8874969482421875 104.66249847412109375 106.03125 105.47499847412109375 106.9250030517578125 107.46875 109.03749847412109375 107.97499847412109375 104.1374969482421875 100.0437469482421875 96.31874847412109375 94.59375
81.4812469482421875 78.91249847412109375 81.3000030517578125 83.7062530517578125 85.46875 85.93125152587890625 88.1875 90.1687469482421875 91.5124969482421875 94.38124847412109375 95.8249969482421875 96.11875152587890625 96.75624847412109375 96.55625152587890625 93.93125152587890625 91.3000030517578125 89.74375152587890625 86.90000152587890625 85.25624847412109375 83.66249847412109375 84.2062530517578125 84.1437530517578125 87.6750030517578125 91.01250457763671875 93.1875 93.9187469482421875 97.4875030517578125 99.53125 100.5500030517578125 99.97499847412109375 98.7375030517578125 97.31874847412109375 99.4812469482421875 100.3562469482421875 102.5500030517578125 102.47499847412109375 101.71250152587890625 102.36875152587890625 102.08750152587890625 99.80625152587890625 95.91249847412109375 94.0187530517578125 92.7062530517578125
78.93125152587890625 77.68125152587890625 78.06874847412109375 79.6062469482421875 79.2062530517578125 79.93125152587890625 81.05625152587890625 82 85.52500152587890625 87.0500030517578125 88.4875030517578125 88.59999847412109375 89.0625 89.78749847412109375 88.78125 87.40625 87.49375152587890625 85.80625152587890625 84.2687530517578125 83.1750030517578125 82.9875030517578125 82.58750152587890625 84.5749969482421875 86.05625152587890625 88.09375 87.78749847412109375 91.2624969482421875 92.81874847412109375 93.6125030517578125 93.3562469482421875 92.2687530517578125 91.99375152587890625 92.94374847412109375 93.625 96.40625 98.49375152587890625 98.96250152587890625 99.7062530517578125 99.4875030517578125 96.375 91.22499847412109375 90.13124847412109375 90.5500030517578125
77.34999847412109375 76.3125 75.86875152587890625 74.9250030517578125 74.69374847412109375 75.36875152587890625 75.66249847412109375 77.5187530517578125 79.25624847412109375 79.96875 81.6062469482421875 82.4562530517578125 82.9499969482421875 83.3125 83.11875152587890625 82.5500030517578125 82.1062469482421875 82.40000152587890625 82.88124847412109375 80.4375 79.66249847412109375 80.22499847412109375 81.71875 82.16249847412109375 82.5812530517578125 83.75 84.875 85.9250030517578125 85.00624847412109375 84.8312530517578125 84.90625 85.6687469482421875 86.84999847412109375 88.625 91.5500030517578125 92.71875 96.2687530517578125 98.30625152587890625 97.2375030517578125 96.9812469482421875 94.61875152587890625 92.8000030517578125 90.3249969482421875
75.68125152587890625 73.59375 71.4375 71.1437530517578125 72.3125 71.9250030517578125 72.1750030517578125 72.1999969482421875 72.8625030517578125 73.3562469482421875 74.0500030517578125 76.49375152587890625 78.4812469482421875 78.99375152587890625 77.6999969482421875 77.46875 78.77500152587890625 79.3937530517578125 80.47499847412109375 79.24375152587890625 77.84999847412109375 75.9375 76.41249847412109375 76.59375 76.49375152587890625 77.7687530517578125 77.46250152587890625 78.7062530517578125 78.7937469482421875 79.2375030517578125 80.05625152587890625 80.375 81.22499847412109375 83.4375 87.83750152587890625 89.05625152587890625 92.50624847412109375 95.28125 97.0500030517578125 99.24375152587890625 97.47499847412109375 92.41249847412109375 88.5500030517578125
73.50624847412109375 71.40000152587890625 68.8312530517578125 67.81874847412109375 68.8125 68.1125030517578125 67.4875030517578125 66.30625152587890625 66.96250152587890625 67.59375 68.15625 69.9875030517578125 71.18125152587890625 72.7375030517578125 72.6875 74.59999847412109375 75.3249969482421875 75.49375152587890625 75.4812469482421875 75.0812530517578125 74.03749847412109375 73.7312469482421875 72.38124847412109375 70.625 70.75624847412109375 71.34999847412109375 71.125 72.25 72 72.3312530517578125 74.0187530517578125 74.25624847412109375 75.69374847412109375 78.7312469482421875 80.7937469482421875 82.1687469482421875 85.9187469482421875 89.6750030517578125 92.53749847412109375 95.1750030517578125 93.9499969482421875 89.15625 87.0187530517578125
70.09999847412109375 67.52500152587890625 65.4250030517578125 64.6687469482421875 63.862499237060546875 62.52500152587890625 62.28125 61.456249237060546875 61.125 61.96875 63.706249237060546875 64.3125 65.1437530517578125 67.46875 67.71250152587890625 69.6750030517578125 70.40000152587890625 70.86875152587890625 70.3625030517578125 69.71250152587890625 68.52500152587890625 67.5625 66.53749847412109375 66.7375030517578125 66.78125 66.25 66.38124847412109375 65.5124969482421875 65.875 65.9499969482421875 67.5812530517578125 67.78125 69.1750030517578125 71.43125152587890625 73.68125152587890625 75.25624847412109375 78.7937469482421875 81.96250152587890625 84.66249847412109375 87.15625 85.9875030517578125 83.33124542236328125 81.4187469482421875
66.5812530517578125 65.03125 62.71875 62.24375152587890625 59.09375 58.137500762939453125 58.05625152587890625 57.09375 56.331249237060546875 56.27500152587890625 56.924999237060546875 58.387500762939453125 60.31874847412109375 60.50624847412109375 61.924999237060546875 62.90625 64.6062469482421875 64.28125 63.40000152587890625 63.237499237060546875 62.512500762939453125 61.643749237060546875 61.1875 60.856250762939453125 61.58750152587890625 61.674999237060546875 61.56874847412109375 60.44374847412109375 61.456249237060546875 61.950000762939453125 62.737499237060546875 62.543750762939453125 62.893749237060546875 63.97499847412109375 66.5 68.24375152587890625 71.4812469482421875 73.9812469482421875 76.5 77.56874847412109375 78.74375152587890625 77.6999969482421875 75.80625152587890625
64 62.112499237060546875 60.106250762939453125 57.956249237060546875 55.72499847412109375 54.50624847412109375 53.71875 52.700000762939453125 50.83750152587890625 50.93125152587890625 51.21250152587890625 53.293750762939453125 54.30625152587890625 55.799999237060546875 56.987499237060546875 58.44374847412109375 59.700000762939453125 59.00624847412109375 57.981250762939453125 57.674999237060546875 57.19374847412109375 56.11875152587890625 55.0625 55.487499237060546875 55.856250762939453125 56.58750152587890625 56.518749237060546875 55.86875152587890625 57.043750762939453125 57.74375152587890625 57.231250762939453125 56.418750762939453125 56.762500762939453125 57.225002288818359375 58.97499847412109375 60.65625 62.556247711181640625 65.7687530517578125 68.40625 69.52500152587890625 69.8562469482421875 69.3249969482421875 68.8937530517578125
61.600002288818359375 60.00624847412109375 57.293750762939453125 54.75 52.65000152587890625 50.450000762939453125 48.90625 47.0625 45.66249847412109375 45.737499237060546875 46.65000152587890625 47.80625152587890625 49.481250762939453125 50.63124847412109375 51.78749847412109375 53.33750152587890625 53.737499237060546875 53.55625152587890625 51.86875152587890625 51.168750762939453125 51.08750152587890625 51.3125 50.27500152587890625 50.86875152587890625 50.893749237060546875 51.06874847412109375 51.06874847412109375 52.24375152587890625 52.4375 52.44374847412109375 52 51.38124847412109375 50.19374847412109375 51.137500762939453125 51.9375 52.47499847412109375 55.3125 58.206249237060546875 59.53125 61.481250762939453125 62.03749847412109375 63.00624847412109375 61.668750762939453125
57.65000152587890625 56.0625 53.25624847412109375 51.09375 49.018749237060546875 46.99375152587890625 45.231250762939453125 43.68125152587890625 41.731250762939453125 40.71250152587890625 42.6875 45.03125 46.518749237060546875 46.78749847412109375 47.9375 48.237499237060546875 48.27500152587890625 47.518749237060546875 46.28749847412109375 45.018749237060546875 45.13124847412109375 45.543750762939453125 45.137500762939453125 46.00624847412109375 46.56874847412109375 46.075000762939453125 46.918750762939453125 47.956249237060546875 47.418750762939453125 47.53749847412109375 47.581249237060546875 46.56874847412109375 45.78125 45.46875 45.899997711181640625 46.77500152587890625 49.21875 52.1875 53.15000152587890625 54.893749237060546875 55.206249237060546875 56.21875 55.206249237060546875
54.6875 53.40625 50.1875 48.606250762939453125 46.71250152587890625 44.25624847412109375 42.27500152587890625 40.38124847412109375 39.15625 37.84375 41.59999847412109375 43.71875 43.34999847412109375 43.768749237060546875 44.637500762939453125 44.24375152587890625 43.325000762939453125 41.90625 41.4375 40.112499237060546875 40.231250762939453125 40.206249237060546875 40.168750762939453125 41.13124847412109375 41.93125152587890625 42.34999847412109375 43.543750762939453125 44.8125 45.075000762939453125 44.737499237060546875 44 43.8125 43.34375 41.50624847412109375 40.950000762939453125 41.362499237060546875 44.53749847412109375 47.59999847412109375 48.9375 50.5 49.049999237060546875 48.94374847412109375 48.637500762939453125
