data/historical-monthly-weather-data/wc2.1_cruts4.09_10m_prec_1992-06.asc
ncols        51
nrows        45
xllcorner    -63.500000000000
yllcorner    -7.500000000000
cellsize     0.166666666667
NODATA_value -9999
[rows 0 to 18 of 45, columns 0 to 42 of 51]
121.19374847412109375 116.4499969482421875 114.8249969482421875 117.4187469482421875 118.6125030517578125 122.52500152587890625 124.36875152587890625 125.77500152587890625 127.06874847412109375 133.024993896484375 140.7062530517578125 149.15625 158.350006103515625 166.037506103515625 175.1875 185.556243896484375 193.850006103515625 200.40625 206.1374969482421875 213.25 219.100006103515625 217.350006103515625 216.7375030517578125 213.743743896484375 212.318756103515625 212.1374969482421875 215.8937530517578125 221.75 220.6875 215.243743896484375 204.6875 199.9499969482421875 197.7624969482421875 191.5812530517578125 186.131256103515625 181.84375 177.131256103515625 174.0625 168.3125 164.75 163.962493896484375 168.0625 166.368743896484375
117.75624847412109375 113.5749969482421875 114.4187469482421875 116.0437469482421875 118.8937530517578125 122.2375030517578125 123.46875 124.21250152587890625 128.3625030517578125 133.75 139.5437469482421875 146.693756103515625 151.4625091552734375 157.443756103515625 164.899993896484375 173.412506103515625 179.9187469482421875 186.2062530517578125 193.4124908447265625 203.0187530517578125 207.28125 205.9562530517578125 206.8937530517578125 205.6437530517578125 203.7375030517578125 202.1062469482421875 205.5187530517578125 208.212493896484375 207.1875 197.40625 189.75 187.8625030517578125 183.493743896484375 179.0124969482421875 175.0187530517578125 168.09375 164.3249969482421875 160.1999969482421875 155.1374969482421875 152.274993896484375 153.4499969482421875 150.506256103515625 153.3874969482421875
118.7312469482421875 119.15625 121.0749969482421875 121.88124847412109375 125.84999847412109375 129.381256103515625 130.3874969482421875 133.149993896484375 136.506256103515625 140.3562469482421875 143.256256103515625 146.8000030517578125 150.8312530517578125 151.8874969482421875 157.1125030517578125 163.5 167.34375 172.100006103515625 177.6437530517578125 183.693756103515625 187.5187530517578125 190.225006103515625 190.2375030517578125 192.881256103515625 189 186.806243896484375 193.4562530517578125 194.4250030517578125 190.8937530517578125 186.5812530517578125 177.587493896484375 172.5500030517578125 167.8312530517578125 164.774993896484375 158.9499969482421875 149.318756103515625 147.375 145.8000030517578125 141.899993896484375 139.975006103515625 142.443756103515625 141.6062469482421875 142.3874969482421875
119.71250152587890625 119.4499969482421875 124.9562530517578125 129.381256103515625 132.7312469482421875 135.1750030517578125 137.2312469482421875 139.4875030517578125 143.5812530517578125 146.943756103515625 146.568756103515625 146.7062530517578125 146.65625 145.568756103515625 149.90625 154.6437530517578125 155.2937469482421875 158.6437530517578125 162.006256103515625 170.881256103515625 172.4375 170.4875030517578125 171.6687469482421875 176.0124969482421875 172.931243896484375 171.774993896484375 175.9812469482421875 175.3562469482421875 175.681243896484375 172.4250030517578125 165.875 158.818756103515625 153.899993896484375 147.087493896484375 141.587493896484375 139.943756103515625 138.34375 134.806243896484375 130.9375 129.3312530517578125 130.6437530517578125 132.9812469482421875 133.399993896484375
130.412506103515625 129.9499969482421875 128.6062469482421875 134.9812469482421875 142.774993896484375 142.181243896484375 143.21875 146.975006103515625 152.6374969482421875 155.149993896484375 152.46875 145.9875030517578125 143.881256103515625 141.9812469482421875 143.1062469482421875 145.8312530517578125 146.837493896484375 144.9562530517578125 145.881256103515625 150.993743896484375 151.8562469482421875 152.506256103515625 154.3125 157.806243896484375 155.9375 156.462493896484375 158.5999908447265625 162.8874969482421875 163.9375 157.6374969482421875 154.0187530517578125 149.381256103515625 142.96875 137.631256103515625 134.4562530517578125 129.5 127.375 125.91249847412109375 121.4875030517578125 118.61875152587890625 120.21875 122.24375152587890625 123.7687530517578125
137.875 141.0749969482421875 140.537506103515625 137.556243896484375 147.4375 152.881256103515625 151.837493896484375 153.28125 160.212493896484375 162.5749969482421875 155.381256103515625 147.850006103515625 144.625 141.4187469482421875 139.212493896484375 139.6999969482421875 137.993743896484375 134.5 135.2687530517578125 136.9187469482421875 139.4875030517578125 139.8562469482421875 140.8874969482421875 141.1750030517578125 142.8312530517578125 144.5437469482421875 145.3000030517578125 149.399993896484375 151.149993896484375 146.0187530517578125 144.7312469482421875 141.1125030517578125 137.2687530517578125 130.9562530517578125 124.55625152587890625 124.31874847412109375 120.06874847412109375 114.3312530517578125 113.15000152587890625 114.49375152587890625 113.56874847412109375 116.4562530517578125 116.4562530517578125
148.943756103515625 151.712493896484375 151.8625030517578125 151.4562530517578125 151.4875030517578125 150.21875 149.0625 154.0749969482421875 155.068756103515625 156.100006103515625 151.6875 145.4875030517578125 143.462493896484375 140.9187469482421875 137.4562530517578125 135.3125 133.3625030517578125 128.368743896484375 124.09375 124.4875030517578125 123.55625152587890625 124.78125 125.35625457763671875 128.0500030517578125 132.9187469482421875 134.899993896484375 135.287506103515625 137.462493896484375 139.087493896484375 139.9562530517578125 135.3937530517578125 130.1687469482421875 125.51874542236328125 122.61875152587890625 120.43125152587890625 116.75 110.1374969482421875 106.74375152587890625 105.18125152587890625 107.15625 106.3125 107.86875152587890625 109.63124847412109375
157.8000030517578125 158.443756103515625 159.1062469482421875 162.9812469482421875 163.193756103515625 163.5625 154.225006103515625 146.256256103515625 140.524993896484375 143.2624969482421875 143.693756103515625 141.9375 141.125 138.118743896484375 136.193756103515625 132.5812530517578125 126.8562469482421875 121.0812530517578125 115.05625152587890625 110.28125 115.4562530517578125 115.125 115.03749847412109375 117.3937530517578125 122.08750152587890625 122.8000030517578125 124.1750030517578125 126.2624969482421875 128.1125030517578125 126.18125152587890625 127.68125152587890625 122.81874847412109375 119.09999847412109375 115.18125152587890625 109.78749847412109375 105.80625152587890625 101.90000152587890625 98.7375030517578125 95.24375152587890625 94.4250030517578125 95.2312469482421875 98.78749847412109375 98.1062469482421875
163.6125030517578125 165.8937530517578125 164.2624969482421875 165.8312530517578125 167.375 163.618743896484375 160.4812469482421875 155.462493896484375 143.9187469482421875 136.5812530517578125 135.037506103515625 135.8625030517578125 139.375 137.3000030517578125 134.118743896484375 127.8937530517578125 125.09375 120.4375 115.3125 108.3312530517578125 105.66249847412109375 109.83750152587890625 106.8625030517578125 112.4250030517578125 114.03125 115.375 116.74375152587890625 120.11875152587890625 124.71875 122.4812469482421875 124.4812469482421875 115.2375030517578125 107.3000030517578125 102.6999969482421875 100.9250030517578125 101.11875152587890625 99.3312530517578125 97.69374847412109375 94.28749847412109375 91.15625 89.44374847412109375 88.7375030517578125 91.97499847412109375
169.1062469482421875 171.9250030517578125 170.40625 171.2624969482421875 171.774993896484375 167.243743896484375 163.287506103515625 155.868743896484375 149.9187469482421875 143.53125 137.287506103515625 131.225006103515625 135.8874969482421875 136.03125 132.399993896484375 126.8312530517578125 120.6062469482421875 119.4250030517578125 114.7624969482421875 109.9812469482421875 105.0124969482421875 103.5124969482421875 99.5 102.8249969482421875 103.4562530517578125 106.99375152587890625 108.97499847412109375 111.0625 113.1125030517578125 114.52500152587890625 114.9250030517578125 109.1062469482421875 104.53125 100.6999969482421875 96.4375 95.3874969482421875 95.25 95.1687469482421875 93.2687530517578125 93.31874847412109375 92.99375152587890625 91.8874969482421875 87.875
176.1999969482421875 177.3125 175.2062530517578125 174.3125 172.649993896484375 170.4875030517578125 162.881256103515625 155.993743896484375 152.125 147.46875 142.96875 137.1125030517578125 133.568756103515625 133.9187469482421875 128.712493896484375 122.93125152587890625 116.49375152587890625 112.3937530517578125 110.38124847412109375 109.3937530517578125 110.38124847412109375 105.4812469482421875 97.2375030517578125 90.6374969482421875 95.06874847412109375 103.40625 106.38124847412109375 106.2687530517578125 105.8249969482421875 105.99375152587890625 106.11875152587890625 103 100.13124847412109375 97.21250152587890625 94.125 91.27500152587890625 91.28749847412109375 90.25 92.21875 91.2624969482421875 90.2687530517578125 87.52500152587890625 85.68125152587890625
177.493743896484375 178.8249969482421875 179.037506103515625 175.318756103515625 174.0500030517578125 169.3125 166.524993896484375 161.493743896484375 157.0187530517578125 148.34375 145.9562530517578125 141.1999969482421875 131.024993896484375 130.118743896484375 128.5625 122.1062469482421875 115.61875152587890625 112.40625 111.40000152587890625 114.28125 115.41249847412109375 111.0500030517578125 101.22499847412109375 91.3625030517578125 91.65000152587890625 94.6999969482421875 95.7624969482421875 97.9499969482421875 100.375 99.47499847412109375 95.81874847412109375 95.88124847412109375 94.31874847412109375 90.3125 89.5812530517578125 90.2375030517578125 91.81874847412109375 91.8249969482421875 89.13124847412109375 90.66249847412109375 90.0749969482421875 86.625 78.7937469482421875
181.6374969482421875 181.068756103515625 179.412506103515625 175.6374969482421875 175.1750030517578125 169.2062530517578125 165.631256103515625 161.649993896484375 155.3874969482421875 149.75 146.2312469482421875 142.40625 135.881256103515625 124.94374847412109375 120.63124847412109375 117.4250030517578125 112.59999847412109375 111.0500030517578125 106.4562530517578125 108.1750030517578125 110.8625030517578125 106.6999969482421875 99.44374847412109375 91.71875 85.78749847412109375 86.67499542236328125 89.8312530517578125 92.72499847412109375 95.9562530517578125 96.9562530517578125 92.88124847412109375 89.6125030517578125 90.2312469482421875 85.66249847412109375 84.80625152587890625 87 91.3125 93.34375 96.46250152587890625 94.82500457763671875 89.75624847412109375 84.81874847412109375 73.21875
183.5124969482421875 182.618743896484375 179.443756103515625 176.0749969482421875 172.34375 168.3874969482421875 163.53125 161.4375 157.2937469482421875 150.556243896484375 146.2375030517578125 138.850006103515625 133.3125 125.03125 112.91249847412109375 112.3125 107.34999847412109375 104.19374847412109375 101.3125 101.71250152587890625 102.77500152587890625 98.90625 93.11875152587890625 89.55625152587890625 86.1750030517578125 83.84999847412109375 84.125 85.2937469482421875 87.7312469482421875 88.2937469482421875 88.4499969482421875 86.84999847412109375 85.66249847412109375 84.63124847412109375 81.8562469482421875 87.77500152587890625 94.90000152587890625 100.1750030517578125 103.5625 99.74375152587890625 86.49375152587890625 77.71250152587890625 74.02500152587890625
179.5 178.712493896484375 177.693756103515625 175.6750030517578125 171.625 167.649993896484375 164.475006103515625 160.7312469482421875 156.1687469482421875 150.875 145.15625 138.462493896484375 132.100006103515625 122.53125 109.15625 107.34999847412109375 103.84375 103.00624847412109375 97.90625 96.9375 98.11875152587890625 94.71875 91.41249847412109375 89.6374969482421875 89.4375 87.6125030517578125 87.7687530517578125 87.91249847412109375 90.6125030517578125 87.93125152587890625 84.52500152587890625 84.93125152587890625 87.3625030517578125 83.16249847412109375 78.0625 79.96875 92.1374969482421875 104.27500152587890625 106.3000030517578125 100.3000030517578125 93.21875 88.1125030517578125 86.7624969482421875
177.350006103515625 174.587493896484375 173.78125 170.225006103515625 169.8249969482421875 167.0124969482421875 162.993743896484375 158.3000030517578125 156.212493896484375 154.118743896484375 148.181243896484375 140.537506103515625 133.943756103515625 124.58750152587890625 112.72499847412109375 99.22499847412109375 98.5812530517578125 100.0812530517578125 95.36875152587890625 93.9250030517578125 93.53749847412109375 91.21875 89.8125 90.6750030517578125 90.55625152587890625 88.84999847412109375 87.46875 88.46250152587890625 89.4187469482421875 90.7375030517578125 89.03125 86.2687530517578125 81.31874847412109375 76.2062530517578125 72.0749969482421875 83.91249847412109375 89.75 98.2312469482421875 104.6374969482421875 106.6687469482421875 105.8249969482421875 100.8000030517578125 92.41249847412109375
173.46875 172.0437469482421875 169.181243896484375 168.9250030517578125 168.2062530517578125 166.568756103515625 162.806243896484375 159.53125 154.0500030517578125 150.6062469482421875 147.9875030517578125 141.9250030517578125 133.100006103515625 124.1125030517578125 116.90625 104.50624847412109375 91.1374969482421875 91.75624847412109375 91.7062530517578125 89.53749847412109375 87.4812469482421875 87.06874847412109375 85.90625 89.7375030517578125 89.5 84.88124847412109375 83.70000457763671875 84.25624847412109375 88.2375030517578125 90.53125 91.5 91.2375030517578125 86.34999847412109375 84.34999847412109375 88.21250152587890625 92.6750030517578125 100.34999847412109375 107.00624847412109375 113.3625030517578125 109.56874847412109375 108.99375152587890625 100.66249847412109375 89.0749969482421875
167.84375 167.287506103515625 167.8000030517578125 167.71875 167.712493896484375 168.068756103515625 163.556243896484375 159.649993896484375 154.3249969482421875 148.149993896484375 143.5124969482421875 140.3937530517578125 131.2937469482421875 123.7375030517578125 118.66249847412109375 109.1374969482421875 96.125 84.28125 90.16249847412109375 85.4250030517578125 82.70000457763671875 81.5437469482421875 82.68125152587890625 85.3312530517578125 86.8874969482421875 82.3312530517578125 79.6999969482421875 83.74375152587890625 87.1687469482421875 87.71875 84.84375 82.28749847412109375 92.3000030517578125 93.4187469482421875 94.11875152587890625 108.9499969482421875 114.71875 111.6999969482421875 112.68125152587890625 110.3249969482421875 100.4250030517578125 90.8312530517578125 81.8562469482421875
162.9499969482421875 164.6999969482421875 165.4375 166.4812469482421875 167.5749969482421875 165.46875 162.09375 157.8562469482421875 154.2750091552734375 150.0500030517578125 144.3125 134.725006103515625 127.56874847412109375 122.34999847412109375 115.5187530517578125 108.24375152587890625 102.27500152587890625 88.36875152587890625 81.6374969482421875 79.03125 79.05625152587890625 80.28749847412109375 72.84375 77.52500152587890625 79.03125 81.09375 81.7375030517578125 81.50624847412109375 86.59999847412109375 87.16249847412109375 85.96875 88.0437469482421875 92.875 92.8000030517578125 97.1125030517578125 107.5187530517578125 108.90625 105.0812530517578125 105.11875152587890625 99.5187530517578125 91.0124969482421875 80.4499969482421875 75.4499969482421875
