data/historical-monthly-weather-data/wc2.1_cruts4.09_10m_prec_1970-07.asc
ncols        51
nrows        45
xllcorner    -63.500000000000
yllcorner    -7.500000000000
cellsize     0.166666666667
NODATA_value -9999
[rows 0 to 18 of 45, columns 0 to 43 of 51]
201.4812469482421875 192.193756103515625 187.2312469482421875 186.662506103515625 183.756256103515625 183.7624969482421875 183.9499969482421875 182.475006103515625 185.8249969482421875 190.912506103515625 192.6750030517578125 194.693756103515625 195.743743896484375 199.787506103515625 204.9187469482421875 207.943756103515625 210.4375 207.7062530517578125 206.4812469482421875 207.8625030517578125 208.881256103515625 204.3125 201.0437469482421875 197.4250030517578125 196.006256103515625 190.9499969482421875 188.024993896484375 185.4375 180.5625 178.2624969482421875 168.725006103515625 163.65625 163.4499969482421875 159.931243896484375 156.1750030517578125 151.4187469482421875 143.993743896484375 144.3249969482421875 138.4875030517578125 133.962493896484375 134.399993896484375 135.6687469482421875 132.7312469482421875 131.875
192.7312469482421875 182.881256103515625 177.6437530517578125 177.1187591552734375 175.8000030517578125 176.09375 175.931243896484375 175.8874969482421875 179.443756103515625 182.4875030517578125 183.9499969482421875 184.743743896484375 185.71875 187.818756103515625 189.9562530517578125 192.53125 193.90625 192.8125 193.506256103515625 194.399993896484375 189.9562530517578125 189.2062530517578125 187.806243896484375 188.6687469482421875 183.3125 180.1750030517578125 178.5812530517578125 177.3125 171.787506103515625 166.3249969482421875 161.3125 161.181243896484375 159.96875 159.662506103515625 156.8562469482421875 149.7312469482421875 142.6999969482421875 140.7062530517578125 134.625 131.9375 133.84375 132.681243896484375 131.0124969482421875 128
177.4187469482421875 172.993743896484375 172.0437469482421875 170.0187530517578125 167.3125 165.993743896484375 166.5 169.149993896484375 172.9499969482421875 175.212493896484375 176 174.7937469482421875 176.78125 175.118743896484375 175.6125030517578125 176.462493896484375 177.8562469482421875 176.375 175.475006103515625 177.193756103515625 173.53125 173.774993896484375 174.1062469482421875 174.381256103515625 171.90625 167.28125 170.9375 169.2937469482421875 165.7687530517578125 162.2937469482421875 158.193756103515625 152.806243896484375 152.649993896484375 154.8562469482421875 147.381256103515625 139.431243896484375 135.806243896484375 135.4375 128.9562530517578125 126.71875 127.625 127.5187530517578125 124.8249969482421875 123.3937530517578125
164.5124969482421875 158.59375 161.0500030517578125 163.1062469482421875 159.9875030517578125 157.0187530517578125 156.2312469482421875 160.6374969482421875 166.318756103515625 169.193756103515625 166.3562469482421875 164.4812469482421875 164.46875 165.59375 163.6750030517578125 161.8874969482421875 160.9562530517578125 159.899993896484375 160.6750030517578125 165.537506103515625 163.5437469482421875 159.75 159.6875 162.03125 161.6999969482421875 159.431243896484375 160.3125 156.25 156.4562530517578125 158.1750030517578125 155.056243896484375 149.493743896484375 144.8937530517578125 141.3562469482421875 135.7312469482421875 135.0625 133.4812469482421875 127.5187530517578125 123.09375 120.10625457763671875 122.56874847412109375 124.3249969482421875 121.9875030517578125 120.125
168.9875030517578125 157.0187530517578125 148.6374969482421875 150.962493896484375 153.6437530517578125 149.8312530517578125 150.337493896484375 153.71875 157.837493896484375 159.006256103515625 159.806243896484375 156.5124969482421875 155.725006103515625 155.0437469482421875 152.3000030517578125 150.1999969482421875 147.96875 147.7062530517578125 145.3000030517578125 148.2624969482421875 149.1062469482421875 145.9250030517578125 145.03125 151.65625 151.381256103515625 149.381256103515625 148.5124969482421875 150.399993896484375 150.350006103515625 148.2937469482421875 147.475006103515625 145.0749969482421875 142.9875030517578125 138.212493896484375 132.5187530517578125 126.99375152587890625 125.0437469482421875 122 116.83750152587890625 115.3625030517578125 116.68125152587890625 115.52500152587890625 116.3125 116.46250152587890625
162.993743896484375 156.5625 150.2937469482421875 136.8874969482421875 141.78125 148.25 148.337493896484375 149.5187530517578125 154.5437469482421875 154.6687469482421875 153.25 150.756256103515625 150 145.412506103515625 144.475006103515625 142.09375 137.568756103515625 134.2312469482421875 133.818756103515625 137.100006103515625 137.693756103515625 136.9250030517578125 138.4499969482421875 139.806243896484375 142.4812469482421875 142.5187530517578125 142.100006103515625 143.162506103515625 142.0812530517578125 140.5625 139.931243896484375 141.181243896484375 137.0625 134.71875 127.86875152587890625 123.74375152587890625 116.58750152587890625 113.7687530517578125 112.7375030517578125 113.2687530517578125 110.09375 110.9250030517578125 110.11875152587890625 108.93125152587890625
159.34375 154.28125 149.350006103515625 143.0625 138.287506103515625 135.3874969482421875 139.75 144.0124969482421875 145.712493896484375 147.193756103515625 147.4499969482421875 142.3000030517578125 142.8562469482421875 139.618743896484375 135.8562469482421875 134.287506103515625 131.618743896484375 125.21875 120.8625030517578125 125.9375 126.6062469482421875 126.15000152587890625 126.8312530517578125 131.0749969482421875 133.412506103515625 136.399993896484375 139.193756103515625 136.274993896484375 133.5500030517578125 136.0437469482421875 134.693756103515625 131.8312530517578125 127.90000152587890625 127.5124969482421875 124.59375 118.61875152587890625 111.25 106.86875152587890625 106.9812469482421875 108.28125 104.7687530517578125 103.2312469482421875 103.71250152587890625 102.3249969482421875
158.2437591552734375 151.3562469482421875 148.3249969482421875 145.21875 142.9250030517578125 144.9187469482421875 140.5437469482421875 132.4875030517578125 131.2312469482421875 133.149993896484375 134.4562530517578125 133.84375 133.662506103515625 130.306243896484375 128.5 126.3000030517578125 122.28749847412109375 116.83750152587890625 113 111.8000030517578125 116.77500152587890625 119.36875152587890625 119.6374969482421875 123.63124847412109375 128.3625030517578125 128.149993896484375 130.318756103515625 126.68125152587890625 127.59375 126.6687469482421875 129.399993896484375 127.05625152587890625 124.36875152587890625 120.7937469482421875 116.40625 109.09375 102.78749847412109375 98.96250152587890625 96.6750030517578125 95.23125457763671875 93.3874969482421875 93.75 93.78749847412109375 92.0500030517578125
156.318756103515625 150.6687469482421875 146.743743896484375 146.1125030517578125 145.787506103515625 144.5124969482421875 141.7687530517578125 137.868743896484375 132.3249969482421875 126.5 125.1999969482421875 122.625 126.7062530517578125 123.49375152587890625 120.94374847412109375 117.9375 115.78125 113.84999847412109375 114.19374847412109375 108.5625 108.88124847412109375 114.6750030517578125 115.71875 121.44374847412109375 125.24375152587890625 122.1999969482421875 120.9812469482421875 123.6062469482421875 124.9875030517578125 122.96250152587890625 126.0749969482421875 120.6999969482421875 113.1374969482421875 107.9187469482421875 104.9375 102.80625152587890625 99.3874969482421875 96.7375030517578125 92.74375152587890625 89.1062469482421875 86.40000152587890625 85.8249969482421875 86.3125 83.875
152.1875 148.4375 146.618743896484375 146.3625030517578125 146.1750030517578125 147.024993896484375 144.03125 140.3625030517578125 136.4812469482421875 133.2624969482421875 127.2687530517578125 119.71875 120.78749847412109375 119.09375 116.53125 114.25624847412109375 109.72499847412109375 111.1999969482421875 112.34999847412109375 110.6374969482421875 110.4812469482421875 109.66249847412109375 108.86875152587890625 114.4250030517578125 117.03125 118.7937469482421875 117.29999542236328125 118.43125152587890625 117.71250152587890625 116.4250030517578125 117.06874847412109375 111.83750152587890625 106.96250152587890625 101.53749847412109375 97.1374969482421875 95.96250152587890625 93.78125 91.6750030517578125 88.24375152587890625 86.9250030517578125 85.71875 83.6374969482421875 80.6062469482421875 76.38124847412109375
151.09375 148.28125 146.068756103515625 147.03125 146.5187530517578125 147.4375 145.506256103515625 138.774993896484375 132.25 129.1687469482421875 126.43125152587890625 121.1750030517578125 114.61875152587890625 114.06874847412109375 109.05625152587890625 105.91249847412109375 104.4875030517578125 106.2687530517578125 107.66249847412109375 111.08750152587890625 114.6125030517578125 112.5749969482421875 107.5812530517578125 104.125 111.75 119.8625030517578125 118.94374847412109375 117.09999847412109375 111.93125152587890625 110.3000030517578125 109.00624847412109375 106.9187469482421875 103.02500152587890625 96.84375 93.77500152587890625 91.3125 89.2687530517578125 85.0812530517578125 85.84375 83.4875030517578125 80.19374847412109375 77.5124969482421875 76.56874847412109375 70.6687469482421875
149.5812530517578125 145.59375 144.131256103515625 145.6687469482421875 146.337493896484375 147.381256103515625 146.75 140.524993896484375 132.0187530517578125 124.9375 120.8249969482421875 118.41249847412109375 109.65625 106.26250457763671875 105.54375457763671875 100.74375152587890625 99.3625030517578125 101.21875 103.375 108.625 116.0749969482421875 116.21875 115.08750152587890625 109.31874847412109375 109.8249969482421875 108.3000030517578125 107.7375030517578125 108.4375 105.8125 103.3125 99.1875 97.15625 94.8874969482421875 91.34375 89.7624969482421875 88.6750030517578125 85.38124847412109375 83.96250152587890625 79.7062530517578125 77.625 74.0625 73.1062469482421875 68.97499847412109375 62.52500152587890625
143.5 142.087493896484375 142.375 142.024993896484375 141.3000030517578125 142.662506103515625 140.5124969482421875 133.662506103515625 126.25 122.21875 119.1875 113.84999847412109375 109.46875 98.8125 94.9562530517578125 95.0625 93.99375152587890625 96.8874969482421875 99.5500030517578125 102.9375 108.34375 109.47499847412109375 111.1062469482421875 107.5749969482421875 102.3249969482421875 100.7375030517578125 101.03125 102.03749847412109375 100.13124847412109375 96.5625 92.26874542236328125 87.54999542236328125 87.2312469482421875 84.94374847412109375 83.2624969482421875 82.9875030517578125 82.9499969482421875 83.4375 82.65000152587890625 76.8625030517578125 70.43125152587890625 67.65000152587890625 61.47499847412109375 57.25624847412109375
138.712493896484375 137.100006103515625 137.6875 136.712493896484375 135.1687469482421875 134.443756103515625 131.8000030517578125 126.4562530517578125 123.3874969482421875 117.71875 114.11875152587890625 109.53125 102.46250152587890625 94.56874847412109375 85.3249969482421875 87.3125 85.8625030517578125 89.5187530517578125 91.22499847412109375 95.08750152587890625 99.2624969482421875 102.6999969482421875 104.99375152587890625 103.5124969482421875 98.8625030517578125 95.93125152587890625 94.2375030517578125 92.0124969482421875 89.9187469482421875 86.94374847412109375 86.4562530517578125 83.3249969482421875 80.2375030517578125 78.18125152587890625 77.1750030517578125 79.8312530517578125 83.08750152587890625 86.21875 86.9375 80.2687530517578125 67.3562469482421875 60.59375 59.90000152587890625 63.50624847412109375
134.7937469482421875 131.5 130.6687469482421875 130.53125 127.7062530517578125 125.78125 126.05625152587890625 121.0625 116.7624969482421875 111.59375 107.77500152587890625 102.09999847412109375 96.7375030517578125 90.84999847412109375 79.22499847412109375 78.3625030517578125 77.89374542236328125 80.7375030517578125 83.0500030517578125 87.34999847412109375 93.16249847412109375 96.38124847412109375 99.0500030517578125 100.3625030517578125 99.00624847412109375 97.15000152587890625 94.5749969482421875 90.46875 88.6125030517578125 86.46250152587890625 81.6875 79.55625152587890625 79.66249847412109375 76.24375152587890625 71.61875152587890625 73.1875 80.7687530517578125 88.3937530517578125 89.8562469482421875 82.2624969482421875 73.3000030517578125 68.18125152587890625 71.15625 69.16249847412109375
127.68125152587890625 124.9250030517578125 124.65000152587890625 122.97499847412109375 121.09999847412109375 121.5187530517578125 117.96250152587890625 113.75624847412109375 110.24375152587890625 107.3562469482421875 102.41249847412109375 97.33750152587890625 92.49375152587890625 86.84375 77.78749847412109375 67.1125030517578125 68.7062530517578125 72.8125 74.6750030517578125 79.2624969482421875 84.16249847412109375 89.65625 94.18125152587890625 100 100.3125 97.81874847412109375 92.86875152587890625 86.5187530517578125 84.75 83.0437469482421875 83.3937530517578125 77.8874969482421875 73.75624847412109375 69.59375 66.2687530517578125 74.0500030517578125 79.99375152587890625 86.27500152587890625 89.9250030517578125 88.74375152587890625 83.5124969482421875 78.95000457763671875 75.96250152587890625 70.6750030517578125
120.90000152587890625 118.5749969482421875 118.9187469482421875 118.5 117.5500030517578125 114.75624847412109375 112.99375152587890625 109.3249969482421875 106.15625 103.34375 99.1875 93.09999847412109375 87.15625 83.05625152587890625 79.5625 71.9562530517578125 64.38124847412109375 64.7624969482421875 70.1062469482421875 73.9562530517578125 78.2312469482421875 84.13124847412109375 91.6687469482421875 99.63124847412109375 103.0437469482421875 94.09375 85.56874847412109375 79.9812469482421875 79.94374847412109375 80.71875 81.43125152587890625 80.9499969482421875 76.21875 72.5437469482421875 76.4187469482421875 79.96250152587890625 87.50624847412109375 97.02500152587890625 102.6750030517578125 93.30625152587890625 85.5625 79.3249969482421875 72.8125 69.3562469482421875
113.91249847412109375 113.375 112.5500030517578125 113.28749847412109375 112.25 108.40625 105.90000152587890625 103.49375152587890625 100.71875 95.56874847412109375 92.1374969482421875 89.03125 83.96250152587890625 80.2062530517578125 78.6437530517578125 74.9812469482421875 68.50624847412109375 60.612499237060546875 66.86875152587890625 69.81874847412109375 73.6062469482421875 78.59375 88.38124847412109375 94.86875152587890625 96.78749847412109375 87.8874969482421875 79.18125152587890625 75.6125030517578125 76.38124847412109375 75.49375152587890625 72.4875030517578125 71.3125 79.6999969482421875 81.4499969482421875 79.03749847412109375 85.97499847412109375 95.49375152587890625 100.34999847412109375 101.5749969482421875 94.26874542236328125 81.9375 75.5187530517578125 69.2937469482421875 65.76874542236328125
107.36875152587890625 106.90000152587890625 105.1374969482421875 104.9812469482421875 105.3937530517578125 103.03749847412109375 99.3625030517578125 98.03125 96.34999847412109375 92.09999847412109375 88.7312469482421875 83.83750152587890625 80.28749847412109375 78.38124847412109375 74.52500152587890625 73.21875 69.94374847412109375 64.49375152587890625 61.24375152587890625 62.737499237060546875 69.33750152587890625 79.4250030517578125 74.99375152587890625 82.1374969482421875 84.7062530517578125 82.9812469482421875 77.5500030517578125 72.7375030517578125 73.65625 73.90000152587890625 72.65000152587890625 73.15000152587890625 78.55625152587890625 78.27500152587890625 78.3625030517578125 83.5437469482421875 87.27500152587890625 89.4562530517578125 91.11875152587890625 83.44374847412109375 76.1125030517578125 69.0625 64.46875 61.08750152587890625
