data/historical-monthly-weather-data/wc2.1_cruts4.09_10m_prec_2013-06.asc
ncols        51
nrows        45
xllcorner    -63.500000000000
yllcorner    -7.500000000000
cellsize     0.166666666667
NODATA_value -9999
[rows 19 to 37 of 45, columns 0 to 43 of 51]
183.4250030517578125 181.1999969482421875 175.125 166.850006103515625 161.568756103515625 159.587493896484375 153.056243896484375 144.756256103515625 142.193756103515625 137.5500030517578125 131.28125 123.36875152587890625 113.8625030517578125 104.1437530517578125 94.84999847412109375 81.8249969482421875 72.8125 70.41875457763671875 63.549999237060546875 61.256252288818359375 56.081249237060546875 56.71875 61.53125 67.6999969482421875 71.34999847412109375 75.4812469482421875 82 94.25 99.4250030517578125 102.40625 108.3625030517578125 126.5124969482421875 136.0749969482421875 142.5749969482421875 151.5562591552734375 170.1875 185.412506103515625 189.756256103515625 191.337493896484375 189.056243896484375 176.8312530517578125 158.443756103515625 159.8625030517578125 160.962493896484375
166.568756103515625 173.125 171.6999969482421875 164.506256103515625 154.0437469482421875 149.1687469482421875 146.306243896484375 140.8249969482421875 137.068756103515625 131.618743896484375 127.30625152587890625 119.65000152587890625 110.6687469482421875 99.90000152587890625 89.34375 81.28125 71.9875030517578125 66.78125 65.13124847412109375 61.125 62.90625 64.0437469482421875 67.11875152587890625 75.6125030517578125 81.13124847412109375 83.375 83.7062530517578125 90.8125 98.38124847412109375 106.53125 114.71875 128.1062469482421875 128.975006103515625 133.8937530517578125 140.7062530517578125 157.6750030517578125 173.8125 182.068756103515625 179.243743896484375 175.3000030517578125 168.881256103515625 155.618743896484375 154.375 156.7687530517578125
160.8874969482421875 158.7624969482421875 160.6437530517578125 158.431243896484375 150.5187530517578125 143.6125030517578125 139.5625 134.100006103515625 130.15625 127.84999847412109375 123.5187530517578125 114.74375152587890625 106.125 99.40000152587890625 92.0187530517578125 81.31874847412109375 78.8874969482421875 71.81874847412109375 69.86875152587890625 66.1750030517578125 64.30625152587890625 67.96875 71.2375030517578125 75.9375 79.7624969482421875 82.9875030517578125 90.11875152587890625 93.99375152587890625 104.6875 113.1437530517578125 117.25624847412109375 120.25 123.7937469482421875 132.2937469482421875 136.6374969482421875 147.100006103515625 160.181243896484375 171.7750091552734375 173.28125 171.3562469482421875 165.09375 156.8249969482421875 155.337493896484375 158.631256103515625
155.850006103515625 162.8187408447265625 163.375 159.5124969482421875 151.443756103515625 142.6125030517578125 131.225006103515625 124.7687530517578125 125.53749847412109375 122.86875152587890625 118.3937530517578125 113.8625030517578125 110.6125030517578125 105.77500152587890625 97.6999969482421875 88.8625030517578125 80.34999847412109375 74.0625 70.96875 68.96875 70.56874847412109375 70.5625 70.78749847412109375 76.28125 83.99375152587890625 87.6062469482421875 91.45624542236328125 97.53749847412109375 106.0625 108.65000152587890625 111.84999847412109375 117.2312469482421875 119.00624847412109375 122.5124969482421875 131.84375 137.431243896484375 145.4187469482421875 156.993743896484375 164.75 167.1437530517578125 162.4250030517578125 157.3249969482421875 154.96875 154.59375
147.4875030517578125 156.2375030517578125 162 154.53125 144.9875030517578125 136.6750030517578125 132.2375030517578125 125.4812469482421875 120.50624847412109375 115.3125 115.90000152587890625 116.63124847412109375 111.8125 109.1875 98.6125030517578125 90.3000030517578125 82.96250152587890625 79.22499847412109375 75.125 71.71875 72.40000152587890625 74.125 73.53125 82.1875 87.0437469482421875 89.49375152587890625 97.25624847412109375 97.94374847412109375 102.03125 105.9375 108.3874969482421875 112.4562530517578125 115.9250030517578125 117.15000152587890625 124.44374847412109375 128.306243896484375 138.0500030517578125 149.0812530517578125 154.4499969482421875 156.475006103515625 155.462493896484375 153.600006103515625 152.743743896484375 153.962493896484375
137.649993896484375 148.725006103515625 152.524993896484375 151.4812469482421875 144.399993896484375 136.34375 130.1125030517578125 125.71250152587890625 119.96875 118.41249847412109375 115.3874969482421875 113.31874847412109375 112.61875152587890625 106.3625030517578125 96.71875 89.2937469482421875 83.84375 78.59999847412109375 75.5625 73.90625 74.3125 74.2375030517578125 77.3000030517578125 85.02500152587890625 87.5437469482421875 90.31874847412109375 94.63124847412109375 97.78125 100.4812469482421875 104.0812530517578125 102.90000152587890625 103.47499847412109375 106.44374847412109375 111.4875030517578125 116.75624847412109375 123.11875152587890625 131.162506103515625 138.1999969482421875 146.28125 149.7937469482421875 150.2624969482421875 151 152.8000030517578125 150.125
133.818756103515625 147.462493896484375 144 143.375 136.3937530517578125 130.6687469482421875 124.1750030517578125 120.70624542236328125 112.8125 108.25624847412109375 109.5749969482421875 108.25624847412109375 107.61875152587890625 103.55625152587890625 96.77500152587890625 87.94374847412109375 82.99375152587890625 80.0500030517578125 77.27500152587890625 73.25624847412109375 74.09375 74.8312530517578125 76.9812469482421875 83.6125030517578125 88.8249969482421875 90.40000152587890625 94.3125 97.44374847412109375 97.6062469482421875 99.18125152587890625 97.5749969482421875 97.4187469482421875 100.15625 103.96875 108.6125030517578125 117.7624969482421875 125.8937530517578125 130.587493896484375 135.375 142.5437469482421875 143.8125 137.2687530517578125 138.399993896484375 141.3874969482421875
127.36875152587890625 132.100006103515625 134.6062469482421875 133.149993896484375 127.6374969482421875 123.4499969482421875 118.2687530517578125 110.0749969482421875 105.1750030517578125 106.61875152587890625 108.28749847412109375 106.88124847412109375 104.31874847412109375 102.0124969482421875 96.8874969482421875 91.2062530517578125 84.7624969482421875 79.0124969482421875 76.9375 73.1062469482421875 72.08750152587890625 72.77500152587890625 75.30625152587890625 84.8625030517578125 86.9250030517578125 89.00624847412109375 93.125 94.6875 95.0187530517578125 95.03125 95.0812530517578125 92.0500030517578125 93.86875152587890625 98.06874847412109375 103.2687530517578125 110.47499847412109375 120.3000030517578125 125.09375 127.71250152587890625 135.8937530517578125 140.3249969482421875 136.75 133.006256103515625 133.131256103515625
122 121.72499847412109375 123.13124847412109375 119.61875152587890625 115.65000152587890625 114.1999969482421875 110.90625 104.8249969482421875 102.13124847412109375 103.71250152587890625 103.36875152587890625 103.08750152587890625 100.5749969482421875 97.7937469482421875 92.97499847412109375 87.9875030517578125 82.49375152587890625 78.96875 74.125 71.88124847412109375 71.41249847412109375 70 72.9562530517578125 79.50624847412109375 83.4499969482421875 85.2062530517578125 89.1875 90.80625152587890625 93.8937530517578125 95.0625 93.58750152587890625 92.125 92.50624847412109375 92.9499969482421875 100.3249969482421875 106.88124847412109375 116.25 120.4187469482421875 125.3125 131.693756103515625 136.3937530517578125 137.118743896484375 127.4499969482421875 129.6374969482421875
113.8312530517578125 116.4187469482421875 112.0437469482421875 107.6125030517578125 106.15625 101.49375152587890625 100.125 99.09999847412109375 99.25624847412109375 98.625 98.96250152587890625 98.25 97.6750030517578125 95.8625030517578125 91.4499969482421875 87.0437469482421875 83.09999847412109375 78.08750152587890625 74.94374847412109375 72.4375 69.75 67.50624847412109375 67.61875152587890625 73.1750030517578125 77.7624969482421875 79.69374847412109375 85.6750030517578125 90.1437530517578125 92.3312530517578125 91.03749847412109375 88.7375030517578125 88.625 88.66249847412109375 92.1875 96.2937469482421875 102.1875 112.6999969482421875 114.6437530517578125 119.8562469482421875 124.24375152587890625 126.58750152587890625 124.8874969482421875 122.31874847412109375 127.8312530517578125
107.19374847412109375 106.9187469482421875 103.69374847412109375 99.125 96.8312530517578125 95.6875 94.15000152587890625 95.90625 95.21875 95.66249847412109375 95.86875152587890625 96.31874847412109375 96.31874847412109375 95.23125457763671875 90.27500152587890625 85.2312469482421875 81.00624847412109375 78.21875 72.4812469482421875 67.6687469482421875 66.86875152587890625 64.8312530517578125 64.3874969482421875 69.40000152587890625 72.5812530517578125 77.3625030517578125 82.1437530517578125 85.69374847412109375 88.40625 86.6875 85.19374847412109375 84.5749969482421875 86.75624847412109375 90.6875 96.38124847412109375 99.98125457763671875 111.55625152587890625 113.6999969482421875 112.9562530517578125 121.7375030517578125 123.02500152587890625 120.65000152587890625 121.55625152587890625 120.0749969482421875
102.4812469482421875 100.4875030517578125 96.5 93.5 91.59999847412109375 90.3625030517578125 90.7375030517578125 91.30625152587890625 90.82500457763671875 92.3312530517578125 93.3000030517578125 92.56874847412109375 94.19374847412109375 89.47499847412109375 86.41249847412109375 85.0187530517578125 82.02500152587890625 76.78749847412109375 71.625 67.71875 65.06874847412109375 61.612499237060546875 60.799999237060546875 65.6750030517578125 69.3000030517578125 74.03125 78.03749847412109375 82.00624847412109375 84.15000152587890625 83.31874847412109375 84.8000030517578125 84.6875 85.8125 87.8000030517578125 92.8000030517578125 96.8562469482421875 106.1999969482421875 110.9562530517578125 110.63124847412109375 110.1999969482421875 114.35625457763671875 112.5625 112.56874847412109375 112.68125152587890625
97.11875152587890625 95.0500030517578125 90.33750152587890625 88.9499969482421875 89.5812530517578125 88.3874969482421875 87.7937469482421875 87.58750152587890625 88.09999847412109375 87.83750152587890625 86.8937530517578125 87.3312530517578125 86.22499847412109375 85.9875030517578125 85.0124969482421875 82.94374847412109375 78.09375 73.2312469482421875 69.0625 65.6687469482421875 62.643749237060546875 59.793750762939453125 57.15000152587890625 60.93125152587890625 65.8249969482421875 69.44374847412109375 74.19374847412109375 78.1999969482421875 80.2937469482421875 83.44374847412109375 83.50624847412109375 83.0749969482421875 85.13124847412109375 86.69374847412109375 90.50624847412109375 93.25624847412109375 99.52500152587890625 101.4812469482421875 104.23749542236328125 105.56874847412109375 109.88124847412109375 108.91249847412109375 107.28125 106.86875152587890625
92.0187530517578125 90.3874969482421875 88.34999847412109375 87.5500030517578125 85.81874847412109375 85.19374847412109375 84.9250030517578125 85.34375 84.4499969482421875 84.3125 86.3937530517578125 85.6374969482421875 85.2375030517578125 86.68125152587890625 86.0625 81.5749969482421875 76.65625 73.7062530517578125 69.63124847412109375 65.8874969482421875 61.450000762939453125 57.950000762939453125 56.28125 59.58750152587890625 62.956249237060546875 66.47499847412109375 70.4250030517578125 73.77500152587890625 77.13124847412109375 80.36875152587890625 81.75 80.36875152587890625 82.9562530517578125 86.86875152587890625 89.28749847412109375 91.58750152587890625 94.21875 95.8937530517578125 98.1125030517578125 103.2624969482421875 106.8249969482421875 105.2062530517578125 101.6437530517578125 100.02500152587890625
86.8000030517578125 86.77500152587890625 87.40625 86.21875 84.2687530517578125 83 83.58750152587890625 82.1687469482421875 80.8562469482421875 80.1062469482421875 82.31874847412109375 84.34375 84.5500030517578125 83.80625152587890625 82.08750152587890625 80.5625 78.0749969482421875 73.43125152587890625 67.8562469482421875 64.3125 60.96250152587890625 57.25 56.27500152587890625 57.706249237060546875 60.956249237060546875 62.768749237060546875 67.52500152587890625 70.96875 75.46250152587890625 78.09375 80.625 81.7312469482421875 81.1062469482421875 83.3874969482421875 87.34999847412109375 89.55625152587890625 91.125 92.1437530517578125 94.4375 97.31874847412109375 97.96875 98.8562469482421875 97.3937530517578125 91.0437469482421875
83.61875152587890625 82.1374969482421875 84.2062530517578125 85.38124847412109375 83.83750152587890625 80.34375 78.6437530517578125 78.46875 77.6437530517578125 76.8937530517578125 81.2687530517578125 84.1875 85.1437530517578125 87.5 85.88124847412109375 82.21875 77.7937469482421875 71.30625152587890625 65.9375 60.28749847412109375 59.25 55.15625 53.24375152587890625 54.47499847412109375 58.75 61.05625152587890625 64.7062530517578125 67.1437530517578125 70.71875 73.19374847412109375 76.6125030517578125 79.27500152587890625 78.2687530517578125 80.1062469482421875 82.08750152587890625 85.15000152587890625 84.90625 89.8625030517578125 89.21250152587890625 91.4499969482421875 91.84999847412109375 90.1437530517578125 89.8249969482421875 86.3312530517578125
80.8125 79.22499847412109375 80.0625 81.3312530517578125 81.0187530517578125 78.75 77.21250152587890625 75.56874847412109375 73.84375 72.9875030517578125 75.05625152587890625 82.1437530517578125 86.00624847412109375 87.125 85.86875152587890625 82.59999847412109375 77.4812469482421875 69.5812530517578125 63.74375152587890625 57.84375 55.456249237060546875 54.40625 52.174999237060546875 53.012500762939453125 56.387500762939453125 58.11875152587890625 60.96250152587890625 63.09999847412109375 67.1437530517578125 69.2062530517578125 71.2062530517578125 74.09375 74.9375 75.5749969482421875 75.8000030517578125 78.55625152587890625 82.15000152587890625 82.71250152587890625 83.5187530517578125 86.0625 86.38124847412109375 83.84375 82.90625 82.4875030517578125
75.70000457763671875 77.16249847412109375 76.0812530517578125 77.56874847412109375 78.625 76.8874969482421875 75.27500152587890625 74.9562530517578125 72.8249969482421875 68.47499847412109375 73.40625 83.3874969482421875 88.05625152587890625 86.96250152587890625 85.52500152587890625 81.99375152587890625 77.43125152587890625 70.52500152587890625 64.24375152587890625 56.71875 53.575000762939453125 53.375 51.28749847412109375 52.22499847412109375 53.38124847412109375 54.84375 58.63124847412109375 60.268749237060546875 62.05625152587890625 63.049999237060546875 67.0187530517578125 68.43125152587890625 70.27500152587890625 71.875 71.96875 74.0437469482421875 77.15625 79.78125 78.6750030517578125 78.4499969482421875 78.39374542236328125 78.5625 75.7312469482421875 80.53125
71.05625152587890625 72.75624847412109375 73.53125 75.83750152587890625 76.1999969482421875 75.5 75.34999847412109375 75.05625152587890625 74.1999969482421875 69.5187530517578125 79.52500152587890625 88.53749847412109375 89.46250152587890625 88.78749847412109375 84.65000152587890625 80.6999969482421875 75.7624969482421875 70.0187530517578125 64.7375030517578125 58.4375 54.325000762939453125 52.581249237060546875 49.918750762939453125 50.700000762939453125 51.03125 53.137500762939453125 56.15625 57.18125152587890625 58.299999237060546875 58.53749847412109375 60.643749237060546875 64.47499847412109375 66.77500152587890625 67.0500030517578125 67.4250030517578125 69.6374969482421875 71.6750030517578125 72.75 76.0187530517578125 74.28125 73.05625152587890625 74.1062469482421875 70.6437530517578125 70.33750152587890625
