data/historical-monthly-weather-data/wc2.1_cruts4.09_10m_prec_1983-12.asc
ncols        51
nrows        45
xllcorner    -63.500000000000
yllcorner    -7.500000000000
cellsize     0.166666666667
NODATA_value -9999
[rows 20 to 39 of 45, columns 0 to 44 of 51]
250.6750030517578125 257.54376220703125 265.649993896484375 275.462493896484375 286.54998779296875 298.131256103515625 309.08123779296875 319.181243896484375 326.79376220703125 331.537506103515625 333.9375 338.25 342.01251220703125 342.881256103515625 340.256256103515625 335.037506103515625 329.399993896484375 323.5 321.13751220703125 317.649993896484375 308.63751220703125 298.40625 288.712493896484375 281.10626220703125 275.36248779296875 268.131256103515625 256.48748779296875 239.037506103515625 219.25 203.1437530517578125 191 185.75 185.9499969482421875 188.524993896484375 191.8937530517578125 196.7312469482421875 204.25 212.1687469482421875 216.100006103515625 214.8625030517578125 209.4875030517578125 204.3874969482421875 201.9499969482421875 200.4875030517578125 201.15625
245.9875030517578125 252.1875 262.29376220703125 275.306243896484375 288.48126220703125 300.95623779296875 313.712493896484375 325.59375 333.26251220703125 337.868743896484375 339.08123779296875 341.26251220703125 342.82501220703125 341.725006103515625 339.850006103515625 336.006256103515625 331.743743896484375 327 323.63751220703125 319.65625 308.75 299.76251220703125 292.962493896484375 285.51873779296875 280.274993896484375 276.5625 269.787506103515625 253.5749969482421875 234.537506103515625 220.037506103515625 208.350006103515625 200.993743896484375 198.337493896484375 198.962493896484375 199.850006103515625 203.1999969482421875 209.8625030517578125 217.5749969482421875 219.9375 216.506256103515625 211.2687530517578125 207.09375 204.443756103515625 203.0749969482421875 205.006256103515625
242.1374969482421875 250.193756103515625 260.46875 274.20623779296875 289.45001220703125 304.306243896484375 317.76251220703125 331.48748779296875 341.149993896484375 344.399993896484375 344.274993896484375 343.20623779296875 343.57501220703125 341.73126220703125 339.76873779296875 336.556243896484375 332.5625 327.743743896484375 324.399993896484375 319.20623779296875 308.73126220703125 299.73126220703125 292.493743896484375 285.681243896484375 282.01251220703125 281.66876220703125 279.3125 265.125 247.0749969482421875 234.368743896484375 223.899993896484375 215.899993896484375 211.8000030517578125 209.0625 207.2937469482421875 207.256256103515625 213.568756103515625 224.2062530517578125 225.8000030517578125 220.2687530517578125 213.912506103515625 209.59375 207.006256103515625 205.6875 208.2375030517578125
239.600006103515625 246.9812469482421875 257.412506103515625 272.274993896484375 289.45001220703125 305.21875 320.524993896484375 334.212493896484375 343.1875 345.412506103515625 344.95001220703125 343.98748779296875 343.306243896484375 341.58123779296875 339.537506103515625 336.57501220703125 333.38751220703125 329.39373779296875 325.681243896484375 320.256256103515625 308.36248779296875 298.64373779296875 289.962493896484375 283.76873779296875 279.993743896484375 279.1875 276.98748779296875 267.975006103515625 255.9187469482421875 245.7937469482421875 237.493743896484375 229.1374969482421875 224.8312530517578125 220.4562530517578125 216.962493896484375 213.7375030517578125 218.0500030517578125 227.375 228.5187530517578125 222.649993896484375 215.475006103515625 211.0625 207.5749969482421875 205.78125 211.537506103515625
240.3000030517578125 246.3000030517578125 256.15625 274.26873779296875 294.41876220703125 309.46875 323.71875 335.51251220703125 342.41876220703125 345.71875 345.96875 344.01873779296875 342.26251220703125 339.899993896484375 338.787506103515625 336.806243896484375 334.11248779296875 330.91876220703125 327.08123779296875 321.475006103515625 308.58123779296875 296.587493896484375 286.91876220703125 279.443756103515625 276.306243896484375 276.65625 275.20623779296875 269.8125 261.787506103515625 255.3874969482421875 249.368743896484375 242.0437469482421875 237.712493896484375 232.5437469482421875 227.0124969482421875 224.0437469482421875 226.2687530517578125 229.243743896484375 228.943756103515625 224.4187469482421875 217.306243896484375 212.568756103515625 207.9875030517578125 207.087493896484375 213.125
246.2562408447265625 254.8312530517578125 265.431243896484375 283.162506103515625 300.756256103515625 314.32501220703125 326.11248779296875 336.09375 341.899993896484375 344.36248779296875 344.39373779296875 342.90625 340.256256103515625 337.51251220703125 337.70623779296875 336.79376220703125 334.337493896484375 331.79998779296875 328.38751220703125 322.631256103515625 310.78125 296.25 283.23748779296875 272.975006103515625 272.63751220703125 275.28125 276.13751220703125 273.068756103515625 267.806243896484375 263.76251220703125 259.399993896484375 255.0625 251.2687530517578125 244.556243896484375 238.3249969482421875 234.15625 233.6437530517578125 233.587493896484375 232.0437469482421875 227.9562530517578125 221.068756103515625 214.3874969482421875 208.0812530517578125 205.787506103515625 214.90625
252.8937530517578125 262.0625 275.20001220703125 291.75 307.28125 318.61248779296875 327.237518310546875 334.693756103515625 338.162506103515625 341.056243896484375 342.86248779296875 341.01251220703125 337.5 334.975006103515625 335.899993896484375 336.518768310546875 335.393768310546875 333.66876220703125 330.89373779296875 324.712493896484375 312.943756103515625 298.475006103515625 284.037506103515625 271.15625 273.11248779296875 276.462493896484375 277.95001220703125 275.95623779296875 272.875 270.162506103515625 267.95001220703125 265.412506103515625 263.11248779296875 255.850006103515625 248.8312530517578125 244.006256103515625 240.6062469482421875 238.1750030517578125 236.087493896484375 232.725006103515625 226.625 219.056243896484375 210.6875 207.962493896484375 222.318756103515625
260.681243896484375 270.59375 285.024993896484375 300.76251220703125 314.23748779296875 323.33123779296875 329.70623779296875 333.881256103515625 335.681243896484375 337.350006103515625 338.287506103515625 336.375 334.26873779296875 332.26873779296875 334.149993896484375 335.21875 335.96875 334.806243896484375 333.25 328.274993896484375 318.287506103515625 306.381256103515625 296.243743896484375 285.45001220703125 282.787506103515625 283.51873779296875 282.875 280.01873779296875 276.73126220703125 274.79998779296875 272.86248779296875 270.20001220703125 267.73748779296875 262.618743896484375 256.51251220703125 251.0124969482421875 246.5625 243.09375 241.618743896484375 239.6999969482421875 235.274993896484375 228.1875 215.3000030517578125 212.3249969482421875 234.587493896484375
266.693756103515625 277.67498779296875 293.40625 310.01873779296875 321.60626220703125 326.881256103515625 330.0625 332.212493896484375 332.60626220703125 332.65625 333.89373779296875 332.693756103515625 330.631256103515625 329.524993896484375 331.774993896484375 335.11248779296875 337.13751220703125 337.462493896484375 336.84375 333.45001220703125 325.681243896484375 317.07501220703125 310.60626220703125 299.943756103515625 294.912506103515625 292.82501220703125 289.881256103515625 285.79998779296875 281.850006103515625 279.11248779296875 276.51251220703125 273.13751220703125 270.774993896484375 266.45623779296875 261.850006103515625 256.51251220703125 251.90625 247.5437469482421875 245.899993896484375 245.3562469482421875 244.193756103515625 237.09375 225.818756103515625 227.7687530517578125 250.756256103515625
270.73126220703125 281.41876220703125 298.17498779296875 315.993743896484375 328.149993896484375 328.28125 327.649993896484375 328.175018310546875 326.95623779296875 325.92498779296875 326.9375 325.76251220703125 325.89373779296875 326.64373779296875 329.70001220703125 332.625 335.63751220703125 339.17498779296875 339.975006103515625 337.306243896484375 330.86248779296875 324.774993896484375 319.14373779296875 309.649993896484375 303.774993896484375 300.368743896484375 294.26873779296875 289.45001220703125 284.193756103515625 281.475006103515625 278.86248779296875 275.556243896484375 274.181243896484375 270.850006103515625 267.20623779296875 261.350006103515625 256.225006103515625 251.1437530517578125 249.306243896484375 247.837493896484375 245.2312469482421875 244.537506103515625 240.7125091552734375 245.4250030517578125 261.087493896484375
271.96875 281.84375 296.82501220703125 313.70623779296875 323.95623779296875 321.993743896484375 320.506256103515625 319.61248779296875 317.45001220703125 317.606231689453125 318.837493896484375 318.98748779296875 320.649993896484375 322.306243896484375 325.48126220703125 329.337493896484375 334.20623779296875 338.01873779296875 341.60626220703125 340.287506103515625 335.037506103515625 330.462493896484375 326.75 317.618743896484375 310.76251220703125 305.993743896484375 298.79998779296875 292.51873779296875 286.26873779296875 284.04998779296875 281.51251220703125 278.381256103515625 276.95001220703125 274.899993896484375 271.73748779296875 265.88751220703125 260.506256103515625 254.931243896484375 252.037506103515625 248.6125030517578125 246.7687530517578125 251.037506103515625 254.2624969482421875 258.587493896484375 271.568756103515625
271.393768310546875 278.5625 290.024993896484375 300.337493896484375 306 307.40625 307.57501220703125 306.54998779296875 305.600006103515625 305.881256103515625 308.274993896484375 310.61248779296875 314.10626220703125 317.11248779296875 321.756256103515625 326.225006103515625 329.393768310546875 333.51873779296875 337.54376220703125 338.13751220703125 335.79998779296875 333.262481689453125 330.36248779296875 321.85626220703125 316.45623779296875 310.84375 302.131256103515625 294.88751220703125 288.212493896484375 286.381256103515625 284.09375 281.48126220703125 279.212493896484375 277.73126220703125 275.64373779296875 270.631256103515625 264.11248779296875 257.73126220703125 254.53125 251.3249969482421875 251.8874969482421875 261.037506103515625 270.725006103515625 280.774993896484375 298.118743896484375
270.118743896484375 273.774993896484375 279.96875 286.4375 289.681243896484375 290.600006103515625 289.60626220703125 287.993743896484375 287.662506103515625 289.73126220703125 296.16876220703125 300.493743896484375 306.649993896484375 313.17498779296875 317.57501220703125 320.774993896484375 322.70001220703125 327.806243896484375 330.068756103515625 331.54376220703125 330.57501220703125 329.73748779296875 327.79376220703125 320.04998779296875 315.087493896484375 310.67498779296875 302.118743896484375 293.45001220703125 287.38751220703125 285.90625 285.13751220703125 283.662506103515625 282.287506103515625 281.36248779296875 280.11248779296875 275.64373779296875 270.13751220703125 264.806243896484375 262.274993896484375 262.850006103515625 264.568756103515625 276.01251220703125 290.79376220703125 309.774993896484375 341.274993896484375
267.64373779296875 268.35626220703125 271.39373779296875 273.5625 273.149993896484375 272.65625 271.274993896484375 269.08123779296875 269.131256103515625 272.225006103515625 279.67498779296875 289.26873779296875 299.231231689453125 306.90625 311.84375 314.21875 316.243743896484375 320.993743896484375 322.63751220703125 324.274993896484375 324.04376220703125 323.38751220703125 321.625 315.4375 310.806243896484375 306.96875 299.618743896484375 291.837493896484375 286.5 285.26873779296875 285.412506103515625 285.681243896484375 285.125 284.962493896484375 283.95623779296875 280.13751220703125 276.23126220703125 271.056243896484375 271.412506103515625 274 277.76251220703125 290.587493896484375 307.943756103515625 331.64373779296875 367.649993896484375
264.20623779296875 263.29998779296875 263.36248779296875 261.86248779296875 259.42498779296875 257.024993896484375 253.90625 250.712493896484375 249.8000030517578125 253.75 263.875 277.118743896484375 291.98748779296875 303.58123779296875 308.287506103515625 309.912506103515625 310.5 314.037506103515625 316.21875 316.25 317.037506103515625 315.70623779296875 315.243743896484375 309.63751220703125 305.162506103515625 302.162506103515625 295.493743896484375 289 284.15625 284.0625 285.48748779296875 286.881256103515625 287.41876220703125 288.3125 287.91876220703125 284.287506103515625 280.662506103515625 278.493743896484375 280.875 283.875 289.34375 301.943756103515625 318.91876220703125 341.375 372.28125
261.524993896484375 259.38751220703125 257.4375 254.46875 250.2937469482421875 246.625 241.40625 235.8874969482421875 232.7687530517578125 234.0625 245.625 263.850006103515625 283.712493896484375 297.86248779296875 303.506256103515625 305.287506103515625 305.36248779296875 307.9375 308.34375 307.26873779296875 307.256256103515625 307.11248779296875 305.46875 300.443756103515625 296.95623779296875 293.84375 288.493743896484375 282.931243896484375 278.88751220703125 280.506256103515625 283.662506103515625 285.962493896484375 287.92498779296875 289.23126220703125 289.75 287.34375 287.368743896484375 287.287506103515625 290.59375 295.20001220703125 301.756256103515625 314.4375 328.962493896484375 347.85626220703125 370.287506103515625
258.537506103515625 255.6875 252.7687530517578125 249.1750030517578125 244.556243896484375 239.9250030517578125 234.181243896484375 226.506256103515625 219.462493896484375 214.6125030517578125 229.912506103515625 257.76873779296875 278.868743896484375 292.568756103515625 298.600006103515625 300.34375 300.587493896484375 301.54376220703125 301.381256103515625 299.39373779296875 298.100006103515625 296.681243896484375 294.662506103515625 290.0625 286.42498779296875 284 279.3125 275.975006103515625 273.76873779296875 276.89373779296875 281.125 284.662506103515625 287.59375 290.337493896484375 291.662506103515625 292.787506103515625 294.600006103515625 296.34375 299.693756103515625 305.04998779296875 311.912506103515625 322.931243896484375 335.4375 350.868743896484375 365.4375
254.90625 252.087493896484375 249.1875 245.3249969482421875 241.2624969482421875 236.0187530517578125 230.78125 223.681243896484375 216.975006103515625 209.1437530517578125 235.8312530517578125 265.462493896484375 280.912506103515625 291.41876220703125 295.89373779296875 297.1875 296.368743896484375 296.65625 294.625 292 288.443756103515625 285.618743896484375 283.42498779296875 279.037506103515625 275.462493896484375 273.399993896484375 271.181243896484375 269.10626220703125 268.225006103515625 273.10626220703125 277.92498779296875 282.975006103515625 286.993743896484375 290.837493896484375 293.399993896484375 296.493743896484375 299.89373779296875 302.806243896484375 307.40625 312.743743896484375 319.04998779296875 327.9375 337.381256103515625 349.125 359.8125
249.9187469482421875 247.462493896484375 245.5812530517578125 243.0812530517578125 239.6999969482421875 235.962493896484375 232.6437530517578125 230.118743896484375 231.368743896484375 242.875 273.631256103515625 282.899993896484375 288.01873779296875 294.225006103515625 297.006256103515625 297.83123779296875 296.787506103515625 294.63751220703125 291.10626220703125 286.756256103515625 281.16876220703125 276.181243896484375 272.837493896484375 269.162506103515625 266.6875 265.393768310546875 264.08123779296875 263.875 264.431243896484375 269.818756103515625 275.743743896484375 279.868743896484375 284.350006103515625 288.568756103515625 293.17498779296875 296.881256103515625 300.48126220703125 303.89373779296875 307.86248779296875 312.23126220703125 318.306243896484375 324.98126220703125 332.11248779296875 340.818756103515625 348.48748779296875
245.8874969482421875 243.931243896484375 242.837493896484375 241.412506103515625 239.625 238.5187530517578125 238.087493896484375 240.274993896484375 246.181243896484375 259.100006103515625 277.899993896484375 288.193756103515625 292.39373779296875 296.84375 299.399993896484375 299.5625 297.91876220703125 294.806243896484375 288.79998779296875 282.318756103515625 273.23748779296875 265.63751220703125 260.600006103515625 256.975006103515625 256.32501220703125 256.806243896484375 257.8125 259.45623779296875 261.287506103515625 267.193756103515625 272.41876220703125 277.78125 283.212493896484375 287.837493896484375 292.256256103515625 295.350006103515625 299.712493896484375 303.068756103515625 306.32501220703125 309.4375 313.631256103515625 319.087493896484375 325.13751220703125 331.774993896484375 338.087493896484375
