data/historical-monthly-weather-data/wc2.1_cruts4.09_10m_prec_2006-12.asc
ncols        51
nrows        45
xllcorner    -63.500000000000
yllcorner    -7.500000000000
cellsize     0.166666666667
NODATA_value -9999
[rows 0 to 19 of 45, columns 0 to 43 of 51]
93.1687469482421875 87.3312530517578125 81.75 77.625 73.21250152587890625 71 68.75 66.28749847412109375 65.66249847412109375 65.4875030517578125 66.5124969482421875 68.5124969482421875 71.18125152587890625 73.1999969482421875 76.23125457763671875 79.5 82.94374847412109375 85.03125 87.94374847412109375 90.80625152587890625 93.75624847412109375 96.33750152587890625 98.96875 101.5124969482421875 104.0187530517578125 106.2937469482421875 109.25624847412109375 112.375 115.46875 117.28749847412109375 118.2624969482421875 119.72499847412109375 119.25624847412109375 118.2312469482421875 116.9562530517578125 117.13124847412109375 116.125 115.0749969482421875 114.21875 113.8000030517578125 113.0749969482421875 112.25624847412109375 111.43125152587890625 110.1125030517578125
96.3125 90.06874847412109375 85.61875152587890625 81.9375 78.44374847412109375 76.22499847412109375 73.86875152587890625 72.65625 73.27500152587890625 73.9499969482421875 75.125 76.9562530517578125 79.65625 82.15625 85.03749847412109375 88.2375030517578125 91.7062530517578125 94.9375 98.5749969482421875 102.96250152587890625 105.97499847412109375 108.61875152587890625 111.875 114.3125 116.65625 118.7687530517578125 120.90625 122.90625 124.84999847412109375 126.13124847412109375 126.25624847412109375 126.88124847412109375 124.81874847412109375 123.0437469482421875 121.53749847412109375 119.43125152587890625 118.97499847412109375 117.6687469482421875 116.1062469482421875 115.21875 114.13124847412109375 113.06874847412109375 112.09999847412109375 109.7687530517578125
100.3562469482421875 94.70000457763671875 91.03125 87.8874969482421875 85.1437530517578125 83.6062469482421875 82.72499847412109375 82.77500152587890625 84.25624847412109375 85.5 86.625 88.50624847412109375 91.30625152587890625 93.83750152587890625 96.71875 99.43125152587890625 102.90625 106.09375 109.9499969482421875 114.15625 117.4499969482421875 120.8249969482421875 124.34999847412109375 126.3125 128.2375030517578125 130.7687530517578125 132.2687530517578125 133.287506103515625 134.7562408447265625 134.4250030517578125 134.1437530517578125 134.1437530517578125 132.837493896484375 129.631256103515625 127.1750030517578125 125.34375 123.15000152587890625 120.72499847412109375 118.86875152587890625 117.03749847412109375 114.90000152587890625 113.25 111.2375030517578125 109.6125030517578125
103.6374969482421875 99.1374969482421875 96.9875030517578125 94.02500152587890625 92.2624969482421875 92 92.55625152587890625 93.8562469482421875 96.1374969482421875 98.5625 100.1125030517578125 102.1125030517578125 104.4250030517578125 106.9562530517578125 109.3874969482421875 112.2687530517578125 115.4375 117.8249969482421875 121.6125030517578125 126.7062530517578125 130.5124969482421875 134.0500030517578125 136.8249969482421875 138.7062530517578125 139.9499969482421875 142.4375 143.3625030517578125 143.1125030517578125 144.0500030517578125 143.774993896484375 142.5749969482421875 141.09375 139.6999969482421875 137.1687469482421875 133.7687530517578125 130.8000030517578125 127.02500152587890625 123.75624847412109375 121.4499969482421875 118.3937530517578125 114.7062530517578125 112.50624847412109375 110.1125030517578125 108.46250152587890625
111.46250152587890625 105.0749969482421875 101.5187530517578125 99.9187469482421875 99.28125 100.63124847412109375 102.2624969482421875 104.74375152587890625 108.6687469482421875 112.21875 113.83750152587890625 115.3937530517578125 118.1437530517578125 120.88124847412109375 123.03125 125.59375 128.306243896484375 130.59375 134.6062469482421875 140.318756103515625 144.4499969482421875 147.212493896484375 149.7312469482421875 151.1687469482421875 152.0124969482421875 154.21875 153.2624969482421875 152.25 152.3625030517578125 151.9499969482421875 150.5749969482421875 148.131256103515625 145.837493896484375 143.03125 139.3562469482421875 135.84375 131.875 127.30625152587890625 123.79999542236328125 119.3125 114.40625 111.4875030517578125 108.9875030517578125 106.2687530517578125
118.21250152587890625 112.1125030517578125 107.72499847412109375 104.27500152587890625 104.21875 107.3249969482421875 110.29999542236328125 113.2375030517578125 117.3874969482421875 121.4187469482421875 123.5124969482421875 125.7624969482421875 129.3625030517578125 132.4875030517578125 135.725006103515625 138.6875 142.03125 144.1125030517578125 149.6062469482421875 154.899993896484375 157.443756103515625 160.181243896484375 161.8249969482421875 162.443756103515625 162.7062530517578125 163.306243896484375 162.8625030517578125 161.193756103515625 159.9250030517578125 159 157.6999969482421875 155.912506103515625 151.84375 147.84375 145.524993896484375 141.756256103515625 137.03125 133.0124969482421875 128.4250030517578125 121.65625 113.9250030517578125 110.2624969482421875 106.3562469482421875 103.65000152587890625
126.3625030517578125 120.0187530517578125 115.6437530517578125 111.61875152587890625 110.0625 113.00624847412109375 116.875 120.25624847412109375 123.8937530517578125 127.06874847412109375 131.4499969482421875 135.162506103515625 140.3874969482421875 144.337493896484375 148.25 152.3312530517578125 157.350006103515625 162.743743896484375 168.9499969482421875 172.712493896484375 172.8937530517578125 174.225006103515625 174.2624969482421875 173.28125 173.350006103515625 172.5500030517578125 170.7312469482421875 169.7687530517578125 167.90625 166.056243896484375 164.3562469482421875 162.1750030517578125 158.662506103515625 154.15625 150.443756103515625 146.0374908447265625 141.631256103515625 137.0437469482421875 132.5749969482421875 123.40625 113.2312469482421875 107.9375 103.7937469482421875 100.11875152587890625
134.743743896484375 127.99375152587890625 123.7937469482421875 120.81874847412109375 119.40625 121.74375152587890625 124.13124847412109375 125.63750457763671875 127.68125152587890625 132.193756103515625 139.0749969482421875 145.4375 151.3000030517578125 157.28125 161.6875 166.837493896484375 172.6437530517578125 180.59375 188.0124969482421875 188.943756103515625 187.149993896484375 185.975006103515625 184.6875 182.287506103515625 182.1875 181.40625 178.4250030517578125 176.40625 175.46875 173.787506103515625 170.4499969482421875 167.756256103515625 164.3562469482421875 159.475006103515625 155.943756103515625 149.8312530517578125 144.7375030517578125 138.96875 131.8249969482421875 121.7624969482421875 111.25 105.1875 100.3625030517578125 96.05625152587890625
143.274993896484375 136.681243896484375 133.1125030517578125 130.556243896484375 128.90625 131.5625 133.787506103515625 134.4875030517578125 134.537506103515625 137.9499969482421875 146.5187530517578125 154.412506103515625 161.412506103515625 167.556243896484375 172.618743896484375 178.1062469482421875 184.318756103515625 192.4250030517578125 199.600006103515625 199.649993896484375 195.2312469482421875 193.28125 191.9250030517578125 190.993743896484375 189.7687530517578125 188.15625 184.7062530517578125 182.6062469482421875 180.556243896484375 177.943756103515625 175.693756103515625 171.84375 167.806243896484375 163.625 159.193756103515625 153.118743896484375 146.5812530517578125 139.4375 130.7312469482421875 120.6999969482421875 109.5749969482421875 103.0187530517578125 97.93125152587890625 93.375
151.0187530517578125 145.006256103515625 142.1624908447265625 140.5500030517578125 139.212493896484375 141.962493896484375 144.5 145.9187469482421875 148.1999969482421875 152.1374969482421875 158.90625 164.962493896484375 172.568756103515625 177.837493896484375 183.4937591552734375 188.84375 194.274993896484375 199.9562530517578125 204.6624908447265625 205.6875 201.8000030517578125 199.34375 198.056243896484375 197.6875 195.787506103515625 193.587493896484375 190.03125 187.1999969482421875 185.1750030517578125 182.212493896484375 178.618743896484375 174.5625 170.131256103515625 165.2687530517578125 161.118743896484375 155.806243896484375 148.537506103515625 140.631256103515625 130.274993896484375 119.44374847412109375 108.5749969482421875 101.8312530517578125 95.40000152587890625 90.25
159.943756103515625 154.0437469482421875 151.28125 149.524993896484375 149.381256103515625 153.2687530517578125 156.475006103515625 157.993743896484375 160.943756103515625 165.787506103515625 172.1875 178.2375030517578125 184.25 189.5 194.118743896484375 199 203.118743896484375 206.8625030517578125 209.2624969482421875 209.8000030517578125 207.65625 205.318756103515625 204.243743896484375 201.46875 202.1062469482421875 199.90625 195.181243896484375 190.475006103515625 186.4499969482421875 183.274993896484375 179.5625 176.037506103515625 171.65625 166.9250030517578125 162.399993896484375 156.3000030517578125 149.1374969482421875 141.1125030517578125 131.024993896484375 119.3937530517578125 108.0500030517578125 100.40000152587890625 93.6687469482421875 88.125
167.993743896484375 161.993743896484375 159.71875 158.9375 159.037506103515625 163.28125 167.462493896484375 169.6687469482421875 173.0187530517578125 178.78125 185.493743896484375 191.881256103515625 196 200.1687469482421875 204.556243896484375 207.8625030517578125 210.9499969482421875 212.2937469482421875 213.4187469482421875 213.850006103515625 210.806243896484375 209.375 210.068756103515625 208.1374969482421875 207.875 205.256256103515625 198.9250030517578125 192.431243896484375 186.6374969482421875 183.0187530517578125 179.006256103515625 175.46875 171.1374969482421875 166.9375 162.774993896484375 156.9875030517578125 149.9250030517578125 142.243743896484375 131.649993896484375 120 108.5124969482421875 100.29999542236328125 92.8562469482421875 86.53125
175.8249969482421875 170.318756103515625 168.6125030517578125 167.7874908447265625 168.475006103515625 172.3937530517578125 176.28125 179.7062530517578125 183.8874969482421875 190.4250030517578125 197.693756103515625 204.149993896484375 207.9187469482421875 210.125 214.2375030517578125 216.8625030517578125 218.7062530517578125 219.75 219.7375030517578125 218.5 213.125 212.8312530517578125 215.7937469482421875 214.568756103515625 211.8375091552734375 207.4375 200.443756103515625 193.556243896484375 187.1875 181.725006103515625 177.21875 173.1437530517578125 168.7687530517578125 165.1374969482421875 161.53125 156.8937530517578125 150.8874969482421875 143.631256103515625 132.8312530517578125 120.4812469482421875 108.53125 100.31874847412109375 91.68125152587890625 83.1750030517578125
182.493743896484375 177.2624969482421875 175.774993896484375 175.4562530517578125 175.9875030517578125 179.875 183.8249969482421875 188.681243896484375 194.568756103515625 200.8249969482421875 206.8562469482421875 212.7312469482421875 217.368743896484375 220.193756103515625 222.587493896484375 226.162506103515625 227.3874969482421875 227.0500030517578125 226.1687469482421875 224.65625 220.7937469482421875 220.006256103515625 221.3937530517578125 218.587493896484375 214.787506103515625 210.006256103515625 203.006256103515625 193.90625 185.78125 179.3874969482421875 174.3125 169.506256103515625 165.875 162.4000091552734375 159.84375 155.8562469482421875 151.03125 145.34375 135.1374969482421875 123.3249969482421875 109.3937530517578125 98.30625152587890625 88.75624847412109375 81.0812530517578125
187.96875 182.78125 182.03125 181.881256103515625 182.912506103515625 186.84375 192.0625 197.34375 203.399993896484375 209.225006103515625 215.1125030517578125 221.2062530517578125 225.556243896484375 229.274993896484375 231.399993896484375 234.881256103515625 235.2624969482421875 234.40625 233.1687469482421875 233.09375 229.399993896484375 227.837493896484375 227.0500030517578125 222.712493896484375 218.1624908447265625 212.381256103515625 204.3062591552734375 194.7062530517578125 185.212493896484375 176.5 169.631256103515625 164.774993896484375 161.4187469482421875 158.7375030517578125 156.8000030517578125 152.3312530517578125 149.006256103515625 145.5625 137.225006103515625 124.1062469482421875 108.41249847412109375 97.48749542236328125 88.47499847412109375 81.22499847412109375
192.0437469482421875 187.337493896484375 187.087493896484375 187.912506103515625 189.2624969482421875 193.9375 199.443756103515625 204.287506103515625 210.524993896484375 217.5500030517578125 223.212493896484375 229.037506103515625 233.837493896484375 237.725006103515625 240.5562591552734375 241.8562469482421875 242.1687469482421875 242.3125 241.006256103515625 240.5749969482421875 237.8562469482421875 235.0749969482421875 233.1312408447265625 227.28125 221.9499969482421875 216.625 207.462493896484375 196.5124969482421875 184.84375 173.46875 164.96875 158.5187530517578125 154.1125030517578125 151.524993896484375 149.1999969482421875 145.96875 144.6750030517578125 143.7687530517578125 137.537506103515625 124.08750152587890625 107.5 96.69374847412109375 87.84375 79.77500152587890625
195.412506103515625 191.350006103515625 190.5812530517578125 192.28125 194.6875 199.34375 205.5437469482421875 211.868743896484375 219.024993896484375 225.537506103515625 231.3874969482421875 236.71875 241.625 245.649993896484375 248.78125 249.587493896484375 247.850006103515625 248.087493896484375 248.431243896484375 248.006256103515625 245.2375030517578125 242.212493896484375 239.524993896484375 232.3125 226.381256103515625 221.3000030517578125 212.131256103515625 198.912506103515625 183.225006103515625 169.53125 159.4499969482421875 152.8125 146.912506103515625 141.5124969482421875 137.850006103515625 136.181243896484375 137.912506103515625 141.993743896484375 141.5749969482421875 124.8000030517578125 105.86875152587890625 94.99375152587890625 85.70624542236328125 78.83750152587890625
197.306243896484375 193.625 193.5500030517578125 196.0625 199.1875 205.375 212.0625 218.4375 225.71875 233.4250030517578125 240.1062469482421875 245.3687591552734375 249.287506103515625 253.1750030517578125 255.6937408447265625 256.04998779296875 254.4250030517578125 251.3249969482421875 254.318756103515625 254.4250030517578125 252.4250030517578125 248.9749908447265625 245.1875 237.9250030517578125 231.506256103515625 226.162506103515625 217.962493896484375 200.993743896484375 181.25 164.318756103515625 152.2062530517578125 144.712493896484375 140.125 135.6750030517578125 129.2937469482421875 122.3937530517578125 129.131256103515625 136.068756103515625 134.006256103515625 121.0812530517578125 103.5187530517578125 93.09999847412109375 84.94374847412109375 78.625
197.8874969482421875 194.506256103515625 195.7375030517578125 198.9499969482421875 202.9562530517578125 210.1750030517578125 217.5500030517578125 225.625 233.600006103515625 241.7062530517578125 247.59375 251.8125 256.46875 260.993743896484375 262.681243896484375 262.45623779296875 260.95623779296875 257.98126220703125 257.1875 258.524993896484375 258.149993896484375 257.0625 249.662506103515625 242.7937469482421875 236.850006103515625 230.587493896484375 219.912506103515625 202.7687530517578125 181.4562530517578125 161.3249969482421875 145.7624969482421875 141.631256103515625 139.6875 134.743743896484375 127.55625152587890625 122.65625 125.875 128.462493896484375 125.2624969482421875 114.28125 100.06874847412109375 90.96250152587890625 83.71250152587890625 78.15000152587890625
197.5500030517578125 194.78125 196.256256103515625 200.306243896484375 205.6062469482421875 214.4499969482421875 223.4812469482421875 232.524993896484375 241.4749908447265625 248.7375030517578125 255.2312469482421875 260.837493896484375 265.774993896484375 268.912506103515625 268.98126220703125 266.625 264.056243896484375 263.25 263.16876220703125 264.09375 261.024993896484375 257.07501220703125 253.725006103515625 247.381256103515625 240.8812408447265625 233.4562530517578125 221.462493896484375 205.9124908447265625 185.506256103515625 165.087493896484375 151.024993896484375 146.8625030517578125 143.5437469482421875 139.65625 135.2062530517578125 129.693756103515625 127.91249847412109375 126.03749847412109375 120.3312530517578125 110.2687530517578125 97.7687530517578125 88.65000152587890625 82.79375457763671875 78.06874847412109375
