data/historical-monthly-weather-data/wc2.1_cruts4.09_10m_prec_1988-03.asc
ncols        45
nrows        45
xllcorner    -63.500000000000
yllcorner    -7.500000000000
cellsize     0.166666666667
NODATA_value -9999
[rows 20 to 39 of 45, columns 0 to 44 of 45]
206.8625030517578125 213 220.756256103515625 229.225006103515625 238.3874969482421875 248.78125 258.774993896484375 267.212493896484375 274.34375 278.40625 279.89373779296875 280.162506103515625 280.6875 282.61248779296875 276.25 265.04998779296875 255.2687530517578125 249.5812530517578125 247.3312530517578125 245.381256103515625 245.5625 246.056243896484375 245.899993896484375 248.537506103515625 252.1687469482421875 256.412506103515625 261.556243896484375 266.568756103515625 271.45623779296875 275.60626220703125 275.26251220703125 270.28125 257.850006103515625 241.6437530517578125 226.6125030517578125 246.4250030517578125 274.493743896484375 292.13751220703125 302.51251220703125 307.75 310.087493896484375 310.975006103515625 310.243743896484375 310.3125 311.21875
203.1875 210.162506103515625 220.100006103515625 230 240.6999969482421875 252.8000030517578125 264.34375 274.6875 282.04998779296875 283.23126220703125 279.868743896484375 275.92498779296875 272.681243896484375 271.78125 267.78125 261.48126220703125 255.8562469482421875 250.681243896484375 247.024993896484375 243.6437530517578125 240.6750030517578125 238.774993896484375 239.6999969482421875 241.475006103515625 245.0749969482421875 250.868743896484375 259.09375 264.35626220703125 268.92498779296875 272.40625 271.399993896484375 266.774993896484375 256.649993896484375 245.9499969482421875 240.787506103515625 253.806243896484375 275.756256103515625 292.65625 302.78125 306.662506103515625 307.76873779296875 308.287506103515625 307.89373779296875 307.96875 309.53125
202.375 210.806243896484375 220.9812469482421875 232.0812530517578125 243.3249969482421875 255.350006103515625 267.17498779296875 280.63751220703125 290.537506103515625 287.36248779296875 279.34375 269.524993896484375 261.96875 260.51251220703125 260.21875 257.681243896484375 253.712493896484375 249.0749969482421875 244.568756103515625 240.287506103515625 236.0187530517578125 231.75 229.8249969482421875 231.131256103515625 236.4250030517578125 243.9562530517578125 253.193756103515625 260.056243896484375 264.73748779296875 267.71875 268.306243896484375 267.95001220703125 264.243743896484375 259.58123779296875 261.59375 272.462493896484375 287.28125 299.23126220703125 305.89373779296875 307.681243896484375 307.03125 306.63751220703125 306.17498779296875 305.337493896484375 307.32501220703125
205.8874969482421875 214.0625 224.243743896484375 235.25 246.2624969482421875 257.318756103515625 269.618743896484375 282.387481689453125 290.493743896484375 285.181243896484375 274.76873779296875 264.787506103515625 253.75 253.212493896484375 255.21875 254.649993896484375 252.4375 248.256256103515625 242.1875 236.568756103515625 230.756256103515625 224.8625030517578125 221.09375 221.8625030517578125 225.8000030517578125 233.15625 243.306243896484375 252.7624969482421875 260.01251220703125 266.28125 271.212493896484375 274.14373779296875 273.875 273.86248779296875 278.3125 289.04998779296875 299.875 305.131256103515625 307.318756103515625 307.42498779296875 306.35626220703125 304.774993896484375 303.881256103515625 302.17498779296875 305.9375
214.0812530517578125 220.65625 228.5124969482421875 238.84375 250.21875 260.393768310546875 269.725006103515625 278.70623779296875 283.11248779296875 280.368743896484375 273.818756103515625 264.46875 257.756256103515625 255.6437530517578125 254.75 254.568756103515625 252.243743896484375 248.0124969482421875 241.9812469482421875 234.0749969482421875 225.65625 217.90625 211.7375030517578125 210.024993896484375 214.662506103515625 224.743743896484375 235.2624969482421875 247.475006103515625 256.98748779296875 267.587493896484375 275.21875 280.931243896484375 283.581268310546875 285.64373779296875 289.42498779296875 294.881256103515625 302.09375 305.59375 306.287506103515625 307.181243896484375 306.01873779296875 303.66876220703125 300.65625 300.743743896484375 301.04376220703125
225.4250030517578125 231.46875 236.087493896484375 244.84375 253.3187408447265625 261.350006103515625 268.524993896484375 274.76251220703125 277.08123779296875 275.46875 271.443756103515625 266.45001220703125 262.26873779296875 259.41876220703125 257.48126220703125 256.837493896484375 253.6437530517578125 249.462493896484375 243.493743896484375 233.443756103515625 224.25 213.024993896484375 202.8562469482421875 198.006256103515625 204.493743896484375 217.3625030517578125 231.5500030517578125 244.100006103515625 256.024993896484375 269.20001220703125 280.125 289.399993896484375 293.90625 294.83123779296875 296.08123779296875 298.475006103515625 302.26873779296875 304.318756103515625 305.568756103515625 305.92498779296875 305.243743896484375 301.85626220703125 296.15625 294.993743896484375 296.381256103515625
236.71875 238.931243896484375 243.0625 248.6750030517578125 254.506256103515625 260.725006103515625 265.600006103515625 269.6875 271.274993896484375 271.48748779296875 270.162506103515625 267.181243896484375 264.40625 262.45623779296875 261.056243896484375 259.712493896484375 258.1875 253.1875 246.443756103515625 237.7937469482421875 226.5187530517578125 213.8874969482421875 199.8312530517578125 193.1875 202.899993896484375 215.850006103515625 230.96875 243.7375030517578125 256.493743896484375 270.524993896484375 283.5 295.98126220703125 301.818756103515625 300.20001220703125 298.64373779296875 299.806243896484375 302.40625 303.337493896484375 304.98126220703125 306.23126220703125 304.5625 300.40625 293.73748779296875 290.912506103515625 299.29376220703125
248.8000030517578125 248.337493896484375 250.5437469482421875 253.8874969482421875 256.35626220703125 260.21875 264.881256103515625 267.618743896484375 268.787506103515625 269.42498779296875 268.443756103515625 266.649993896484375 265.48126220703125 264.662506103515625 263.83123779296875 262.79376220703125 262.13751220703125 259.45001220703125 253.5812530517578125 245.600006103515625 234.65625 221.6875 211.6750030517578125 206.6062469482421875 211.6125030517578125 221.600006103515625 234.725006103515625 247.524993896484375 259.63751220703125 272.212493896484375 284.8125 296.274993896484375 301.1875 299.3125 297.568756103515625 298.60626220703125 299.26873779296875 301.024993896484375 303.899993896484375 307.14373779296875 308.9375 303.943756103515625 294.399993896484375 291.17498779296875 308.243743896484375
259.868743896484375 257.59375 257.82501220703125 258.162506103515625 260.068756103515625 261.943756103515625 263.57501220703125 265.356231689453125 266.73126220703125 267.100006103515625 267.46875 266.875 266.42498779296875 266.85626220703125 267.6875 268.51251220703125 269.943756103515625 268.25 264.1875 257.550018310546875 247.100006103515625 235.1875 226.806243896484375 221.6125030517578125 224.2624969482421875 230.25 240.875 252.462493896484375 263.631256103515625 275.131256103515625 285.306243896484375 294.625 298.25 297.26251220703125 295.95001220703125 296.662506103515625 296.368743896484375 297.76251220703125 301.20623779296875 304.38751220703125 309.868743896484375 305.3125 296.5625 300.931243896484375 320.875
268.63751220703125 264.91876220703125 263.07501220703125 261.625 261.58123779296875 261.037506103515625 261.78125 262.73748779296875 264.10626220703125 264.54998779296875 265.40625 266.86248779296875 268.6875 270.46875 272.33123779296875 274.256256103515625 276.4375 279.36248779296875 277.243743896484375 268.86248779296875 258.3125 247.899993896484375 239.7624969482421875 235.6062469482421875 236.131256103515625 240.5812530517578125 249.5 258.90625 268 277.037506103515625 285.66876220703125 292.381256103515625 294.837493896484375 295.787506103515625 295.38751220703125 294.850006103515625 293.837493896484375 294.962493896484375 294.725006103515625 296.850006103515625 302.04998779296875 305.33123779296875 304.70623779296875 313.993743896484375 326.631256103515625
274.64373779296875 269.61248779296875 266.225006103515625 264.21875 263.037506103515625 260.625 260.95623779296875 260.83123779296875 261.70001220703125 262.431243896484375 263.875 265.98748779296875 269.23126220703125 271.681243896484375 274.9375 278.71875 283.89373779296875 287.98748779296875 289.475006103515625 280.875 270.100006103515625 259.131256103515625 251.9875030517578125 247.787506103515625 246.931243896484375 251.193756103515625 257.64373779296875 264.556243896484375 272.524993896484375 279.431243896484375 286.21875 292.35626220703125 294.34375 295.25 295.25 293.04998779296875 291.431243896484375 292.100006103515625 289.875 285.537506103515625 291.725006103515625 303.118743896484375 311.48126220703125 322.1875 335.006256103515625
278.38751220703125 272.51873779296875 268.04998779296875 264.875 263.01873779296875 259.875 259.42498779296875 258.01251220703125 258.51873779296875 259.41876220703125 261.118743896484375 263.95001220703125 267.45001220703125 272.131256103515625 277.287506103515625 282.787506103515625 286.58123779296875 290.48126220703125 292.118743896484375 287.53125 277.40625 268.65625 260.95001220703125 256.743743896484375 257.506256103515625 259.90625 264.100006103515625 270.58123779296875 275.975006103515625 281.98748779296875 287.787506103515625 292.712493896484375 293.51873779296875 294.26873779296875 294.368743896484375 291.868743896484375 290.90625 290.037506103515625 285.13751220703125 283.337493896484375 292.225006103515625 307.337493896484375 319.78125 335.837493896484375 351.76251220703125
280.14373779296875 274.75 269.631256103515625 265.681243896484375 262.162506103515625 259.493743896484375 257.3125 254.8874969482421875 254.256256103515625 255.7624969482421875 259.943756103515625 262.73748779296875 267.58123779296875 274.84375 280.256256103515625 285.1875 288.32501220703125 292.318756103515625 292.90625 289.96875 283.0625 275.243743896484375 267.54376220703125 264.73126220703125 264.48748779296875 265.65625 268.850006103515625 274 279.649993896484375 284.681243896484375 289.8125 294.33123779296875 295.70001220703125 296.42498779296875 295.693756103515625 295 294.09375 292.20001220703125 288.54376220703125 292.95623779296875 301.587493896484375 315.712493896484375 330.568756103515625 347.8125 372.14373779296875
281.25 276.024993896484375 271.79998779296875 267.462493896484375 263.29998779296875 259.068756103515625 255.287506103515625 252.03125 250.631256103515625 251.6750030517578125 255.774993896484375 261.59375 267.9375 274.28125 279.556243896484375 285.54998779296875 290.4375 293.6875 293.17498779296875 290.98126220703125 286.287506103515625 279.431243896484375 273.40625 269.681243896484375 268.96875 268.8125 272.16876220703125 276.256256103515625 282.587493896484375 286.931243896484375 291 296.337493896484375 298.42498779296875 298.912506103515625 299.625 299.01873779296875 297.5625 295.23748779296875 296.36248779296875 301.63751220703125 308.462493896484375 321.79376220703125 338.90625 357.03125 383.48126220703125
282.493743896484375 278.20623779296875 274.100006103515625 269.024993896484375 262.9375 258.33123779296875 253.03125 249.4499969482421875 246.28125 245.96875 251.09375 259.42498779296875 268.21875 275.48126220703125 282.100006103515625 286.943756103515625 291.818756103515625 294.524993896484375 294.168731689453125 292.20623779296875 288.71875 282.23126220703125 276.38751220703125 272.39373779296875 271.693756103515625 271.6875 274.024993896484375 278.64373779296875 283.462493896484375 288.45623779296875 293.76251220703125 299.11248779296875 300.9375 302.175018310546875 302.38751220703125 300.98748779296875 299.64373779296875 301.274993896484375 304.08123779296875 308.45623779296875 314.63751220703125 325.475006103515625 340.881256103515625 358.149993896484375 380.14373779296875
285.20623779296875 280.431243896484375 275.649993896484375 270.29376220703125 264.26251220703125 258.600006103515625 253.350006103515625 247.5500030517578125 242.375 241.587493896484375 246.7312469482421875 256.806243896484375 268.76873779296875 278.48748779296875 284.60626220703125 289.61248779296875 293.056243896484375 295.118743896484375 295.73748779296875 294.806243896484375 290.743743896484375 284.087493896484375 277.60626220703125 274.412506103515625 273.25 272.837493896484375 275.125 279.89373779296875 284.82501220703125 290 296.4375 301.96875 303.10626220703125 305.306243896484375 305.78125 304.39373779296875 305.63751220703125 307.54376220703125 309.03125 313.86248779296875 320.443756103515625 329.51251220703125 340.899993896484375 356.40625 372.306243896484375
286.962493896484375 282.681243896484375 278.01251220703125 272.274993896484375 266.73126220703125 261.33123779296875 255.068756103515625 248.46875 240.975006103515625 236 243.6875 259.774993896484375 273.04998779296875 281.818756103515625 288.10626220703125 291.649993896484375 293.70001220703125 295.181243896484375 296.274993896484375 293.86248779296875 290.11248779296875 283.66876220703125 277.61248779296875 273.57501220703125 272.087493896484375 272.037506103515625 274.70623779296875 280.39373779296875 285.318756103515625 291.70001220703125 298.39373779296875 304.32501220703125 307.024993896484375 309.66876220703125 310.08123779296875 310.26873779296875 311.993743896484375 314.33123779296875 315.98126220703125 318.20001220703125 322.60626220703125 329.95001220703125 339.64373779296875 352.006256103515625 364.399993896484375
289.32501220703125 285.73748779296875 280.625 275.33123779296875 270.8125 265.943756103515625 260.024993896484375 252.7687530517578125 246.375 239.368743896484375 254.1125030517578125 271.21875 280.76251220703125 287.83123779296875 291.53125 294.024993896484375 293.8125 294.3125 293.943756103515625 290.57501220703125 285.36248779296875 279.5625 275.34375 271.350006103515625 270.15625 270.86248779296875 273.78125 280.318756103515625 286.306243896484375 293.162506103515625 299.61248779296875 305.850006103515625 309.26251220703125 312.84375 313.3125 315.36248779296875 317.368743896484375 318.17498779296875 320.743743896484375 323.34375 324.70623779296875 331.04998779296875 337.100006103515625 343.162506103515625 352.65625
290.868743896484375 287.79376220703125 283.975006103515625 279.79376220703125 276.100006103515625 271.26873779296875 267.61248779296875 263.04376220703125 261.92498779296875 268.337493896484375 285.15625 290.037506103515625 292.1875 295.35626220703125 297.32501220703125 297.79376220703125 296.07501220703125 294.412506103515625 291.5 286.375 279.587493896484375 273.91876220703125 270 267.399993896484375 267.20001220703125 269.10626220703125 273.26251220703125 279.475006103515625 286.21875 293.45623779296875 301.162506103515625 306.78125 310.006256103515625 314.29998779296875 318.625 319.57501220703125 320.462493896484375 322.443756103515625 323.01251220703125 323.399993896484375 324.04998779296875 329.806243896484375 333.881256103515625 339.0625 345.26251220703125
292.96875 290.649993896484375 287.806243896484375 284.118743896484375 281.9375 280.125 277.10626220703125 277.04376220703125 279.23126220703125 285.36248779296875 294.550018310546875 300.399993896484375 302.787506103515625 303.618743896484375 304.34375 302.712493896484375 299.431243896484375 295.26251220703125 289.206268310546875 282.79998779296875 274.631256103515625 268.4375 263.35626220703125 261.53125 263.306243896484375 266.51251220703125 271 278.26251220703125 285.399993896484375 292.48748779296875 299.306243896484375 307.84375 314.337493896484375 318.45001220703125 322.875 324.46875 324.04376220703125 324.850006103515625 325.76873779296875 323.42498779296875 322.243743896484375 326.681243896484375 329.837493896484375 333.13751220703125 337.875
