data/historical-monthly-weather-data/wc2.1_cruts4.09_10m_prec_2024-11.asc
ncols        51
nrows        45
xllcorner    -63.500000000000
yllcorner    -7.500000000000
cellsize     0.166666666667
NODATA_value -9999
[rows 19 to 37 of 45, columns 0 to 43 of 51]
179.125 182.0124969482421875 180.462493896484375 178.8000030517578125 176.8125 173.649993896484375 169.3000030517578125 164.1374969482421875 159.787506103515625 154.837493896484375 148.65625 141.9250030517578125 134.3562469482421875 126.8562469482421875 121.68125152587890625 117.36875152587890625 113.4187469482421875 113.78125 115.36875152587890625 118.5 121.5 121.91249847412109375 122.1437530517578125 125.46875 129.2375030517578125 131.712493896484375 133.90625 134.2687530517578125 128.725006103515625 119.27500152587890625 113.7687530517578125 117.4562530517578125 121.125 125.06874847412109375 127.88124847412109375 129.65625 131.8000030517578125 133.9250030517578125 133.4499969482421875 132.149993896484375 130.3937530517578125 128.506256103515625 124.13124847412109375 120.34375
174.8937530517578125 179.03125 178.6999969482421875 177.46875 175.337493896484375 173.131256103515625 170.4812469482421875 166.875 163.78125 159.306243896484375 153.9250030517578125 148.0625 141.28125 133.1750030517578125 127.43125152587890625 121.6750030517578125 116.875 115.21250152587890625 116.53749847412109375 117.5749969482421875 120.5812530517578125 122.3125 123.0187530517578125 127.15625 131.743743896484375 134.8562469482421875 136.96875 135.7375030517578125 132.462493896484375 129.3937530517578125 127.40625 129.993743896484375 132.4812469482421875 135.8562469482421875 139.25 142.4499969482421875 143.931243896484375 145.243743896484375 143.6062469482421875 141.681243896484375 138.662506103515625 135.431243896484375 131.118743896484375 126.2375030517578125
171.71875 174.9187469482421875 175.399993896484375 174.868743896484375 173.875 172.4375 171.225006103515625 168.837493896484375 167.587493896484375 164.568756103515625 160.1374969482421875 155.756256103515625 149.8312530517578125 141.681243896484375 134.7062530517578125 128.0187530517578125 123.0437469482421875 119.97499847412109375 118.91249847412109375 119.00624847412109375 119.65625 120.69374847412109375 122.3625030517578125 126.84375 131.34375 135.1999969482421875 139.4562530517578125 140.34375 140.4562530517578125 139.84375 138.556243896484375 140.96875 143.462493896484375 148.3562469482421875 153.506256103515625 156.649993896484375 158.25 158.90625 155.225006103515625 152.131256103515625 147.912506103515625 143.3874969482421875 138.3625030517578125 133.443756103515625
168.850006103515625 173.1875 173.5437469482421875 173.256256103515625 172.8249969482421875 171.78125 170.6437530517578125 170.337493896484375 170.7937469482421875 168.756256103515625 166.1750030517578125 163.0625 160.4124908447265625 152.8562469482421875 143.006256103515625 134.3249969482421875 128.03125 124.1437530517578125 121.4250030517578125 119.8874969482421875 119.9499969482421875 120.2375030517578125 121.2062530517578125 125.90625 131.712493896484375 136.8625030517578125 141.556243896484375 145.1687469482421875 146.7937469482421875 147.568756103515625 148.774993896484375 151.8312530517578125 156.181243896484375 162.1125030517578125 167.631256103515625 171.53125 173.4562530517578125 172.350006103515625 167.1999969482421875 162.725006103515625 158.1125030517578125 152.15625 146.09375 140.256256103515625
166.5437469482421875 170.787506103515625 171.3000030517578125 170.375 170.3249969482421875 170.625 170.5124969482421875 171.118743896484375 171.3562469482421875 170.287506103515625 168.7312469482421875 169.1062469482421875 168.875 160.681243896484375 149.225006103515625 139.6999969482421875 132.5749969482421875 128.006256103515625 124.16249847412109375 121.0812530517578125 120.61875152587890625 120.38124847412109375 120.50624847412109375 125.46250152587890625 131.631256103515625 137.131256103515625 144.5625 148.149993896484375 152.125 154.5187530517578125 158.256256103515625 162.8625030517578125 168.037506103515625 174.337493896484375 181.1374969482421875 186.78125 189.1687469482421875 186.3874969482421875 180.649993896484375 175.056243896484375 169.3874969482421875 162.537506103515625 155.649993896484375 148.9875030517578125
166.7687530517578125 169.75 169.912506103515625 169.0187530517578125 169.5187530517578125 169.4812469482421875 169.3125 169.8312530517578125 170.5187530517578125 169.9812469482421875 169.375 168.399993896484375 167.125 160.9250030517578125 151.6062469482421875 142.78125 135.6125030517578125 130.2624969482421875 126.00624847412109375 122.3625030517578125 121.0812530517578125 119.6999969482421875 120.02500152587890625 124.84999847412109375 130.7624969482421875 138.100006103515625 145.712493896484375 151.7687530517578125 156.6875 161.712493896484375 166.3625030517578125 172.1750030517578125 178.25 185.306243896484375 191.96875 196.6437530517578125 199.537506103515625 197.5 192.1999969482421875 187.056243896484375 180.7312469482421875 173.1125030517578125 166.399993896484375 160.1062469482421875
169.6687469482421875 172.2437591552734375 169.556243896484375 168.7624969482421875 167.837493896484375 167.381256103515625 166.9499969482421875 167.2375030517578125 167.7624969482421875 167.5437469482421875 166.818756103515625 165.8562469482421875 163.34375 158.40625 151.4187469482421875 144.243743896484375 137.9562530517578125 132.6062469482421875 128.068756103515625 124.21250152587890625 122.25624847412109375 120.40000152587890625 119.6125030517578125 123.6125030517578125 130.46875 138.881256103515625 147.899993896484375 155.681243896484375 162.381256103515625 168.6687469482421875 174.1374969482421875 180.587493896484375 187.649993896484375 194.15625 201.0374908447265625 205.15625 207.65625 207.649993896484375 204.0812530517578125 199.0500030517578125 193.256256103515625 185 176.1187591552734375 170.2062530517578125
173.306243896484375 173.3687591552734375 170.28125 167.9812469482421875 165.7937469482421875 164.7687530517578125 165.256256103515625 165.100006103515625 164.399993896484375 164.368743896484375 164.6062469482421875 163.818756103515625 161.475006103515625 157.600006103515625 151.9375 145.274993896484375 139.7375030517578125 134.975006103515625 130.6750030517578125 126.4187469482421875 124.1374969482421875 121.9187469482421875 120.5 124.6437530517578125 132.5187530517578125 141.09375 150.34375 158.9875030517578125 167.3562469482421875 173.3249969482421875 179.9250030517578125 186.78125 195.1374969482421875 202.625 208.875 213.3125 216.412506103515625 217.0500030517578125 215.3000030517578125 211.649993896484375 206.6999969482421875 197.712493896484375 188.4187469482421875 180.975006103515625
177 174.5625 170.4812469482421875 166.681243896484375 163.8874969482421875 162.225006103515625 162.2562408447265625 162.431243896484375 162.2312469482421875 162.1999969482421875 161.65625 161.212493896484375 159.399993896484375 156.306243896484375 151.931243896484375 146.350006103515625 141.131256103515625 137.225006103515625 133.131256103515625 129.243743896484375 127.26874542236328125 124.8937530517578125 124.6999969482421875 129.78125 136.9562530517578125 144.7312469482421875 153.6374969482421875 162.962493896484375 171.493743896484375 177.712493896484375 183.6687469482421875 190.8625030517578125 200.0749969482421875 207.7687530517578125 215.9187469482421875 220.9499969482421875 224.712493896484375 227.6437530517578125 225.5749969482421875 224.90625 222.537506103515625 213.53125 200.1687469482421875 191.3125
180.3000030517578125 175.475006103515625 169.4250030517578125 164.7687530517578125 161.3000030517578125 159.3562469482421875 158.96875 159.1374969482421875 159.9250030517578125 159.850006103515625 159.5625 158.9812469482421875 158.006256103515625 155.4812469482421875 151.7312469482421875 147.806243896484375 143.9375 139.806243896484375 136.024993896484375 132.5812530517578125 131.131256103515625 129.3062591552734375 129.631256103515625 135.5187530517578125 142.2937469482421875 149.3874969482421875 158.524993896484375 167.2375030517578125 176.03125 181.462493896484375 187.3625030517578125 194.0187530517578125 203 211.9499969482421875 221.693756103515625 227.6374969482421875 232.75 236.2062530517578125 235.0187530517578125 234 234.1374969482421875 224.149993896484375 212.431243896484375 207.2624969482421875
181.962493896484375 175.350006103515625 168.681243896484375 162.181243896484375 158.850006103515625 157.375 157.0625 157.4812469482421875 158.34375 158.0625 158.1374969482421875 158.28125 157.993743896484375 156.8562469482421875 153.943756103515625 150.7937469482421875 146.71875 143.787506103515625 140.09375 136.9499969482421875 135.8125 135.4250030517578125 136.1750030517578125 141.3937530517578125 147.8312530517578125 154.975006103515625 163.537506103515625 171.4499969482421875 179.287506103515625 185.462493896484375 191.243743896484375 197.818756103515625 207.125 217.375 227.3874969482421875 233.350006103515625 238.6750030517578125 244.506256103515625 241.837493896484375 240.3125 240.5625 238.0437469482421875 231.193756103515625 228.868743896484375
182.1374969482421875 174.368743896484375 167.5749969482421875 161.193756103515625 157.068756103515625 156.4499969482421875 156.28125 156.381256103515625 156.568756103515625 157.2062530517578125 157.8312530517578125 158.568756103515625 159.375 158.1750030517578125 156.287506103515625 154.0500030517578125 151.506256103515625 148.412506103515625 144.537506103515625 142.8937530517578125 142.506256103515625 142.506256103515625 143.4375 148.368743896484375 153.881256103515625 160.75 168.1999969482421875 175.7624969482421875 182.725006103515625 188.662506103515625 194.8874969482421875 202.0124969482421875 211.443756103515625 223.1062469482421875 232.6750030517578125 239.3312530517578125 246.2624969482421875 254.5124969482421875 251.350006103515625 243.868743896484375 246.5500030517578125 250.625 249.7624969482421875 248.4375
180.71875 172.7624969482421875 166.318756103515625 161.34375 158.2375030517578125 156.1125030517578125 155.7062530517578125 155.350006103515625 155.59375 156.193756103515625 157.274993896484375 158.931243896484375 160.1374969482421875 160.443756103515625 160.162506103515625 158.962493896484375 157.100006103515625 154.34375 151.6125030517578125 150.524993896484375 150.443756103515625 150.2687530517578125 150.881256103515625 155.193756103515625 160.818756103515625 166.506256103515625 172.850006103515625 179.556243896484375 185.568756103515625 192.2062530517578125 198.71875 205.5187530517578125 215.8000030517578125 227.09375 238.7312469482421875 246.7624969482421875 255.0437469482421875 262.868743896484375 259.056243896484375 255.8625030517578125 263.181243896484375 270.806243896484375 273.82501220703125 278.89373779296875
173.899993896484375 167.59375 162.493743896484375 158.850006103515625 156.337493896484375 154.475006103515625 154.2624969482421875 154.412506103515625 154.4250030517578125 155.118743896484375 157.6812591552734375 159.7375030517578125 162.4812469482421875 165.4187469482421875 165.75 165.6999969482421875 164.2937469482421875 163.4250030517578125 161.875 161.0124969482421875 160.850006103515625 159.8562469482421875 159.3625030517578125 162.84375 167.6374969482421875 172.2062530517578125 177.71875 183.287506103515625 189.3562469482421875 195.943756103515625 202.662506103515625 209.681243896484375 220.056243896484375 231.274993896484375 244.0124969482421875 253.5812530517578125 263.881256103515625 271.78125 270.28125 276.16876220703125 285.65625 294.51251220703125 303.068756103515625 314.85626220703125
165.8000030517578125 161.462493896484375 157.8625030517578125 155.681243896484375 153.600006103515625 152.65625 152.3625030517578125 153.243743896484375 153.3312530517578125 153.868743896484375 156.462493896484375 160.8625030517578125 165.756256103515625 169.4562530517578125 171.1750030517578125 172.443756103515625 173.03125 173.100006103515625 172.53125 172.274993896484375 171.475006103515625 169.96875 168.8249969482421875 170.9812469482421875 174.4812469482421875 177.6374969482421875 182.6999969482421875 187.1687469482421875 192.5 199.118743896484375 206.1312408447265625 214.193756103515625 224.9937591552734375 236.5999908447265625 249.9187469482421875 261.318756103515625 271.53125 279.0625 284.75 295.73748779296875 306.774993896484375 318.243743896484375 333.39373779296875 351.20623779296875
158.4437408447265625 155.662506103515625 153.431243896484375 151.6999969482421875 150.5812530517578125 150.1999969482421875 150.1374969482421875 151.3312530517578125 150.4375 151.693756103515625 155.556243896484375 162.21875 169.0124969482421875 175.350006103515625 178.868743896484375 180.306243896484375 182.3312530517578125 183.3249969482421875 183.493743896484375 183.5124969482421875 182.7062530517578125 180.5812530517578125 178.462493896484375 178.725006103515625 180.15625 182.6125030517578125 186.25 190.6062469482421875 194.931243896484375 201.818756103515625 209.743743896484375 217.993743896484375 228.8562469482421875 241.743743896484375 254.0124969482421875 264.806243896484375 275.4375 289.587493896484375 299.16876220703125 310.662506103515625 324.712493896484375 337.01873779296875 353.79376220703125 372.73748779296875
150.9499969482421875 148.7624969482421875 147.3125 145.9375 145.131256103515625 145.21875 145.4187469482421875 145.3874969482421875 144.7062530517578125 146.287506103515625 152.5625 161.53125 171.681243896484375 181.006256103515625 185.287506103515625 189.193756103515625 191.2937469482421875 193.3000030517578125 194.712493896484375 196.0500030517578125 194.631256103515625 190.6750030517578125 187.28125 186.443756103515625 186.4875030517578125 187.3249969482421875 190.3625030517578125 194.225006103515625 198.25 204.212493896484375 212.743743896484375 220.71875 231.962493896484375 244.3000030517578125 254.7937469482421875 264.53125 279.850006103515625 293.60626220703125 302.850006103515625 315.82501220703125 331.068756103515625 342.631256103515625 357.10626220703125 374.57501220703125
143.46875 142.09375 141.462493896484375 140.837493896484375 140.256256103515625 140.7062530517578125 140.618743896484375 140.287506103515625 139.681243896484375 139.868743896484375 149.350006103515625 164.65625 176.8312530517578125 186.28125 192.024993896484375 196.8125 200.1125030517578125 202.431243896484375 204.4812469482421875 205.7062530517578125 203.537506103515625 199.03125 195.1125030517578125 192.90625 191.53125 191.806243896484375 193.368743896484375 197.149993896484375 200.1687469482421875 206.84375 214.806243896484375 224.15625 234.6374969482421875 246.6062469482421875 256.61248779296875 267.58123779296875 282.11248779296875 296.3125 306.91876220703125 317.10626220703125 330.125 340.524993896484375 353.66876220703125 370.08123779296875
137.4375 136.3375091552734375 136.0500030517578125 136.118743896484375 135.96875 136.943756103515625 137.625 137.9250030517578125 138.8000030517578125 139.381256103515625 155.5 173.337493896484375 183.850006103515625 192.899993896484375 199.037506103515625 204.4250030517578125 208.556243896484375 210.6875 212.100006103515625 211.568756103515625 209.6999969482421875 205.8562469482421875 202 198.181243896484375 196.1062469482421875 195.443756103515625 196.3000030517578125 199.40625 202.4187469482421875 209.7312469482421875 215.46875 224.125 234.96875 246.506256103515625 256.75 268.868743896484375 283.3125 296.35626220703125 308.91876220703125 320.068756103515625 328.381256103515625 338.912506103515625 348.037506103515625 359.868743896484375
