data/historical-monthly-weather-data/wc2.1_cruts4.09_10m_prec_1953-07.asc
ncols        45
nrows        45
xllcorner    -63.500000000000
yllcorner    -7.500000000000
cellsize     0.166666666667
NODATA_value -9999
[rows 19 to 37 of 45, columns 0 to 43 of 45]
161.0749969482421875 167.2375030517578125 170.318756103515625 173.3000030517578125 174.7937469482421875 179.868743896484375 175.8000030517578125 175.318756103515625 173.03125 165.600006103515625 160.087493896484375 161.6437530517578125 158.6125030517578125 155.162506103515625 146.212493896484375 135.1750030517578125 128.9187469482421875 140.1437530517578125 132.993743896484375 130.131256103515625 122.5437469482421875 129.931243896484375 142.9812469482421875 148.5437469482421875 147.1999969482421875 137.818756103515625 131.8874969482421875 131.53125 126.125 120.7062530517578125 123.1062469482421875 133.5625 137.8625030517578125 141.931243896484375 148.056243896484375 157.975006103515625 163.3562469482421875 165.006256103515625 164.274993896484375 156.493743896484375 142.181243896484375 131.193756103515625 128.1125030517578125 122.53125
145.9812469482421875 160.53125 170.587493896484375 170.462493896484375 169.3937530517578125 174.0999908447265625 173.0625 173.375 169.6125030517578125 164.40625 157.2375030517578125 158.125 156.9375 151.71875 143.318756103515625 135.149993896484375 131.15625 132.0187530517578125 135.71875 128.4375 133.90625 140.3625030517578125 148.65625 155.2375030517578125 152.40625 140.5124969482421875 126.65625 124.57500457763671875 123.88124847412109375 121.4812469482421875 125.98125457763671875 130.8000030517578125 129.1062469482421875 133.662506103515625 139.4250030517578125 146.3937530517578125 151.6062469482421875 150.162506103515625 146.15625 138.899993896484375 130.306243896484375 125.11875152587890625 119.66249847412109375 115.53749847412109375
141.743743896484375 146.899993896484375 159.0250091552734375 165.006256103515625 168.068756103515625 166.056243896484375 166.1875 166.618743896484375 165.1374969482421875 160.743743896484375 157.006256103515625 152.649993896484375 149.181243896484375 150.556243896484375 148.5187530517578125 140.7937469482421875 141.03125 138.8562469482421875 139.5500030517578125 137.9187469482421875 135.631256103515625 140.6374969482421875 148.287506103515625 146.4375 139.524993896484375 130.8000030517578125 128.875 121.5749969482421875 124.28125 126.19374847412109375 124.8937530517578125 123.3125 122.2687530517578125 123.86875152587890625 125.24375152587890625 132.912506103515625 137.274993896484375 136.8000030517578125 133.9187469482421875 128.9812469482421875 122.80625152587890625 119.1750030517578125 115.4250030517578125 111.38124847412109375
137.25 148.9375 157.850006103515625 161.8562469482421875 163.9250030517578125 164.1875 156.25 156.4812469482421875 157.6687469482421875 160.506256103515625 159.0562591552734375 154.568756103515625 154.3937530517578125 152.837493896484375 153.8937530517578125 152.243743896484375 146.4562530517578125 141 139.443756103515625 141.1374969482421875 146.1374969482421875 145.412506103515625 146.7687530517578125 143.225006103515625 140.34375 129.318756103515625 122.0437469482421875 120.1999969482421875 118.09375 116.6374969482421875 114.96875 114.7624969482421875 112.53749847412109375 110.65625 113.1125030517578125 115.6125030517578125 121.1437530517578125 119.88124847412109375 120.93125152587890625 119.8000030517578125 116.03749847412109375 110.93125152587890625 108.1999969482421875 104.53749847412109375
128.431243896484375 143.274993896484375 156.287506103515625 159.506256103515625 161.475006103515625 158.3312530517578125 158.6687469482421875 155.75 152.3625030517578125 149.850006103515625 150.3125 155.75 155.2937469482421875 155.962493896484375 152.881256103515625 151.28125 144.868743896484375 144.8562469482421875 142.556243896484375 146.943756103515625 146.3312530517578125 150.1750030517578125 150.0625 149.787506103515625 144.024993896484375 130.962493896484375 125.75624847412109375 116.1687469482421875 111.09999847412109375 108.3562469482421875 106.625 104.83750152587890625 100.4875030517578125 96.68125152587890625 100.75624847412109375 100.5625 106.21875 108.9375 110.30625152587890625 109.2375030517578125 107.59999847412109375 103.93125152587890625 102.4375 98.875
123.625 139.431243896484375 154.5625 159.899993896484375 162.993743896484375 157.212493896484375 155.8125 153.1999969482421875 149.943756103515625 150.8312530517578125 151.350006103515625 148.037506103515625 153.09375 152.3000030517578125 148.7062530517578125 144.1812591552734375 142.1750030517578125 144.087493896484375 145.037506103515625 147.149993896484375 149.375 151 157.15625 151.8625030517578125 140.6374969482421875 134.0187530517578125 121.00624847412109375 111.0437469482421875 103.1875 99.80625152587890625 93.53749847412109375 88.9187469482421875 87.94374847412109375 85.46250152587890625 85.1875 88.03125 93.8312530517578125 95.5749969482421875 98.5500030517578125 99.6125030517578125 97.66249847412109375 96.8562469482421875 96.5812530517578125 93.34999847412109375
126 141.0812530517578125 148.5437469482421875 156.243743896484375 159.0749969482421875 155.068756103515625 152.662506103515625 149.3000030517578125 144.59375 139.818756103515625 146.75 146.5124969482421875 143.875 144.1125030517578125 142.943756103515625 141.15625 138.587493896484375 140.71875 143.625 144.600006103515625 151.03125 154.0124969482421875 159.1125030517578125 153.368743896484375 140.28125 128.3000030517578125 117.3562469482421875 105.0812530517578125 94.3937530517578125 87.7937469482421875 81.46875 75.71250152587890625 73.1374969482421875 72.4562530517578125 74.5437469482421875 77.7062530517578125 82.25 85.8125 88.5500030517578125 90.1062469482421875 91.56874847412109375 89.5812530517578125 88.91249847412109375 86.1687469482421875
122.46250152587890625 131.84375 142.024993896484375 149.625 151.65625 149.743743896484375 148.5187530517578125 144.399993896484375 137.3000030517578125 140.3000030517578125 144.1999969482421875 143.381256103515625 141.1687469482421875 137.524993896484375 135.3000030517578125 137.162506103515625 135.3937530517578125 134.96875 139.100006103515625 142.6062469482421875 144.662506103515625 148.5812530517578125 155.381256103515625 152.9499969482421875 136.6750030517578125 120.1125030517578125 108.6062469482421875 97.8312530517578125 87.7687530517578125 78.0625 72.77500152587890625 64.83750152587890625 61.71250152587890625 64.30625152587890625 65.05625152587890625 68.9499969482421875 70.625 73.65625 77.1687469482421875 80.15000152587890625 83.5749969482421875 83.66249847412109375 82.74375152587890625 80.33750152587890625
119.43125152587890625 123.66249847412109375 132.0437469482421875 141.1374969482421875 143.2624969482421875 142.5187530517578125 141.587493896484375 137.7624969482421875 135.037506103515625 136.118743896484375 137.243743896484375 134.1062469482421875 132.2687530517578125 129.600006103515625 127.0749969482421875 127.28749847412109375 127.46875 128.837493896484375 129.1500091552734375 134.0437469482421875 140.100006103515625 142.193756103515625 142.6125030517578125 139.4812469482421875 127.94374847412109375 113.09999847412109375 101.47499847412109375 90.83750152587890625 80.94374847412109375 73.53749847412109375 66.84375 60.93125152587890625 57.8125 56.78749847412109375 57.518749237060546875 60.15625 61.174999237060546875 63.83750152587890625 67.7937469482421875 72.61875152587890625 75.9375 79.47499847412109375 77.74375152587890625 77.03749847412109375
114.46250152587890625 118.34375 126.875 128.7937469482421875 132.7937469482421875 130.3937530517578125 128.975006103515625 129.15625 127.03125 129.2937469482421875 129.3125 126.18125152587890625 124.56874847412109375 123.3874969482421875 121.5812530517578125 121.18125152587890625 122.9375 120.8937530517578125 122.9812469482421875 127.26874542236328125 130.7687530517578125 132.5124969482421875 134.225006103515625 127.8000030517578125 117.53749847412109375 105.125 94.1875 84.0187530517578125 76.75 69.71250152587890625 62.46875 57.09375 53.393749237060546875 51.25624847412109375 51.11875152587890625 52.75624847412109375 53.53125 55.34999847412109375 58.793750762939453125 61.643749237060546875 66.5187530517578125 68.4499969482421875 69.63124847412109375 69.8874969482421875
106.22499847412109375 112.53125 117.8874969482421875 119.5124969482421875 119.9812469482421875 119.6437530517578125 117.78749847412109375 120.63124847412109375 121.1999969482421875 121.1062469482421875 121.30625152587890625 121.0187530517578125 119.1999969482421875 115.9562530517578125 114.41875457763671875 113.90000152587890625 113.05625152587890625 113.7312469482421875 113.8249969482421875 115.9187469482421875 120.15000152587890625 121.21875 122.75624847412109375 114.51250457763671875 106.09375 96.21875 85.84999847412109375 77.20624542236328125 70.53125 63.84999847412109375 57.96250152587890625 52.56874847412109375 48.700000762939453125 46.5625 45.15000152587890625 45.40625 46.825000762939453125 46.8125 47.987499237060546875 50.40000152587890625 54.59999847412109375 57.1875 58.63124847412109375 58.543750762939453125
100.0625 104.7937469482421875 104.83750152587890625 109.4562530517578125 111.69374847412109375 112.68125152587890625 111.28749847412109375 111.9499969482421875 112.88124847412109375 113.6875 114.9562530517578125 113.43125152587890625 114.52500152587890625 109.0437469482421875 106.25 106.25 107.8874969482421875 104.8562469482421875 102.6125030517578125 106.8000030517578125 111.03125 111.93125152587890625 111.68125152587890625 102.4375 93.74375152587890625 88.06874847412109375 78.9562530517578125 69.7937469482421875 62.34375 57.63124847412109375 52.78749847412109375 48.762500762939453125 45.356250762939453125 43.106250762939453125 40.981250762939453125 39.66249847412109375 39.40000152587890625 39.731250762939453125 39.450000762939453125 39.59375 41.956249237060546875 45.50624847412109375 47.25624847412109375 47.1875
93.7312469482421875 93.69374847412109375 93.46250152587890625 95.46250152587890625 99.1875 101.77500152587890625 103.52500152587890625 103.8125 105.75 105.1125030517578125 106.94374847412109375 108.0749969482421875 106.4499969482421875 105.4250030517578125 102.9875030517578125 101.55625152587890625 100.66249847412109375 97.6999969482421875 94.46250152587890625 98.33750152587890625 99.53125 100.97499847412109375 99.5 91.3249969482421875 85.4812469482421875 78.36249542236328125 70.7312469482421875 64.00624847412109375 56.018749237060546875 52.06874847412109375 48.856250762939453125 45.08750152587890625 41.40000152587890625 38.90000152587890625 36.90625 34.68125152587890625 33.93125152587890625 31.731250762939453125 31.3125 32.075000762939453125 33.481250762939453125 35.450000762939453125 36.956249237060546875 38.575000762939453125
85.4875030517578125 84.28125 82.6125030517578125 83.4812469482421875 86.59375 88.8125 91.50624847412109375 93.0187530517578125 92.7687530517578125 96.13124847412109375 100.2687530517578125 99.06874847412109375 99.1687469482421875 100.1750030517578125 98.36875152587890625 94.46875 90.90625 91.31874847412109375 90.27500152587890625 92.41249847412109375 92.0500030517578125 90.72499847412109375 87.75624847412109375 82.0437469482421875 77.83750152587890625 71.13124847412109375 65.3249969482421875 58.106250762939453125 52.21875 47.78749847412109375 44.46875 40.75 36.674999237060546875 34.262500762939453125 32.63124847412109375 31.043748855590820312 28.512500762939453125 26.256250381469726562 25.762500762939453125 26.681249618530273438 27.331249237060546875 28.850000381469726562 28.943750381469726562 30.418750762939453125
77.4875030517578125 76.34375 75.9375 76.4250030517578125 77.03125 76.65625 78.55625152587890625 78.4562530517578125 82.03125 83.875 88.34999847412109375 90.6374969482421875 92.72499847412109375 92.43125152587890625 90.4250030517578125 85.88124847412109375 83.53749847412109375 83.1750030517578125 82.38124847412109375 83.3125 83.74375152587890625 80.53125 79.44374847412109375 74.9562530517578125 69.40000152587890625 63.487499237060546875 58.3125 53.206249237060546875 47.8125 44.00624847412109375 40.75624847412109375 36.9375 33.02500152587890625 30.875 28.8125 26.59375 23.643751144409179688 21.675001144409179688 21.53125 21.524999618530273438 21.825000762939453125 23.012500762939453125 23.799999237060546875 24.206249237060546875
70.8562469482421875 67.6750030517578125 68.83750152587890625 68.5437469482421875 69.50624847412109375 69.05625152587890625 68.6687469482421875 68.46250152587890625 69.15625 71.7062530517578125 77.1875 82.3125 87.96875 89.46250152587890625 84.74375152587890625 80.31874847412109375 77.0500030517578125 75.80625152587890625 76.19374847412109375 75.38124847412109375 75.2687530517578125 74.3874969482421875 72.09999847412109375 67.8312530517578125 62.818752288818359375 57.36875152587890625 52.887500762939453125 48.356250762939453125 43.487499237060546875 38.200000762939453125 35.34999847412109375 33.168750762939453125 29.993749618530273438 27.46875 24.668750762939453125 22.443750381469726562 20.237499237060546875 18.662500381469726562 17.893749237060546875 17.206249237060546875 16.837499618530273438 17.087499618530273438 18.1875 18.537500381469726562
63.25624847412109375 61.71250152587890625 63.231250762939453125 61.706249237060546875 61.924999237060546875 60.84375 60.487499237060546875 59.831249237060546875 59.93125152587890625 60.862499237060546875 65.3874969482421875 71.8562469482421875 79.7312469482421875 79.6374969482421875 77.4375 73.8312530517578125 71.22499847412109375 69.28125 67.94374847412109375 67.4812469482421875 64.53749847412109375 65.3125 62.61875152587890625 58.706249237060546875 53.86875152587890625 51.375 47.68125152587890625 43.887500762939453125 39.625 35.00624847412109375 32.15625 30.256250381469726562 27.143749237060546875 24.774999618530273438 22.200000762939453125 19.850000381469726562 18.125 16.556249618530273438 16.131250381469726562 15.4375 14.5625 14.65625 14.581250190734863281 14.743749618530273438
55.65625 55.6875 56.299999237060546875 54.625 54.606250762939453125 54.581249237060546875 53.924999237060546875 52.887500762939453125 51.8125 50.356250762939453125 54.90000152587890625 62.25624847412109375 68.34999847412109375 69.33750152587890625 68.84999847412109375 66.59375 63.862499237060546875 61.33750152587890625 59.799999237060546875 59.456249237060546875 56.518749237060546875 55.049999237060546875 53.25 51.11875152587890625 47.325000762939453125 44.987499237060546875 42.22499847412109375 38.862499237060546875 35.46250152587890625 32.36875152587890625 29.356250762939453125 26.831249237060546875 23.918750762939453125 21.768749237060546875 19.450000762939453125 17.256250381469726562 15.731249809265136719 14.949999809265136719 14.681249618530273438 13.787500381469726562 12.737500190734863281 12.537500381469726562 12.15625 12.3125
48.112499237060546875 49.11875152587890625 48.43125152587890625 48.65625 48.643749237060546875 48.393749237060546875 47.84999847412109375 46.762500762939453125 45.84999847412109375 43.606250762939453125 50.674999237060546875 56.81874847412109375 59.86875152587890625 61.331249237060546875 61.63124847412109375 59.99375152587890625 56.0625 55.4375 53.09999847412109375 52.25 50.40625 48.38124847412109375 45.84999847412109375 44.393749237060546875 42.25 40.25 37.65625 35.012500762939453125 32.30625152587890625 29.09375 25.325000762939453125 23.424999237060546875 20.90625 19.131250381469726562 16.706249237060546875 14.762499809265136719 14.15625 13.381250381469726562 13.068750381469726562 12.337499618530273438 11.418749809265136719 11.293749809265136719 10.649999618530273438 9.6812496185302734375
