data/historical-monthly-weather-data/wc2.1_cruts4.09_10m_prec_1982-06.asc
ncols        51
nrows        45
xllcorner    -63.500000000000
yllcorner    -7.500000000000
cellsize     0.166666666667
NODATA_value -9999
[rows 0 to 18 of 45, columns 0 to 42 of 51]
235.600006103515625 228.78125 224.381256103515625 227.6374969482421875 227.587493896484375 229.1125030517578125 226.1875 222.0500030517578125 214.8125 215.118743896484375 217.5187530517578125 218.5749969482421875 220.212493896484375 219.6374969482421875 220.1999969482421875 222.3312530517578125 222.53125 222.631256103515625 222.3000030517578125 224.037506103515625 226.2312469482421875 220.9250030517578125 217.1437530517578125 212.1875 209.0749969482421875 207.4812469482421875 211.2375030517578125 217.318756103515625 216.131256103515625 208.056243896484375 194.7687530517578125 187.4375 183.868743896484375 176.8562469482421875 170.7375030517578125 166.725006103515625 162.4812469482421875 159.806243896484375 154.993743896484375 152.2375030517578125 151.931243896484375 155.381256103515625 153.4187469482421875
231.1062469482421875 225.03125 225.9875030517578125 227.9250030517578125 231.631256103515625 232.712493896484375 229.2312469482421875 224.21875 221.649993896484375 220.631256103515625 219.693756103515625 218.256256103515625 213.287506103515625 210.3125 208.7937469482421875 208.8125 207.006256103515625 206.3312530517578125 207.212493896484375 211.25 211.9562530517578125 207.40625 205.40625 202.475006103515625 199.131256103515625 196.3312530517578125 199.96875 203.15625 202.5437469482421875 192.443756103515625 184.306243896484375 181.90625 177.7624969482421875 173.649993896484375 170.118743896484375 164.4875030517578125 162.09375 159.306243896484375 155.3874969482421875 153.649993896484375 155.756256103515625 152.475006103515625 154.931243896484375
221.475006103515625 222.149993896484375 222.7687530517578125 220.90625 224.7624969482421875 227.962493896484375 226.618743896484375 227.625 225.462493896484375 223.4187469482421875 219.443756103515625 213.962493896484375 209.274993896484375 200.84375 197.2375030517578125 195.5124969482421875 191.475006103515625 189.881256103515625 189.662506103515625 190.475006103515625 190.787506103515625 190.1999969482421875 187.162506103515625 187.8312530517578125 182.350006103515625 178.9562530517578125 185.8687591552734375 187.631256103515625 184.912506103515625 180.71875 171.9187469482421875 167.0437469482421875 163.2062530517578125 161.068756103515625 156.3000030517578125 148.3562469482421875 148.068756103515625 148.09375 145.399993896484375 144.6437530517578125 148.2937469482421875 147.506256103515625 148.21875
210.631256103515625 207.9187469482421875 212.493743896484375 214.4187469482421875 215.056243896484375 217.962493896484375 220.850006103515625 223.3625030517578125 224.475006103515625 223.6687469482421875 216.75 208.087493896484375 199.4250030517578125 189.787506103515625 186.068756103515625 183.256256103515625 176.4250030517578125 174.1750030517578125 172.40625 176.756256103515625 174.618743896484375 169.2375030517578125 167.193756103515625 169.243743896484375 164.3562469482421875 161.8249969482421875 166.5500030517578125 167.024993896484375 168.2624969482421875 165.4499969482421875 159.318756103515625 152.8312530517578125 149.225006103515625 143.8562469482421875 139.8312530517578125 139.975006103515625 140.3000030517578125 138.587493896484375 135.943756103515625 135.5437469482421875 138.118743896484375 141.0500030517578125 141.837493896484375
216.1125030517578125 210.9375 202.2312469482421875 205.399993896484375 211.0625 210.568756103515625 213.6062469482421875 219.9499969482421875 225.131256103515625 224.8625030517578125 216.6437530517578125 200.568756103515625 190.912506103515625 181.7937469482421875 175.118743896484375 170.899993896484375 165.4375 158.256256103515625 154.631256103515625 155.6687469482421875 152.9187469482421875 150.0812530517578125 148.5437469482421875 149.59375 145.7937469482421875 144.7624969482421875 147.6687469482421875 152.9875030517578125 155.1437530517578125 149.6750030517578125 146.618743896484375 142.756256103515625 138.0749969482421875 134.506256103515625 133.0812530517578125 130.2062530517578125 130.2062530517578125 130.774993896484375 127.59375 125.90625 128.881256103515625 131.850006103515625 134.193756103515625
209.993743896484375 209.037506103515625 201.7937469482421875 191.28125 199.537506103515625 207.3125 207.3625030517578125 210.5812530517578125 218.350006103515625 219.3125 206.96875 192.056243896484375 182.96875 174.0812530517578125 165.318756103515625 160.243743896484375 153.2375030517578125 145.2062530517578125 142.15625 140.131256103515625 139.1062469482421875 135.943756103515625 133.65625 131.7062530517578125 131.274993896484375 131.3937530517578125 133.1062469482421875 138.3125 141.21875 137.006256103515625 136.306243896484375 133.5437469482421875 131.2687530517578125 126.69374847412109375 122.1062469482421875 123.9375 121.8562469482421875 118.0749969482421875 118.36875152587890625 121.21875 121.63124847412109375 125.6062469482421875 126.33750152587890625
208.8625030517578125 205.8249969482421875 199.8562469482421875 193.4250030517578125 188.5500030517578125 187.3874969482421875 187.306243896484375 194.65625 195.3312530517578125 195.787506103515625 189.0625 178.256256103515625 172.59375 166.287506103515625 158.0500030517578125 151.6062469482421875 145.75 136.912506103515625 129.118743896484375 126.2624969482421875 121.84375 119.59375 116.9375 117.3625030517578125 119.94374847412109375 120.31874847412109375 121.8249969482421875 125.31874847412109375 128.1750030517578125 129.662506103515625 126.03749847412109375 121.8249969482421875 118.6687469482421875 117.22499847412109375 116.5812530517578125 115.06874847412109375 110.625 109.2624969482421875 109.2375030517578125 112.8312530517578125 113.3874969482421875 115.9499969482421875 118.6687469482421875
205.274993896484375 198.53125 193.6062469482421875 192.837493896484375 188.5749969482421875 189.181243896484375 179.3249969482421875 170.90625 164.5124969482421875 167.8312530517578125 168.0749969482421875 164.375 161.631256103515625 156.318756103515625 151.524993896484375 144.931243896484375 136.21875 127.26250457763671875 118.2312469482421875 110.56874847412109375 112.27500152587890625 108.5625 105.33750152587890625 105.50624847412109375 107.9562530517578125 107.31874847412109375 109.7624969482421875 113.19374847412109375 116.28125 115.2375030517578125 117.24375152587890625 113.46875 111.0749969482421875 108.5187530517578125 104.6687469482421875 102.7937469482421875 101.02500152587890625 99.875 97.9375 98.6374969482421875 100.95624542236328125 105.65000152587890625 105.72499847412109375
199.7624969482421875 195.25 188.193756103515625 185.1875 182.837493896484375 178.693756103515625 175.8249969482421875 170.943756103515625 158.5500030517578125 150.78125 149.287506103515625 149.475006103515625 152.368743896484375 149.087493896484375 143.975006103515625 135.6437530517578125 130.943756103515625 123.64374542236328125 115.8874969482421875 106.36875152587890625 100.66249847412109375 101.47499847412109375 95.88124847412109375 99.05625152587890625 98.875 98.9375 101.3249969482421875 105.8312530517578125 111.33750152587890625 109.93125152587890625 112.21250152587890625 104.3625030517578125 97.88124847412109375 94.4250030517578125 93.6750030517578125 95.6750030517578125 95.96250152587890625 96.375 94.77500152587890625 93.34999847412109375 93.21250152587890625 93.4499969482421875 97.75
194.712493896484375 191.024993896484375 184.75 181.4187469482421875 178.306243896484375 173.3312530517578125 169.5124969482421875 162.125 156.399993896484375 150.181243896484375 144.056243896484375 137.5500030517578125 142.149993896484375 141.912506103515625 137.1875 130.350006103515625 122.77500152587890625 119.4250030517578125 112.47499847412109375 105.41249847412109375 97.7375030517578125 93.49375152587890625 87.36875152587890625 88.71875 87.875 89.9187469482421875 92.77500152587890625 96.0625 99.1687469482421875 100.81874847412109375 101.47499847412109375 96.63124847412109375 93 90.0437469482421875 86.86875152587890625 87.625 89.33750152587890625 91.22499847412109375 91.34999847412109375 93.4250030517578125 94.99375152587890625 95.03749847412109375 91.875
192.306243896484375 187.0687408447265625 180.65625 175.96875 171.0124969482421875 168.4250030517578125 160.9250030517578125 154.181243896484375 150.881256103515625 146.8312530517578125 142.875 137.28125 133.96875 134.412506103515625 128.6437530517578125 122.22499847412109375 114.9812469482421875 109.15000152587890625 105.1875 102.0812530517578125 100.1750030517578125 92.99375152587890625 83.40000152587890625 76.46250152587890625 79.0625 85.11875152587890625 88.75624847412109375 90.1374969482421875 90.9875030517578125 91.40000152587890625 91.6437530517578125 89.0625 86.75624847412109375 84.4250030517578125 82.09999847412109375 81.1750030517578125 82.9499969482421875 83.8562469482421875 87.8562469482421875 89.15625 90.2937469482421875 88.7937469482421875 88.06874847412109375
186.3625030517578125 182.068756103515625 178.399993896484375 171.21875 166.9499969482421875 161.681243896484375 158.6999969482421875 153.693756103515625 149.90625 142.1875 140.3874969482421875 135.96875 126.25624847412109375 125.4375 123.3625030517578125 116.50624847412109375 109.5124969482421875 104.9499969482421875 102.3562469482421875 103.09375 101.5437469482421875 95.1999969482421875 84.65625 75.34375 74.71250152587890625 76.625 78.4499969482421875 81.44374847412109375 84.49375152587890625 83.8874969482421875 80.8249969482421875 80.88124847412109375 79.52500152587890625 76.1687469482421875 75.72499847412109375 77.61875152587890625 80.58750152587890625 82.33750152587890625 82.23125457763671875 86.1374969482421875 87.86875152587890625 85.8625030517578125 79.21875
184.1125030517578125 178.568756103515625 173.431243896484375 166.5124969482421875 163.193756103515625 156.712493896484375 152.7937469482421875 148.6687469482421875 143.28125 138.600006103515625 135.8000030517578125 132.193756103515625 125.97499847412109375 115.61875152587890625 111.0749969482421875 107.40000152587890625 102.21875 99.59999847412109375 94.1875 94.22499847412109375 94.50624847412109375 88.88124847412109375 81.0500030517578125 73.9562530517578125 68.59999847412109375 68.9499969482421875 72.2312469482421875 75.5437469482421875 79.00624847412109375 79.875 76.43125152587890625 73.68125152587890625 74.02500152587890625 70.0812530517578125 69.3625030517578125 72.28125 77.2687530517578125 80.63124847412109375 86.03125 87.43125152587890625 85.34375 82.08750152587890625 71.93125152587890625
179.993743896484375 174.7687530517578125 168.4875030517578125 162.287506103515625 156.1687469482421875 151.475006103515625 146.2937469482421875 143.712493896484375 140.368743896484375 134.868743896484375 131.368743896484375 124.36875152587890625 118.93125152587890625 111.0437469482421875 99.6125030517578125 98.3874969482421875 93.2687530517578125 89.61875152587890625 86.1750030517578125 85.3937530517578125 84.72499847412109375 79.93125152587890625 73.8874969482421875 70.5437469482421875 67.53125 65.52500152587890625 66.33750152587890625 68 70.5500030517578125 70.97499847412109375 70.96875 69.52500152587890625 68.2624969482421875 67.11875152587890625 64.75624847412109375 70.40000152587890625 77.34375 83.25 89.0437469482421875 88.875 79.68125152587890625 73.05625152587890625 70.8312530517578125
171.4499969482421875 166.8625030517578125 162.84375 158.0625 151.8249969482421875 147.056243896484375 143.287506103515625 139.2062530517578125 135.381256103515625 131.068756103515625 126.2375030517578125 119.625 113.1875 104.0625 91.91249847412109375 89.5812530517578125 85.78749847412109375 84.30625152587890625 79.3937530517578125 77.79999542236328125 77.78125 74.11875152587890625 70.6437530517578125 69.0625 68.8000030517578125 67.33750152587890625 67.91249847412109375 68.56874847412109375 71.11875152587890625 69.00624847412109375 66.20624542236328125 66.375 67.86875152587890625 64.18125152587890625 59.96875 62.13124847412109375 72.625 83.44374847412109375 87.21875 84.5 80.6374969482421875 78.4499969482421875 79.5500030517578125
165.193756103515625 159.21875 155.587493896484375 149.6750030517578125 146.7937469482421875 143.0500030517578125 138.4812469482421875 133.5124969482421875 131.6875 130 124.8625030517578125 117.1999969482421875 110.2937469482421875 101.27500152587890625 90.59375 78.90625 77.5437469482421875 78.03749847412109375 73.77500152587890625 72.0437469482421875 71.3125 69.09999847412109375 67.6687469482421875 68.3249969482421875 68.34375 67.16249847412109375 66.4187469482421875 67.4812469482421875 68.4812469482421875 69.43125152587890625 68.0625 65.8125 61.58750152587890625 57.21250152587890625 53.72499847412109375 63.106250762939453125 68.25 75.5812530517578125 81.68125152587890625 84.49375152587890625 85.3125 84.50624847412109375 80.8937530517578125
157.556243896484375 153.181243896484375 147.9375 145.024993896484375 141.9812469482421875 139.149993896484375 134.7375030517578125 130.9499969482421875 126.25 123.31874847412109375 120.8625030517578125 114.31874847412109375 105.4250030517578125 96.6374969482421875 89.83750152587890625 79.25624847412109375 68.25 68.21875 67.6687469482421875 65.65000152587890625 64.13124847412109375 63.893749237060546875 63.125 66.1750030517578125 66.2375030517578125 63.0625 62.30625152587890625 62.83750152587890625 65.875 67.5749969482421875 68.2937469482421875 68 63.77500152587890625 61.59375 63.84999847412109375 67.5124969482421875 73.7312469482421875 79.2687530517578125 84.3562469482421875 81.88124847412109375 82.3312530517578125 79.8312530517578125 74.5187530517578125
148.181243896484375 144.875 142.568756103515625 139.7937469482421875 137.2375030517578125 135.881256103515625 130.78125 126.3874969482421875 121.93125152587890625 116.97499847412109375 113.06874847412109375 108.90000152587890625 99.99375152587890625 92.49375152587890625 87.3249969482421875 79.15000152587890625 68.6750030517578125 59.65625 63.2624969482421875 59.53749847412109375 58.106250762939453125 57.94374847412109375 59.418750762939453125 61.68125152587890625 63.08750152587890625 60.012500762939453125 58.13124847412109375 61.0625 63.56874847412109375 64.0812530517578125 62.09375 60.237499237060546875 66.8125 66.77500152587890625 66.53749847412109375 77.38124847412109375 82.15625 80.6687469482421875 82 80.90625 74.5749969482421875 70.40625 66.4875030517578125
139.806243896484375 138.6687469482421875 136.5187530517578125 134.5812530517578125 132.8125 129.3249969482421875 125.0625 120.375 117.41249847412109375 114.19374847412109375 109.5749969482421875 100.65625 93.44374847412109375 87.8937530517578125 81.61875152587890625 75.1875 69.81874847412109375 59.625 54.518749237060546875 52.41249847412109375 53.33750152587890625 55.299999237060546875 51.262500762939453125 54.950000762939453125 56.293750762939453125 57.97499847412109375 58.36875152587890625 58.13124847412109375 61.706249237060546875 62.34375 61.74375152587890625 63.356250762939453125 66.00624847412109375 64.9499969482421875 67.0437469482421875 74.5812530517578125 76.125 74.08750152587890625 75.0749969482421875 72.0749969482421875 66.99375152587890625 61.293750762939453125 59.625
