data/historical-monthly-weather-data/wc2.1_cruts4.09_10m_prec_1977-12.asc
ncols        51
nrows        45
xllcorner    -63.500000000000
yllcorner    -7.500000000000
cellsize     0.166666666667
NODATA_value -9999
[rows 0 to 19 of 45, columns 0 to 44 of 51]
125.21875 117.5187530517578125 113.34999847412109375 111.4499969482421875 108.84375 108.9812469482421875 108.8000030517578125 107.6750030517578125 107.34375 107.36875152587890625 108.97499847412109375 110.00624847412109375 111.78749847412109375 112.28749847412109375 112.78749847412109375 113.3874969482421875 114.36875152587890625 114.1125030517578125 115.03125 116.15000152587890625 118.4812469482421875 120.59999847412109375 122.6875 124.59375 126.4250030517578125 127.8000030517578125 129.149993896484375 130.4875030517578125 132.350006103515625 136.9812469482421875 141.524993896484375 147.024993896484375 151.90625 156.524993896484375 160.75 165.5749969482421875 168.6687469482421875 171.1999969482421875 170.600006103515625 170.09375 168.899993896484375 166.068756103515625 163.056243896484375 159.087493896484375 156.4375
127.7375030517578125 118.80625152587890625 115.25 113.15000152587890625 111.125 110.49375152587890625 109.43125152587890625 109.63124847412109375 110.7624969482421875 111.66249847412109375 112.96875 113.41249847412109375 114.83750152587890625 115.81874847412109375 116.28125 117.03125 118.05625152587890625 118.22499847412109375 118.75 120.47499847412109375 122.43125152587890625 124.2624969482421875 126.84999847412109375 129.3562469482421875 131.881256103515625 134.0749969482421875 135.8625030517578125 137.3937530517578125 139.46875 144.6437530517578125 149.337493896484375 155.1125030517578125 159.6125030517578125 165 170.725006103515625 173.6374969482421875 178.7624969482421875 182.1374969482421875 180.712493896484375 179.59375 177.90625 174.756256103515625 171.5187530517578125 165.9875030517578125 162.181243896484375
133.7375030517578125 125.78125 122.25624847412109375 119.6062469482421875 117.29999542236328125 115.6875 114.75624847412109375 114.9812469482421875 116.13750457763671875 116.88124847412109375 117.25624847412109375 117.47499847412109375 118.7687530517578125 119.59999847412109375 120.28749847412109375 120.7062530517578125 121.9875030517578125 122.4375 123.5437469482421875 125.2687530517578125 127.7062530517578125 130.524993896484375 133.6687469482421875 136.4812469482421875 139.506256103515625 143.162506103515625 145.59375 147.493743896484375 150.524993896484375 155.21875 160.7937469482421875 167.181243896484375 173.9187469482421875 178.774993896484375 184.587493896484375 189.4375 193.625 196.9187469482421875 196.462493896484375 195.1999969482421875 193.006256103515625 188.712493896484375 183.4562530517578125 178.5437469482421875 172.787506103515625
139.1437530517578125 133.1062469482421875 130.4375 126.7062530517578125 124.3125 122.1125030517578125 120.8125 120.4875030517578125 121.2687530517578125 122.27500152587890625 122.15000152587890625 122.16249847412109375 122.5812530517578125 123.2624969482421875 123.72499847412109375 124.6374969482421875 125.93125152587890625 126.11875152587890625 127.78125 131 134.318756103515625 137.568756103515625 140.3562469482421875 144.037506103515625 147.381256103515625 152.100006103515625 155.3937530517578125 157.462493896484375 161.5187530517578125 167.756256103515625 173.743743896484375 179.8562469482421875 187.756256103515625 194.8312530517578125 200.774993896484375 205.662506103515625 209.28125 213.1500091552734375 213.837493896484375 212.337493896484375 208.96875 203.524993896484375 197.0500030517578125 191.5124969482421875 184.3312530517578125
150.943756103515625 142.75 137.1875 134.0812530517578125 131.8249969482421875 129.5187530517578125 127.2062530517578125 126.08750152587890625 127.38124847412109375 128.2937469482421875 127.08750152587890625 126.24375152587890625 126.8312530517578125 127.44374847412109375 127.80625152587890625 128.65625 129.7062530517578125 130.4250030517578125 132.837493896484375 137.118743896484375 141.2062530517578125 144.149993896484375 147.256256103515625 151.5500030517578125 155.6750030517578125 161.3125 164.100006103515625 167.0124969482421875 171.743743896484375 179.2375030517578125 186.4875030517578125 192.881256103515625 200.806243896484375 208.8125 215.693756103515625 221.556243896484375 226.837493896484375 230.693756103515625 231.556243896484375 229.7624969482421875 225.912506103515625 219.0124969482421875 211.84375 203.7937469482421875 196.212493896484375
163.0437469482421875 155.912506103515625 149.0187530517578125 143.09375 141.2937469482421875 140.037506103515625 138.056243896484375 136.1125030517578125 136.40625 136.631256103515625 134.84375 133.993743896484375 134.743743896484375 135.100006103515625 136.0812530517578125 136.899993896484375 138.131256103515625 138.306243896484375 141.78125 145.40625 148.7312469482421875 152.6374969482421875 155.9250030517578125 160.6687469482421875 165.5 170.787506103515625 175.181243896484375 178.4562530517578125 182.7375030517578125 190.443756103515625 198.5625 206.568756103515625 212.8312530517578125 219.71875 229.40625 236.2687530517578125 241.8937530517578125 248.618743896484375 250.4875030517578125 247.4000091552734375 240.524993896484375 233.125 223.78125 216.09375 208.5812530517578125
177.53125 170.90625 163.96875 157.1125030517578125 153 150.381256103515625 148.287506103515625 145.65625 144.131256103515625 142.225006103515625 141.875 141.7687530517578125 143.3812408447265625 143.75 144.7375030517578125 146.0187530517578125 148.2062530517578125 150.9250030517578125 154.40625 156.212493896484375 158.3562469482421875 162.1374969482421875 165.1125030517578125 169.681243896484375 175.7687530517578125 180.9875030517578125 184.993743896484375 190.0437469482421875 194.6687469482421875 202.024993896484375 210.2937469482421875 218.4375 226.0500030517578125 232.75 240.9812469482421875 248.006256103515625 255.662506103515625 263.256256103515625 268.76873779296875 264.23126220703125 255.1750030517578125 245.524993896484375 236.53125 227.3625030517578125 217.837493896484375
192.649993896484375 186.162506103515625 179.443756103515625 173.899993896484375 169.6750030517578125 164.96875 159.6125030517578125 153.4875030517578125 149.024993896484375 147.6187591552734375 148.9499969482421875 150.8000030517578125 152.1999969482421875 153.712493896484375 154.4812469482421875 156.037506103515625 158.21875 162.65625 166.5437469482421875 165.5187530517578125 166.975006103515625 169.662506103515625 172.6125030517578125 177.1374969482421875 184.40625 190.975006103515625 194.7375030517578125 199.600006103515625 206.2624969482421875 214.4562530517578125 221.25 229.2624969482421875 237.4562530517578125 244.0500030517578125 253.1875 258.53125 266.306243896484375 273.26251220703125 276.431243896484375 273.162506103515625 266.15625 256.193756103515625 246.8874969482421875 236.9875030517578125 224.975006103515625
207.9375 201.8937530517578125 195.75 190.431243896484375 185.431243896484375 180.6750030517578125 174.556243896484375 166.8625030517578125 159.3125 156.09375 158.8000030517578125 161.7312469482421875 163.725006103515625 164.8000030517578125 165.475006103515625 166.625 168.46875 172.625 175.943756103515625 173.96875 173.649993896484375 176.256256103515625 179.75 186.375 193.1875 199.5500030517578125 203.3625030517578125 208.600006103515625 214.412506103515625 221.46875 229.5187530517578125 235.899993896484375 243.2312469482421875 250.912506103515625 258.70623779296875 264.537506103515625 270.168731689453125 274.962493896484375 276.63751220703125 275.33123779296875 268.91876220703125 260.29998779296875 252.9250030517578125 244.493743896484375 233.9812469482421875
222.274993896484375 217.225006103515625 211.8000030517578125 207.3937530517578125 202.4187469482421875 197.368743896484375 191.2375030517578125 183.9375 178.2624969482421875 174.7687530517578125 174.71875 175.118743896484375 177.1125030517578125 176.6750030517578125 177.15625 177.381256103515625 177.8000030517578125 179.412506103515625 180.3249969482421875 179.056243896484375 179.6062469482421875 182.287506103515625 186.381256103515625 194.037506103515625 200.7312469482421875 206.975006103515625 211.024993896484375 215.850006103515625 222.0187530517578125 228.4875030517578125 234.506256103515625 240.3000030517578125 246.9375 253.4562530517578125 261.53125 268.90625 273.462493896484375 277.212493896484375 276.98126220703125 275.600006103515625 271.67498779296875 265.443756103515625 257.537506103515625 250 240.9499969482421875
238.25 233.506256103515625 227.818756103515625 222.78125 219.1125030517578125 215.3249969482421875 209.725006103515625 202.037506103515625 196.40625 193.1937408447265625 191.96875 191.6687469482421875 191.40625 190.3249969482421875 189 187.9562530517578125 186.431243896484375 185.962493896484375 184.5812530517578125 182.743743896484375 185.1875 188.399993896484375 193.1125030517578125 198.90625 208.587493896484375 215.3625030517578125 218.5374908447265625 221.59375 225.631256103515625 231.5 236.9250030517578125 242.993743896484375 249.4812469482421875 255.9875030517578125 263.287506103515625 269.32501220703125 274.04376220703125 277.725006103515625 279.45623779296875 278 274.85626220703125 269.100006103515625 263.32501220703125 257.399993896484375 247.8249969482421875
251.149993896484375 246.0749969482421875 240.84375 236.90625 233.381256103515625 230.1125030517578125 225.8125 218.881256103515625 213.3312530517578125 210.75 209.4875030517578125 209.3000030517578125 206.8312530517578125 204.4562530517578125 202.306243896484375 199.1437530517578125 196.1437530517578125 193.162506103515625 190.3625030517578125 188.2062530517578125 189.65625 193.5500030517578125 199.84375 206.6125030517578125 215.7062530517578125 222.350006103515625 224.1750030517578125 225.6437530517578125 227.875 232.75 237.28125 242.756256103515625 248.899993896484375 255.7312469482421875 263.125 269.16876220703125 273.5625 277.54376220703125 278.6875 277.85626220703125 275.26873779296875 270.45001220703125 265.306243896484375 259.475006103515625 248.0812530517578125
263.42498779296875 258.868743896484375 254.21875 249.931243896484375 247.03125 243.375 238.850006103515625 233.6374969482421875 228.881256103515625 226.962493896484375 226.03125 225.818756103515625 222.931243896484375 218.3562469482421875 215.375 210.9562530517578125 206.256256103515625 202.6312408447265625 198.5 194.556243896484375 193.618743896484375 198.2937469482421875 206.524993896484375 214.1750030517578125 220.9375 225.84375 227.3125 228.693756103515625 230.462493896484375 232.681243896484375 235.9499969482421875 240.1062469482421875 245.5625 252.693756103515625 260.29998779296875 267.59375 273.274993896484375 277.518768310546875 278.587493896484375 276.71875 273.756256103515625 271.087493896484375 265.07501220703125 254.8937530517578125 243.337493896484375
274.1875 269.73126220703125 265.118743896484375 261.29376220703125 257.9375 254.46875 250.28125 247.1062469482421875 244.381256103515625 241.8937530517578125 239.375 238.6062469482421875 236.71875 232.7624969482421875 227.4875030517578125 223.4562530517578125 217.600006103515625 212.3000030517578125 207.0124969482421875 202.4875030517578125 202.65625 206.662506103515625 213.25 219.3937530517578125 225.1750030517578125 229.7687530517578125 231.600006103515625 230.7874908447265625 230.6437530517578125 231.181243896484375 233.125 235.631256103515625 241.618743896484375 248.3625030517578125 257.07501220703125 264.868743896484375 272.056243896484375 278.91876220703125 282 282.48748779296875 275.96875 267.29376220703125 260.07501220703125 253.8125 244.9187469482421875
284.5625 279.64373779296875 275.70623779296875 271.75 268.73126220703125 265.26251220703125 262.70623779296875 260.0625 257.58123779296875 254.625 252.0500030517578125 251.7312469482421875 249.7624969482421875 246.8562469482421875 241.0437469482421875 236.5812530517578125 229.5 223.243743896484375 217.1437530517578125 213.5 213.3874969482421875 216.243743896484375 220.431243896484375 224.9812469482421875 229.912506103515625 233.4187469482421875 234.256256103515625 233.0437469482421875 231.3125 228.71875 227.90625 229.993743896484375 236.0625 243.8125 253.4187469482421875 260.51251220703125 270.556243896484375 282.33123779296875 291.712493896484375 292.375 283.743743896484375 273.40625 265.018768310546875 257.712493896484375 244.6687469482421875
293.118743896484375 288.33123779296875 284.693756103515625 281.774993896484375 278.868743896484375 276.287506103515625 274.09375 270.787506103515625 268.70001220703125 267.399993896484375 264.73748779296875 264.381256103515625 263.225006103515625 260.712493896484375 255.350006103515625 248.337493896484375 240.868743896484375 235.125 228.443756103515625 223.9875030517578125 224.25 225.506256103515625 228.15625 231.09375 235.1437530517578125 239.162506103515625 239.0124969482421875 236.462493896484375 232.1937408447265625 225.9375 222.65625 222.193756103515625 226.40625 233.9250030517578125 242.5187530517578125 251.6374969482421875 265.337493896484375 282.6875 299.10626220703125 302.399993896484375 293.86248779296875 280.95001220703125 269.3125 256.26873779296875 244.193756103515625
301.068756103515625 296.668731689453125 291.8125 289.8125 288.068756103515625 285.375 284.09375 282.756256103515625 281.931243896484375 280.125 277.78125 277.131256103515625 276.34375 274.193756103515625 268.96875 261.14373779296875 251.3125 245.181243896484375 239.6437530517578125 234.6875 234.3249969482421875 234.7375030517578125 236.149993896484375 237.587493896484375 241 245.2687530517578125 245.431243896484375 240.524993896484375 231.4187469482421875 221.9187469482421875 216.15625 215.0187530517578125 216.837493896484375 219.65625 225.556243896484375 236.8249969482421875 255.8874969482421875 283.381256103515625 314.78125 313.506256103515625 300.70623779296875 284.70623779296875 268.212493896484375 256.04998779296875 243.662506103515625
309.08123779296875 304.9375 300.725006103515625 299.5625 298.51873779296875 297.818756103515625 296.98126220703125 295.443756103515625 294.475006103515625 293.806243896484375 292.149993896484375 291.443756103515625 289.60626220703125 287.40625 281.506256103515625 273.193756103515625 263.306243896484375 253.381256103515625 250.068756103515625 245.09375 244.412506103515625 243.337493896484375 242.7624969482421875 243.9562530517578125 246.78125 250.806243896484375 252.5749969482421875 243.6374969482421875 229.725006103515625 215.8125 206.912506103515625 204.181243896484375 207.837493896484375 212.162506103515625 213.681243896484375 215.90625 244.2375030517578125 277.79998779296875 303.40625 307.743743896484375 295.456268310546875 280.11248779296875 266.79998779296875 256.21875 244.3874969482421875
315.53125 311.524993896484375 308.9375 308.462493896484375 308.38751220703125 308.993743896484375 308.92498779296875 309.475006103515625 309.01873779296875 308.38751220703125 305.32501220703125 303.36248779296875 302.53125 301.162506103515625 294.337493896484375 285.35626220703125 275.58123779296875 265.28125 257.6875 253.431243896484375 253.243743896484375 253.28125 248.09375 249.4499969482421875 252.6875 255.7375030517578125 255.0437469482421875 246.350006103515625 230.7062530517578125 212.4499969482421875 198.6750030517578125 200.399993896484375 208.2375030517578125 212.3249969482421875 213.0812530517578125 219.7375030517578125 242.9499969482421875 268.61248779296875 288.625 292.98126220703125 285.431243896484375 273.42498779296875 262.993743896484375 255.225006103515625 246
320.46875 317.168731689453125 314.58123779296875 315.024993896484375 316.54998779296875 319.42498779296875 321.506256103515625 323.162506103515625 323.63751220703125 321.45623779296875 318.86248779296875 318.556243896484375 318.01251220703125 314.993743896484375 306.368743896484375 295.07501220703125 284.04998779296875 275.58123779296875 268.193756103515625 262.91876220703125 258.95623779296875 255.037506103515625 252.8125 254.4375 257.01251220703125 258.78125 256.993743896484375 250.5812530517578125 236.53125 217.993743896484375 206.28125 208.225006103515625 214.875 221.681243896484375 228.1750030517578125 235.6125030517578125 251.493743896484375 269.431243896484375 281.818756103515625 284.9375 278.8125 266.4375 260.46875 255.75 248.25
