data/historical-monthly-weather-data/wc2.1_cruts4.09_10m_prec_2012-10.asc
ncols        51
nrows        45
xllcorner    -63.500000000000
yllcorner    -7.500000000000
cellsize     0.166666666667
NODATA_value -9999
[rows 20 to 39 of 45, columns 0 to 43 of 51]
109.1374969482421875 118.6062469482421875 129.524993896484375 140.4875030517578125 151.0374908447265625 159.162506103515625 166.75 172.3562469482421875 173.9187469482421875 172.212493896484375 168.4375 162.34375 156.149993896484375 149.5500030517578125 147.1374969482421875 145.350006103515625 143.0625 142.8000030517578125 146.15625 148.6374969482421875 151.5437469482421875 155.912506103515625 160.5124969482421875 164.25 166.4562530517578125 164.8562469482421875 157.9812469482421875 146.46875 135.1875 126.6374969482421875 120.61875152587890625 119.4875030517578125 121.2687530517578125 124.8562469482421875 128.8874969482421875 124.3562469482421875 119.0812530517578125 117.0625 115.3562469482421875 113.6062469482421875 111.18125152587890625 107.44374847412109375 101.47499847412109375 95.83750152587890625
103.09999847412109375 114.2624969482421875 126.61875152587890625 139.118743896484375 151.4499969482421875 160.8249969482421875 169.0749969482421875 175.912506103515625 178.7312469482421875 176.556243896484375 171.46875 164.4375 157.681243896484375 152.0749969482421875 148.875 147.0749969482421875 145.9875030517578125 146.287506103515625 148.625 151.5124969482421875 152.506256103515625 155.756256103515625 160.3874969482421875 162.774993896484375 163.337493896484375 162 157.8625030517578125 150.1125030517578125 142.8312530517578125 137.03125 132.46875 130.6750030517578125 131.5437469482421875 134.3249969482421875 135.4250030517578125 132.1687469482421875 126.59375 122.09999847412109375 118.75624847412109375 116.3874969482421875 113.52500152587890625 109.8625030517578125 105.2687530517578125 100.1374969482421875
98.83750152587890625 111.6875 125.40000152587890625 139.1687469482421875 151.899993896484375 161.743743896484375 170.8937530517578125 179.46875 184.6687469482421875 181.056243896484375 174.7312469482421875 166.412506103515625 160.1750030517578125 155.65625 152.2687530517578125 150.100006103515625 148.9812469482421875 150.28125 152.2937469482421875 154.493743896484375 156.068756103515625 157.7375030517578125 160.4375 162.1437530517578125 162.037506103515625 159.225006103515625 156.9562530517578125 153.8125 148.5625 144.90625 142.59375 141.5437469482421875 141.125 142.2624969482421875 141.8562469482421875 138.0437469482421875 132.4812469482421875 126.4499969482421875 122.3937530517578125 120.93125152587890625 118.49375152587890625 114.9375 110.52500152587890625 105.44374847412109375
96.31874847412109375 109.93125152587890625 125.3937530517578125 139.193756103515625 152.2375030517578125 161.8874969482421875 170.381256103515625 179.131256103515625 183.8625030517578125 181.118743896484375 174.5812530517578125 167.743743896484375 162.306243896484375 158.287506103515625 155.875 154.037506103515625 153.5124969482421875 154.875 156.71875 158.556243896484375 160.1750030517578125 162.21875 163.2375030517578125 163.587493896484375 162.1374969482421875 157.8125 154.125 153.725006103515625 152.756256103515625 151.40625 150.225006103515625 149.368743896484375 148.8874969482421875 148.725006103515625 147.8937530517578125 145.0124969482421875 139.96875 133.693756103515625 129.9812469482421875 127.6875 125.11249542236328125 121.61875152587890625 116.96875 111.5437469482421875
96.9562530517578125 109.88124847412109375 126.15000152587890625 139.5124969482421875 152.524993896484375 161.2624969482421875 168.6374969482421875 175.337493896484375 178.850006103515625 178.2624969482421875 174.774993896484375 169.537506103515625 165.306243896484375 162.0187530517578125 159.9812469482421875 159.024993896484375 158.631256103515625 160.225006103515625 162.0749969482421875 164.056243896484375 165.3874969482421875 165.96875 167.34375 166.631256103515625 164.9875030517578125 162.806243896484375 159.4499969482421875 158.443756103515625 157.8562469482421875 157.09375 156.0812530517578125 154.506256103515625 154.818756103515625 154.225006103515625 153.53125 150.5187530517578125 147.274993896484375 143.5 139.46875 137.0812530517578125 134.15625 130.149993896484375 125.0812530517578125 120.34999847412109375
99.00624847412109375 110.27500152587890625 124.21250152587890625 138.587493896484375 151.3562469482421875 159.118743896484375 165.493743896484375 171.0749969482421875 174.75 176.0437469482421875 173.4187469482421875 170.556243896484375 167.4187469482421875 164.9812469482421875 164.25 163.7624969482421875 164.1437530517578125 165.6062469482421875 167.78125 169.7937469482421875 171.0749969482421875 171.350006103515625 172.318756103515625 171.6062469482421875 170.412506103515625 169.0749969482421875 166.7062530517578125 164.6374969482421875 163.306243896484375 162.6437530517578125 160.381256103515625 159.6875 160.368743896484375 159.6750030517578125 159.556243896484375 157.243743896484375 154.912506103515625 152.8937530517578125 149.756256103515625 147.34375 144.53125 140.5625 135.0812530517578125 130.5124969482421875
103.65625 111.6875 123.40000152587890625 135.5437469482421875 146.59375 154.3312530517578125 160.46875 165.9812469482421875 169.375 170.8625030517578125 171.524993896484375 170.5812530517578125 169.181243896484375 168.100006103515625 167.7312469482421875 168.21875 168.287506103515625 170.556243896484375 172.65625 174.5812530517578125 176.15625 176.6062469482421875 177.3000030517578125 177.962493896484375 176.3312530517578125 175.0875091552734375 172.3312530517578125 169.850006103515625 168.3000030517578125 166.9375 165.618743896484375 163.725006103515625 165.056243896484375 165.375 165.1125030517578125 163.9562530517578125 162.7375030517578125 161.662506103515625 159.9875030517578125 159.125 157.225006103515625 154.350006103515625 149.8874969482421875 145.5124969482421875
108.3000030517578125 114.08750152587890625 123.28125 133.0500030517578125 141.9875030517578125 149.1999969482421875 155.78125 161.0124969482421875 164.5812530517578125 167.4562530517578125 169.037506103515625 169.712493896484375 170.4812469482421875 170.2687530517578125 170.943756103515625 171.975006103515625 173.1875 174.84375 177.4562530517578125 180.2375030517578125 181.475006103515625 182.1062469482421875 183.8249969482421875 183.4875030517578125 181.9749908447265625 180.9875030517578125 178.506256103515625 175.90625 172.875 171.006256103515625 168.837493896484375 167.3874969482421875 169.100006103515625 169.943756103515625 171.318756103515625 170.4562530517578125 169.5500030517578125 170.412506103515625 169.7687530517578125 170.8000030517578125 172.0625 169.712493896484375 164.65625 162.118743896484375
112.8249969482421875 116.78125 123.25624847412109375 130.868743896484375 137.875 144.118743896484375 150.0625 155.712493896484375 160.0500030517578125 164.256256103515625 167.5437469482421875 169.6062469482421875 171.3874969482421875 172.3249969482421875 174.1374969482421875 175.649993896484375 177.693756103515625 179.6999969482421875 182.193756103515625 185.118743896484375 186.2937469482421875 187.600006103515625 189.337493896484375 188.6687469482421875 187.1062469482421875 186.431243896484375 183.71875 180.6374969482421875 178.28125 175.5124969482421875 172.25 170.59375 172.6875 174.306243896484375 176.306243896484375 176.524993896484375 176.4187469482421875 177.3000030517578125 177.131256103515625 179.1437530517578125 182.587493896484375 181.149993896484375 177.337493896484375 178.181243896484375
116.5812530517578125 118.65625 123.22499847412109375 128.1875 133.743743896484375 138.899993896484375 144.8312530517578125 150.912506103515625 156.4375 160.9562530517578125 165.8562469482421875 168.725006103515625 172.1687469482421875 174.59375 176.6875 179.1750030517578125 180.774993896484375 183.75 185.9875030517578125 187.78125 189.71875 191.462493896484375 192.8125 191.4250030517578125 190.337493896484375 190.4250030517578125 187.350006103515625 183.712493896484375 180.3625030517578125 177.806243896484375 175.5812530517578125 174.125 176.350006103515625 179.0812530517578125 181.256256103515625 181.84375 182.006256103515625 183.693756103515625 182.100006103515625 182.837493896484375 185.943756103515625 189.100006103515625 189.256256103515625 193.743743896484375
119.875 119.8937530517578125 122.90625 125.52500152587890625 129.568756103515625 135.1875 140.850006103515625 146.8937530517578125 152.587493896484375 157.8000030517578125 163.96875 168.5625 173.75 177.46875 179.4499969482421875 182.2624969482421875 184.875 187.181243896484375 189.2312469482421875 191.3000030517578125 192.756256103515625 194.7062530517578125 196.243743896484375 194.631256103515625 193.537506103515625 192.881256103515625 189.6687469482421875 185.787506103515625 182.0625 179.7312469482421875 178.506256103515625 177.6062469482421875 180.225006103515625 183.681243896484375 186.4812469482421875 186.6125030517578125 187.4562530517578125 189.5124969482421875 186.9250030517578125 182.8937530517578125 186.556243896484375 194.2937469482421875 200.118743896484375 205.65625
122.34999847412109375 120.625 121.56874847412109375 123.47499847412109375 127.0625 131.381256103515625 136.7062530517578125 142.6875 148.8000030517578125 154.912506103515625 161.6437530517578125 167.90625 173.774993896484375 179.1999969482421875 182.6687469482421875 185.7062530517578125 187.712493896484375 189.131256103515625 192.125 194.1125030517578125 195.506256103515625 197.3000030517578125 198.9375 196.8937530517578125 195.84375 194.6374969482421875 191.118743896484375 187.2312469482421875 183.25 181.8874969482421875 181.181243896484375 180.40625 183.662506103515625 188.15625 190.8125 191.6374969482421875 193.03125 195.131256103515625 191.4875030517578125 189.0437469482421875 193.993743896484375 203.6750030517578125 211.193756103515625 219.3625030517578125
125.3562469482421875 122.58750152587890625 122.4499969482421875 123.6125030517578125 125.4187469482421875 128.993743896484375 133.3625030517578125 138.3000030517578125 144.28125 151.0625 160.537506103515625 167.25 175.03125 182.5 185.9499969482421875 188.318756103515625 189.5124969482421875 191.09375 193.381256103515625 195.2312469482421875 196.181243896484375 197.506256103515625 198.3562469482421875 196.787506103515625 195.3125 193.84375 190.412506103515625 186.2624969482421875 182.71875 183.125 183.3625030517578125 183.837493896484375 186.2375030517578125 191.3125 196.1062469482421875 199.1437530517578125 200.725006103515625 201.9375 200.506256103515625 203.131256103515625 209.056243896484375 217.9875030517578125 226.65625 235.21875
127.5187530517578125 124.4375 123.75624847412109375 123.875 123.78749847412109375 126.7062530517578125 130.131256103515625 134.28125 139.493743896484375 146.7624969482421875 155.8249969482421875 166 176.931243896484375 184.306243896484375 188.46875 190.34375 191.381256103515625 193.037506103515625 194.0625 196.162506103515625 196.524993896484375 197.068756103515625 197.4562530517578125 194.90625 193.7687530517578125 192.2312469482421875 188.3937530517578125 184.475006103515625 181.7312469482421875 183.1437530517578125 185.2687530517578125 187.412506103515625 191.3125 195.6437530517578125 201.818756103515625 205.524993896484375 207.53125 209.568756103515625 211.6125030517578125 216.7687530517578125 222.3249969482421875 231.4812469482421875 242.15625 252.0749969482421875
129.725006103515625 126.6437530517578125 124.65625 123.83750152587890625 122.68125152587890625 124.71250152587890625 127.11875152587890625 130.556243896484375 134.6374969482421875 141.693756103515625 151.8000030517578125 164.068756103515625 177.493743896484375 187.7624969482421875 190.274993896484375 191.837493896484375 192.899993896484375 194.1062469482421875 195.087493896484375 195.9499969482421875 196.1875 195.78125 195.5749969482421875 192.5187530517578125 191.0500030517578125 189.412506103515625 186.2312469482421875 183.1999969482421875 180.868743896484375 183.1062469482421875 186.21875 190.162506103515625 194.8625030517578125 200.6875 206.4562530517578125 209.8625030517578125 212.6687469482421875 217.6062469482421875 221.774993896484375 227.53125 234.1437530517578125 242.59375 253.7062530517578125 263.9375
132.5 129.431243896484375 127.68125152587890625 125.875 124.36875152587890625 125.5749969482421875 126.4875030517578125 128.2062530517578125 131.181243896484375 136.7062530517578125 147.2312469482421875 160.743743896484375 175.962493896484375 186.9875030517578125 190.524993896484375 192.0500030517578125 192.7937469482421875 194.0187530517578125 194.7687530517578125 194.912506103515625 194.7937469482421875 194.28125 192.3874969482421875 189.34375 187.3000030517578125 185.0124969482421875 182.087493896484375 179.681243896484375 177.993743896484375 181.6999969482421875 185.78125 190.618743896484375 196.0749969482421875 203.212493896484375 208.65625 212.024993896484375 218.225006103515625 223.2312469482421875 228.4187469482421875 234.524993896484375 242.1999969482421875 250.774993896484375 258.53125 268.78125
135.46875 132.6125030517578125 130.662506103515625 128.725006103515625 126.9250030517578125 126.8125 126.40625 126.5187530517578125 127.9499969482421875 130.65625 141.912506103515625 159.431243896484375 173.6374969482421875 183.75 188.6999969482421875 191.2937469482421875 192.024993896484375 193.149993896484375 193.087493896484375 192.5187530517578125 191.7312469482421875 190.3937530517578125 188.7312469482421875 185.0187530517578125 182.2312469482421875 179.9562530517578125 177.3625030517578125 175.65625 175.131256103515625 179.712493896484375 185.306243896484375 190.350006103515625 197.774993896484375 205.53125 210.493743896484375 216.4375 222.8937530517578125 229.6875 235.3000030517578125 241.149993896484375 248.53125 254.65625 262.75 272.76873779296875
138.5500030517578125 136 133.818756103515625 131.8000030517578125 129.96875 128.899993896484375 128.318756103515625 127.58750152587890625 128.7375030517578125 129.475006103515625 144.6062469482421875 162.0437469482421875 173.600006103515625 182.9187469482421875 187.6062469482421875 190.375 191.056243896484375 191.631256103515625 191.412506103515625 189.975006103515625 188.1374969482421875 185.412506103515625 183.193756103515625 179.1687469482421875 176.8125 174.6374969482421875 172.337493896484375 171.381256103515625 171.6062469482421875 177.4250030517578125 183.118743896484375 189.7624969482421875 198.056243896484375 205.7687530517578125 212.506256103515625 218.25 226.3625030517578125 233.125 240.4437408447265625 247.3000030517578125 252.212493896484375 258.743743896484375 264.287506103515625 271.63751220703125
142.493743896484375 139.8625030517578125 138.149993896484375 136.306243896484375 134.5124969482421875 133.506256103515625 133.037506103515625 133.943756103515625 136.931243896484375 144.875 160.40625 169.4562530517578125 176.2375030517578125 183.1687469482421875 187.8312530517578125 190.7062530517578125 191.5124969482421875 191.1374969482421875 189.350006103515625 187.681243896484375 183.899993896484375 180.1999969482421875 177.5749969482421875 173.9187469482421875 171.1875 169.9187469482421875 169.09375 169.2687530517578125 169.9250030517578125 175.375 182 188.274993896484375 195.4812469482421875 202.625 210.8249969482421875 218.068756103515625 224.368743896484375 231.306243896484375 238.1437530517578125 241.6437530517578125 246.96875 252.2624969482421875 255.962493896484375 261.73126220703125
146.868743896484375 144.306243896484375 143 141.5812530517578125 139.7687530517578125 139.625 139.350006103515625 141.46875 145.8625030517578125 153.912506103515625 163.8937530517578125 172.5437469482421875 179.1999969482421875 184.5437469482421875 189.024993896484375 191.287506103515625 192.2937469482421875 191.125 187.975006103515625 184.40625 179.493743896484375 174.65625 170.8937530517578125 167.6687469482421875 166.3249969482421875 165.3625030517578125 165.53125 166.962493896484375 168.6062469482421875 173.9375 179.625 186.399993896484375 194.8937530517578125 201.818756103515625 210.131256103515625 216.131256103515625 221.3000030517578125 227.5437469482421875 233.9187469482421875 235.3312530517578125 238.7687530517578125 243.4375 245.899993896484375 249.962493896484375
