data/historical-monthly-weather-data/wc2.1_cruts4.09_10m_prec_2014-03.asc
ncols        45
nrows        45
xllcorner    -63.500000000000
yllcorner    -7.500000000000
cellsize     0.166666666667
NODATA_value -9999
[rows 20 to 39 of 45, columns 0 to 44 of 45]
255.2375030517578125 262.03125 272.14373779296875 283.375 295.881256103515625 312.193756103515625 328.57501220703125 343.15625 355.537506103515625 363.90625 369.5 376.84375 385.13751220703125 395.60626220703125 395.54998779296875 388.16876220703125 382.149993896484375 381.61248779296875 386.037506103515625 390.35626220703125 396.11248779296875 401.993743896484375 405.943756103515625 409.4375 413.61248779296875 417.98126220703125 418.85626220703125 418.48748779296875 417.306243896484375 412.66876220703125 401 383.625 360.162506103515625 332.67498779296875 306.78125 323.4375 348.568756103515625 358.712493896484375 358.5 351.6875 342.26873779296875 335.693756103515625 328.17498779296875 322.056243896484375 319.399993896484375
247.7062530517578125 255.5749969482421875 267.90625 280.399993896484375 294.350006103515625 312.82501220703125 331.39373779296875 348.693756103515625 361.71875 366.818756103515625 366.36248779296875 367.48126220703125 369.774993896484375 375.449981689453125 378.568756103515625 378.443756103515625 378.84375 379.5625 382.23126220703125 384.6875 385.181243896484375 386.868743896484375 392.287506103515625 394.100006103515625 398.0625 404.73126220703125 410.712493896484375 410.82501220703125 409.26873779296875 403.506256103515625 390.75 373.98126220703125 354.51873779296875 335.399993896484375 323.42498779296875 331.0625 348.46875 358.10626220703125 358.162506103515625 350.41876220703125 340.212493896484375 333.45623779296875 326.48126220703125 320.5 318.42498779296875
243.1875 252.7937469482421875 265.068756103515625 278.54998779296875 292.787506103515625 311.25 330.368743896484375 351.79998779296875 368.46875 368.524993896484375 362.399993896484375 355.337493896484375 351.068756103515625 355.21875 363.318756103515625 368.60626220703125 371.649993896484375 373.5 375.225006103515625 376.537506103515625 374.756256103515625 372.38751220703125 372.850006103515625 373.71875 380.20001220703125 389.493743896484375 397.087493896484375 399.90625 398.631256103515625 392.037506103515625 381.59375 370.83123779296875 360.86248779296875 350.57501220703125 348.587493896484375 353.1875 361.350006103515625 364.98748779296875 361.26251220703125 351.57501220703125 339.91876220703125 332.3125 325.399993896484375 318.568756103515625 316.78125
240.5812530517578125 249.4187469482421875 261.60626220703125 274.993743896484375 288.993743896484375 306.60626220703125 326.712493896484375 347.76251220703125 362.681243896484375 360.681243896484375 352.131256103515625 344.90625 336 341.17498779296875 352.412506103515625 360.587493896484375 366.337493896484375 369.04376220703125 368.600006103515625 367.89373779296875 363.59375 358.40625 355.649993896484375 355.33123779296875 359.25 367.868743896484375 376.75 383.38751220703125 385.79376220703125 384.21875 380.04376220703125 373.9375 369.23126220703125 365.86248779296875 367.59375 372.375 375.88751220703125 371.881256103515625 362.95001220703125 351.53125 339.587493896484375 330.756256103515625 323.375 315.600006103515625 315.412506103515625
242.7375030517578125 249.274993896484375 258.787506103515625 271.40625 285.91876220703125 302.912506103515625 319.943756103515625 336.8125 347.618743896484375 349.45623779296875 346.475006103515625 340.274993896484375 337.212493896484375 340.40625 347.931243896484375 356.90625 362.75 365.54376220703125 365.337493896484375 361.243743896484375 352.79998779296875 344.54376220703125 337.725006103515625 333.1875 337.875 350.368743896484375 359.506256103515625 369.993743896484375 375.493743896484375 380.181243896484375 379.79998779296875 377.48748779296875 377.33123779296875 377.34375 378.85626220703125 377.54376220703125 377.443756103515625 372.16876220703125 361.82501220703125 351.54998779296875 339.693756103515625 330.006256103515625 320.29376220703125 314.368743896484375 310.32501220703125
248.09375 253.65625 259.70001220703125 270.70623779296875 282.162506103515625 297.01251220703125 311.89373779296875 325.86248779296875 334.618743896484375 338.45001220703125 339.225006103515625 338.881256103515625 339.431243896484375 341.95001220703125 348.375 356.95623779296875 361.837493896484375 364.79376220703125 364.71875 357.443756103515625 347.70623779296875 333.86248779296875 320.59375 310.912506103515625 318.162506103515625 334.54998779296875 348.92498779296875 359.45001220703125 368.09375 376.32501220703125 380.46875 382.91876220703125 385.83123779296875 385.20623779296875 384.15625 379.79998779296875 376.3125 370.26873779296875 360.90625 350.21875 339.11248779296875 328.274993896484375 315.70001220703125 308.51251220703125 305.431243896484375
252.787506103515625 254.2937469482421875 260.462493896484375 268.743743896484375 277.89373779296875 290.65625 302.693756103515625 314.03125 322.36248779296875 329.056243896484375 333.95623779296875 337.3125 340.9375 345.73748779296875 352.98126220703125 360.5625 367.64373779296875 368.568756103515625 366.399993896484375 360.45623779296875 347.13751220703125 330.943756103515625 311.381256103515625 298.75 310.600006103515625 326.51251220703125 341.59375 351.75 360.98748779296875 370.57501220703125 377.82501220703125 384.91876220703125 390.693756103515625 388.03125 384.60626220703125 379.23126220703125 374.818756103515625 367.837493896484375 359.16876220703125 349.712493896484375 337.65625 325.98748779296875 312.45001220703125 303.51251220703125 307.82501220703125
257.61248779296875 256.59375 261.5625 268.32501220703125 274.600006103515625 284.725006103515625 296.274993896484375 305.875 314.274993896484375 322.16876220703125 328.29998779296875 334.4375 341.443756103515625 348.92498779296875 357.024993896484375 364.912506103515625 372.975006103515625 376.20001220703125 374.25 368.38751220703125 355.29376220703125 338.39373779296875 324.931243896484375 314.399993896484375 318.48126220703125 329.21875 340.45623779296875 349.787506103515625 357.337493896484375 365.10626220703125 372.20001220703125 378.524993896484375 384.29376220703125 382.787506103515625 380.431243896484375 375.524993896484375 369.125 363.600006103515625 356.693756103515625 349.71875 341.60626220703125 328.95623779296875 312.274993896484375 302.95623779296875 316.381256103515625
261.41876220703125 258.9375 262.693756103515625 267.21875 273.66876220703125 281.61248779296875 289.60626220703125 298.01873779296875 307.0625 315.1875 323.58123779296875 332.36248779296875 341.587493896484375 351.86248779296875 362.381256103515625 372.868743896484375 383.8125 387.649993896484375 387.48126220703125 382.899993896484375 370.181243896484375 354.681243896484375 343.475006103515625 332.181243896484375 331.943756103515625 335.850006103515625 342.462493896484375 349.100006103515625 354.625 361.149993896484375 365.587493896484375 369.83123779296875 375.037506103515625 375.86248779296875 375.17498779296875 370.443756103515625 363.40625 357.95001220703125 352.100006103515625 345.4375 341.73748779296875 329.63751220703125 313.89373779296875 312.51873779296875 328.9375
266.58123779296875 263.29998779296875 265.318756103515625 268.26251220703125 272.79376220703125 277.88751220703125 284.556243896484375 291.681243896484375 300.5625 308.625 317.600006103515625 329.45623779296875 342.29376220703125 355.149993896484375 367.70623779296875 380.45001220703125 393.149993896484375 403.931243896484375 406.88751220703125 399.912506103515625 386.54998779296875 372.70623779296875 361.212493896484375 349.73748779296875 344.32501220703125 344.11248779296875 346.962493896484375 349.337493896484375 351.181243896484375 355.29376220703125 358.98126220703125 361.14373779296875 364.96875 368.1875 368.75 363.11248779296875 355.92498779296875 350.92498779296875 341.76873779296875 335.006256103515625 332.04998779296875 329.33123779296875 322.85626220703125 327.08123779296875 335.975006103515625
269.5 265.64373779296875 266.35626220703125 268.85626220703125 272.26251220703125 275.125 280.931243896484375 286.506256103515625 294.54998779296875 302.76251220703125 312.306243896484375 325.399993896484375 340.64373779296875 354.98126220703125 370.14373779296875 386.181243896484375 403.943756103515625 416.89373779296875 425.60626220703125 418.618743896484375 404.34375 389.024993896484375 378.125 364.53125 354.881256103515625 352.287506103515625 350.256256103515625 348.087493896484375 347.618743896484375 350 352.73126220703125 355.350006103515625 358.625 361.537506103515625 362.5 355.46875 348.287506103515625 343.524993896484375 333.1875 320.337493896484375 319.65625 326.70001220703125 330.587493896484375 336.912506103515625 346.04376220703125
270.57501220703125 266.61248779296875 266.368743896484375 267.725006103515625 270.40625 272.14373779296875 276.73748779296875 280.537506103515625 287.881256103515625 295.9375 305.568756103515625 320.01251220703125 336.125 354.024993896484375 372.243743896484375 391.287506103515625 407.70001220703125 420.712493896484375 429.875 429.04998779296875 415.14373779296875 402.462493896484375 389.95001220703125 374.493743896484375 365.193756103515625 358.08123779296875 351.71875 347.899993896484375 343.35626220703125 345.337493896484375 347.86248779296875 349.95623779296875 351.70623779296875 354.17498779296875 355.100006103515625 348.3125 342.63751220703125 336.774993896484375 324.537506103515625 315.78125 319.162506103515625 331.006256103515625 340.03125 352.61248779296875 364.975006103515625
272.42498779296875 269.45623779296875 268.212493896484375 268.28125 268.774993896484375 270.600006103515625 272.95623779296875 275.23126220703125 280.60626220703125 288.600006103515625 300.54998779296875 315.89373779296875 334.84375 357.162506103515625 375.63751220703125 393.57501220703125 408.756256103515625 421.725006103515625 429.243743896484375 430.76251220703125 421.51251220703125 410.118743896484375 397.537506103515625 384.04376220703125 373.256256103515625 364.1875 355.51251220703125 348.899993896484375 343.71875 343.600006103515625 344.51251220703125 345.306243896484375 347.16876220703125 349.09375 348.63751220703125 344.34375 339.14373779296875 332.67498779296875 323.712493896484375 323.65625 328.3125 339.95001220703125 352.375 366.91876220703125 388.26873779296875
274.068756103515625 271.76251220703125 270.98126220703125 270.0625 269.350006103515625 269.181243896484375 269.48126220703125 270.399993896484375 274.23126220703125 280.912506103515625 292.15625 311.9375 333.98748779296875 356.23748779296875 374.20001220703125 392.975006103515625 410.100006103515625 421.76251220703125 427.48748779296875 429.912506103515625 423.91876220703125 413.90625 403.818756103515625 389.33123779296875 378.193756103515625 367.475006103515625 358.16876220703125 349.1875 343.8125 341.79376220703125 340.3125 341.01251220703125 343.07501220703125 344.14373779296875 344.962493896484375 340.98748779296875 335.537506103515625 329.25 327.41876220703125 330.23748779296875 334.693756103515625 346.475006103515625 362.16876220703125 378.54998779296875 402.462493896484375
276.08123779296875 275.118743896484375 274.006256103515625 271.84375 268.70623779296875 267.75 266.068756103515625 266.225006103515625 267.46875 271.962493896484375 283.725006103515625 306.78125 332.58123779296875 356.70623779296875 376.26251220703125 393.118743896484375 409.89373779296875 420.524993896484375 426.287506103515625 428.86248779296875 424.53125 415.03125 405.20001220703125 390.756256103515625 380.100006103515625 369.868743896484375 358.54376220703125 349.431243896484375 341.40625 339.13751220703125 337.95623779296875 337.60626220703125 338.743743896484375 340.13751220703125 339.95623779296875 335.42498779296875 330.568756103515625 329.212493896484375 330.89373779296875 334.51251220703125 339.993743896484375 350.01251220703125 364.806243896484375 381.1875 400.9375
280.71875 279.162506103515625 277.29998779296875 274.71875 271.481231689453125 269.125 267.13751220703125 264.60626220703125 263.33123779296875 266.91876220703125 278.118743896484375 301.306243896484375 328.79998779296875 354.256256103515625 373.399993896484375 391.13751220703125 406.42498779296875 416.03125 422.943756103515625 426.868743896484375 421.40625 411.375 400.51251220703125 387.743743896484375 377 366.787506103515625 355.85626220703125 347.39373779296875 339.756256103515625 336.76873779296875 335.787506103515625 334.556243896484375 334.40625 336.38751220703125 336.193756103515625 332.337493896484375 331.024993896484375 330.70623779296875 331.67498779296875 336.45623779296875 343.0625 351.8125 362.875 378.07501220703125 392.32501220703125
284.618743896484375 283.34375 281.54998779296875 278.537506103515625 275.70001220703125 273.3125 269.96875 266.25 262.243743896484375 260.9375 274.443756103515625 302.412506103515625 329.07501220703125 351.23126220703125 370.95001220703125 387.5625 401.65625 410.318756103515625 417.662506103515625 419.23126220703125 413.875 403.881256103515625 393.53125 380.149993896484375 369.649993896484375 360.57501220703125 350.875 344.26873779296875 337.08123779296875 334.61248779296875 332.79998779296875 331.03125 332.006256103515625 333.98748779296875 333.431243896484375 331.943756103515625 331.98126220703125 332.86248779296875 334.568756103515625 337.11248779296875 341.9375 349.381256103515625 359.225006103515625 371.70623779296875 383.306243896484375
289.20623779296875 288.493743896484375 286.1875 283.618743896484375 281.837493896484375 279.78125 276.537506103515625 271.92498779296875 268.95001220703125 265.23126220703125 286.368743896484375 313.881256103515625 334.10626220703125 352.36248779296875 368.975006103515625 384.743743896484375 396.225006103515625 403.3125 408.29998779296875 408.131256103515625 400.399993896484375 391.04998779296875 383.100006103515625 370.48748779296875 361.056243896484375 353.649993896484375 345.08123779296875 340.29998779296875 334.912506103515625 332.287506103515625 329.34375 327.04376220703125 328.29998779296875 330.82501220703125 330.07501220703125 331.13751220703125 332.175018310546875 332.17498779296875 335.318756103515625 338.75 340.837493896484375 347.71875 354.212493896484375 360.643768310546875 370.07501220703125
293.618743896484375 293.306243896484375 292.46875 291.26251220703125 290.556243896484375 288.668731689453125 287.98126220703125 286.381256103515625 289.21875 300.631256103515625 324.5 337.681243896484375 348.375 360.86248779296875 374.0625 385.89373779296875 394.125 397.41876220703125 398.118743896484375 394.868743896484375 384.431243896484375 374.868743896484375 367.04376220703125 356.993743896484375 349.59375 344.506256103515625 338.681243896484375 334.6875 331.28125 329.506256103515625 328.23126220703125 325.45623779296875 326.28125 329.225006103515625 332.28125 332.35626220703125 332.524993896484375 334 335.11248779296875 336.243743896484375 337.631256103515625 343.899993896484375 348.399993896484375 353.98126220703125 360.20001220703125
298.64373779296875 299.0625 299.462493896484375 299.006256103515625 300.131256103515625 301.699981689453125 301.95623779296875 305.51873779296875 312.193756103515625 323.537506103515625 338.89373779296875 352.51251220703125 362.568756103515625 371.149993896484375 381.337493896484375 388.84375 393.475006103515625 392.54376220703125 388.225006103515625 382.51873779296875 369.75 359.08123779296875 349.443756103515625 341.037506103515625 336.943756103515625 334.14373779296875 330.01251220703125 328.58123779296875 326.8125 325.46875 323.712493896484375 324.5 328.54998779296875 330.96875 333.84375 334.787506103515625 333.78125 334.212493896484375 335.6937255859375 333.95001220703125 333.318756103515625 338.26251220703125 341.774993896484375 345.41876220703125 350.243743896484375
