data/historical-monthly-weather-data/wc2.1_cruts4.09_10m_prec_2021-01.asc
ncols        45
nrows        45
xllcorner    -63.500000000000
yllcorner    -7.500000000000
cellsize     0.166666666667
NODATA_value -9999
[rows 20 to 39 of 45, columns 0 to 43 of 45]
284.756256103515625 280.8125 277.21875 275.100006103515625 273.29376220703125 274.88751220703125 277.125 276.712493896484375 274.293731689453125 269.57501220703125 263.787506103515625 258.506256103515625 255.3937530517578125 252.5437469482421875 236.681243896484375 214.21875 196.6687469482421875 184.6125030517578125 177.2687530517578125 170.3625030517578125 168.0500030517578125 165.287506103515625 162.8625030517578125 167.4375 173.6125030517578125 180.5500030517578125 189.59375 199.5625 209.1875 217.837493896484375 221.53125 220.7062530517578125 211.306243896484375 200.7375030517578125 190.899993896484375 196.6687469482421875 207.5437469482421875 212.03125 206.4250030517578125 193.65625 177.3562469482421875 163.212493896484375 152.125 143.412506103515625
273.8125 268.274993896484375 265.25 265.118743896484375 266.243743896484375 268.48748779296875 270.600006103515625 271.98748779296875 269.29376220703125 260.443756103515625 249.681243896484375 237.46875 228.149993896484375 221.5500030517578125 211.774993896484375 198.0625 186.631256103515625 177.8625030517578125 171.006256103515625 165.475006103515625 162.8125 161.5625 161.7375030517578125 167.46875 174.6875 182.9812469482421875 194.2312469482421875 203.1999969482421875 210.8874969482421875 216.818756103515625 218 216.8937530517578125 211.193756103515625 207.149993896484375 204.912506103515625 210.1125030517578125 221.8125 229.0187530517578125 222.787506103515625 207.0187530517578125 188.0812530517578125 171.7624969482421875 158.625 148.149993896484375
263.51873779296875 257.82501220703125 253.5749969482421875 253.912506103515625 257.13751220703125 261.51251220703125 264.056243896484375 266.08123779296875 264.962493896484375 251.7687530517578125 234.1437530517578125 215.243743896484375 200.6999969482421875 193.6875 189.875 183.5437469482421875 175.6062469482421875 169.600006103515625 164.162506103515625 159.537506103515625 158.524993896484375 158.1687469482421875 158.881256103515625 165.125 174.181243896484375 184.7375030517578125 197.0812530517578125 205.8874969482421875 212.1875 215.3249969482421875 215.65625 215.7062530517578125 216.368743896484375 217.412506103515625 220.8312530517578125 225.8000030517578125 238.0437469482421875 251.5124969482421875 242.774993896484375 219.943756103515625 197.7937469482421875 179.96875 163.962493896484375 151.943756103515625
254.787506103515625 247.2312469482421875 242.087493896484375 243.475006103515625 248.71875 252.7937469482421875 255.975006103515625 257.61248779296875 254.2624969482421875 238.8874969482421875 219.243743896484375 199.71875 180.09375 175.774993896484375 176.5812530517578125 173.618743896484375 168.3625030517578125 164.3874969482421875 160.631256103515625 157.381256103515625 156.149993896484375 155.8000030517578125 156.681243896484375 162.9250030517578125 172.931243896484375 183.962493896484375 197.5500030517578125 206.118743896484375 212.431243896484375 217.4250030517578125 220.3249969482421875 223.5749969482421875 226.4375 230.15625 235.5749969482421875 240.9875030517578125 251.068756103515625 262.256256103515625 252.7624969482421875 229.725006103515625 206.7312469482421875 187.162506103515625 170.125 157.0500030517578125
247.7375030517578125 239.149993896484375 232.7687530517578125 236.818756103515625 244.9250030517578125 247.3937530517578125 248.125 247.125 240.2062530517578125 226.7687530517578125 209.649993896484375 192.7375030517578125 178.087493896484375 171.5625 169.6875 167.443756103515625 163.7624969482421875 161.756256103515625 158.8562469482421875 155.5 154.25 153.1125030517578125 153.5749969482421875 159.556243896484375 169.3625030517578125 181.600006103515625 194.399993896484375 205.8937530517578125 214.381256103515625 222.5749969482421875 229.1999969482421875 236.3125 239.243743896484375 243.625 249.118743896484375 252.1374969482421875 258.431243896484375 260.63751220703125 250.8249969482421875 232.9499969482421875 211.899993896484375 192.4499969482421875 175.1437530517578125 162.381256103515625
246.631256103515625 240.618743896484375 235.787506103515625 239.0500030517578125 243.225006103515625 243.774993896484375 241.8625030517578125 237.2312469482421875 228.6875 216.412506103515625 202.850006103515625 190.3312530517578125 178.8249969482421875 171.2312469482421875 167.368743896484375 164.5500030517578125 161.712493896484375 160.5749969482421875 158.524993896484375 155.34375 154.125 151.462493896484375 150.868743896484375 155.4250030517578125 165.8625030517578125 179.3312530517578125 194.225006103515625 206.993743896484375 218.28125 227.375 238.65625 249.056243896484375 253.493743896484375 256.399993896484375 260.96875 261.662506103515625 263.381256103515625 261.11248779296875 250.40625 234.243743896484375 215.6062469482421875 196.2624969482421875 178.2062530517578125 165.649993896484375
249.681243896484375 245.1125030517578125 242.912506103515625 243.818756103515625 244.375 242.59375 239.181243896484375 232.2312469482421875 223.3000030517578125 213.5625 202.6875 193.0812530517578125 184.0437469482421875 177.0812530517578125 172.537506103515625 169.431243896484375 166.5124969482421875 165.193756103515625 163.5124969482421875 159.53125 156.71875 154.193756103515625 151.3000030517578125 154.899993896484375 166.96875 180.506256103515625 195.631256103515625 209.725006103515625 222.8562469482421875 233.9375 247.318756103515625 259.131256103515625 265.462493896484375 268.42498779296875 270.837493896484375 271.206268310546875 271.037506103515625 266.25 253.8125 238.9187469482421875 221.0124969482421875 201.1437530517578125 183.5187530517578125 171.375
255.0625 250.662506103515625 249.6437530517578125 249.125 247.806243896484375 243.15625 237.4187469482421875 229.4499969482421875 221.1875 212.1062469482421875 203.0500030517578125 195.931243896484375 188.618743896484375 182.625 178.3874969482421875 175.368743896484375 172.375 172.162506103515625 169.1750030517578125 165.6312408447265625 163.4812469482421875 159.7624969482421875 159.0625 163.381256103515625 173.3125 185.287506103515625 199.975006103515625 213.943756103515625 227.943756103515625 241.2062530517578125 254.149993896484375 266.32501220703125 272.899993896484375 275.881256103515625 278.868743896484375 279.056243896484375 277.337493896484375 273.024993896484375 261.268768310546875 245.7624969482421875 229.125 209.6875 190.850006103515625 179.5625
258.73748779296875 255.8562469482421875 254.84375 254.4812469482421875 252.0812530517578125 245.1062469482421875 236.256256103515625 228.368743896484375 220.0187530517578125 212.056243896484375 204.681243896484375 198.868743896484375 193.306243896484375 189.4875030517578125 185.962493896484375 183.649993896484375 182.3312530517578125 180.9187469482421875 178.1750030517578125 174.4499969482421875 171.71875 168.3000030517578125 167.8562469482421875 173.0187530517578125 181.5625 191.912506103515625 206.1062469482421875 220.0625 234.8625030517578125 248.1999969482421875 260.231231689453125 271.75 278.375 283.07501220703125 287.125 286.975006103515625 286.381256103515625 282.431243896484375 271.48126220703125 256.23748779296875 238.243743896484375 219.6750030517578125 203.8937530517578125 197.2624969482421875
261.443756103515625 259.662506103515625 260.912506103515625 262.350006103515625 259.98126220703125 250.837493896484375 240.600006103515625 232.6062469482421875 224.6437530517578125 216.9250030517578125 211.100006103515625 207.25 203.256256103515625 200.306243896484375 198.056243896484375 195.7624969482421875 193.881256103515625 193.037506103515625 191.1437530517578125 186.4499969482421875 183.03125 180.5187530517578125 179.4187469482421875 184.1062469482421875 192.149993896484375 201.84375 214.90625 228.1750030517578125 242.4312591552734375 254.524993896484375 266.625 277.61248779296875 283.73126220703125 290.03125 294.58123779296875 295.95001220703125 296.100006103515625 295.09375 284.868743896484375 271.787506103515625 257.38751220703125 241.837493896484375 228.9562530517578125 223.15625
261.59375 261.11248779296875 262.100006103515625 264.71875 264.58123779296875 253.5500030517578125 244.149993896484375 236.0500030517578125 228.912506103515625 222.8312530517578125 218.649993896484375 216.149993896484375 213.6687469482421875 211.0749969482421875 209.850006103515625 207.962493896484375 206.8000030517578125 206.4375 204.5812530517578125 199.78125 195.493743896484375 192.1062469482421875 191.381256103515625 195.6374969482421875 202.5124969482421875 212.3125 224.774993896484375 237.25 251.2937469482421875 262.04376220703125 273.33123779296875 283.91876220703125 290.006256103515625 296.76873779296875 302.193756103515625 305.0625 306.58123779296875 308.375 301.100006103515625 290.23126220703125 279.35626220703125 266.412506103515625 255.5 247.2687530517578125
258.618743896484375 258.5 259.493743896484375 261.162506103515625 260.212493896484375 252.118743896484375 245.6687469482421875 238.162506103515625 232.4250030517578125 227.7375030517578125 224.8562469482421875 223.7312469482421875 222.8625030517578125 222.381256103515625 222.0687408447265625 220.568756103515625 218.506256103515625 217.662506103515625 214.774993896484375 210.78125 206.2312469482421875 202.7624969482421875 202.225006103515625 206.149993896484375 213.5812530517578125 222.46875 233.8000030517578125 246.243743896484375 258.61248779296875 269.6875 280.08123779296875 289.92498779296875 296.756256103515625 304.03125 310.41876220703125 314.08123779296875 318.9375 320.63751220703125 314.3125 306.84375 301.70001220703125 291.649993896484375 282.59375 277.306243896484375
251.0124969482421875 251.256256103515625 252.9562530517578125 254.3562469482421875 252.9187469482421875 247.90625 243.0500030517578125 238.375 233.0812530517578125 231.225006103515625 231.6687469482421875 232.59375 235.09375 237.5437469482421875 236.912506103515625 235.1437530517578125 232.462493896484375 229.9499969482421875 226.3249969482421875 222.618743896484375 218.46875 215.131256103515625 214.0187530517578125 218.84375 225.40625 233.868743896484375 244.5187530517578125 255.056243896484375 266.82501220703125 278.5625 288.024993896484375 296.20623779296875 303.86248779296875 312.20001220703125 318.42498779296875 323.5 328.212493896484375 330.86248779296875 325.41876220703125 324.11248779296875 321.51873779296875 314.962493896484375 309.818756103515625 308.368743896484375
242.0625 242.8874969482421875 244.631256103515625 246.2062530517578125 244.75 242.5500030517578125 240.5 237.7624969482421875 234.0625 232.587493896484375 235.21875 241.462493896484375 247.975006103515625 251.96875 251.743743896484375 249.350006103515625 247.1437530517578125 244.1750030517578125 239.037506103515625 234.181243896484375 230.4875030517578125 227.5500030517578125 226.475006103515625 230.6437530517578125 236.6750030517578125 243.9250030517578125 253.5812530517578125 264.48748779296875 276.54998779296875 286.45623779296875 296.1875 304.306243896484375 311.774993896484375 320.912506103515625 327.837493896484375 332.975006103515625 337.04376220703125 338.79376220703125 337.850006103515625 338.787506103515625 338.087493896484375 335.42498779296875 334.42498779296875 336.350006103515625
234.431243896484375 234.899993896484375 236.7687530517578125 237.662506103515625 237.4499969482421875 237.5187530517578125 236.587493896484375 235.4375 231.1374969482421875 231.65625 238.40625 249.0187530517578125 261.40625 269.01873779296875 268.45001220703125 264.818756103515625 261.5625 257.01251220703125 251.34375 244.806243896484375 241.8937530517578125 239.287506103515625 238.256256103515625 241.6374969482421875 247.212493896484375 252.7375030517578125 262.71875 273.887481689453125 285.34375 294.068756103515625 303.26873779296875 312.287506103515625 320.48748779296875 328.756256103515625 335.625 340.34375 343.181243896484375 347.96875 349.100006103515625 350.068756103515625 351.5625 350.412506103515625 352.037506103515625 355.350006103515625
227.649993896484375 227.4499969482421875 228.75 229.243743896484375 229.056243896484375 228.350006103515625 227.962493896484375 226.024993896484375 222.431243896484375 223.931243896484375 234.9875030517578125 252.350006103515625 270.506256103515625 281.975006103515625 282.78125 279.79376220703125 275.57501220703125 270.28125 263.837493896484375 256.73126220703125 253.0437469482421875 250.993743896484375 249.34375 251.6062469482421875 256.23748779296875 261.962493896484375 271.056243896484375 281.6875 292.88751220703125 301.149993896484375 310.67498779296875 319.193756103515625 328.3125 336.86248779296875 343.26873779296875 345.64373779296875 350.3125 352.89373779296875 351.774993896484375 352.70001220703125 354.524993896484375 355.17498779296875 356.899993896484375 361.024993896484375
220.8562469482421875 220.399993896484375 220.743743896484375 221.0124969482421875 220.7312469482421875 220.5625 220.9250030517578125 218.712493896484375 214.662506103515625 213.493743896484375 231.243743896484375 259.962493896484375 281.45001220703125 292.881256103515625 295.48748779296875 293.73126220703125 289.725006103515625 283.681243896484375 276.39373779296875 268.337493896484375 264.681243896484375 261.181243896484375 259.5 261.125 265.3125 271.01251220703125 279.60626220703125 290.181243896484375 300.70623779296875 309.037506103515625 318.024993896484375 326.4375 336.193756103515625 345.15625 351.193756103515625 352.88751220703125 354.73748779296875 354.71875 353.54998779296875 352.66876220703125 352.10626220703125 353.45001220703125 357.462493896484375 361.60626220703125
213.9562530517578125 213.2624969482421875 213.318756103515625 214.0500030517578125 214.3874969482421875 215.8937530517578125 216.75 216.1750030517578125 215.287506103515625 214.53125 246.8249969482421875 278.76873779296875 295.868743896484375 305.54376220703125 308.506256103515625 307.20001220703125 302.975006103515625 297.100006103515625 289.725006103515625 281.03125 275.993743896484375 271.01873779296875 268.29376220703125 269.51251220703125 273.26251220703125 279.03125 286.66876220703125 296.600006103515625 306.9375 315.931243896484375 324.181243896484375 331.337493896484375 341.068756103515625 350.625 356.375 356.95001220703125 355.600006103515625 354.587493896484375 353.056243896484375 350.725006103515625 348.42498779296875 351.181243896484375 354.13751220703125 356.625
207.931243896484375 205.8000030517578125 206.587493896484375 207.587493896484375 208.756256103515625 211.318756103515625 213.568756103515625 217.725006103515625 226.625 246.6374969482421875 285.29998779296875 298.100006103515625 305.82501220703125 313.65625 317.149993896484375 316.881256103515625 315.056243896484375 308.125 299.76251220703125 290.962493896484375 283.287506103515625 277.36248779296875 274.1875 275.087493896484375 278.20001220703125 283.462493896484375 291.131256103515625 300.681243896484375 311 320.84375 328.54998779296875 334.975006103515625 342.318756103515625 348.318756103515625 355.256256103515625 354.806243896484375 351.83123779296875 350.1875 347.0625 342.537506103515625 339.85626220703125 341.100006103515625 342.45001220703125 345.71875
202.056243896484375 199.875 200.4499969482421875 201.0500030517578125 203.850006103515625 208.2312469482421875 213.0124969482421875 221.587493896484375 236.3125 258.618743896484375 284.381256103515625 301.36248779296875 311.48748779296875 320.600006103515625 324.962493896484375 327.36248779296875 327.32501220703125 320.65625 310.1875 299.85626220703125 288.64373779296875 282.04998779296875 278.3125 278.806243896484375 282.20001220703125 286.95623779296875 294.61248779296875 304.4375 314.03125 323.125 330.14373779296875 337.6875 344.76873779296875 348.743743896484375 351.10626220703125 349.63751220703125 346.068756103515625 343.087493896484375 338.743743896484375 333.16876220703125 330.16876220703125 330.318756103515625 330.09375 332.118743896484375
