data/historical-monthly-weather-data/wc2.1_cruts4.09_10m_prec_1970-01.asc
ncols        45
nrows        45
xllcorner    -63.500000000000
yllcorner    -7.500000000000
cellsize     0.166666666667
NODATA_value -9999
[rows 20 to 39 of 45, columns 0 to 44 of 45]
226.024993896484375 227.931243896484375 233.5812530517578125 241.3937530517578125 249.912506103515625 262.006256103515625 275.42498779296875 286.881256103515625 296.631256103515625 304.16876220703125 310.8125 318.618743896484375 329.649993896484375 341.806243896484375 337.212493896484375 321.91876220703125 311.787506103515625 307.48126220703125 310.243743896484375 312.04998779296875 313.293731689453125 312.20623779296875 309.67498779296875 307.78125 306.57501220703125 305.64373779296875 303.162506103515625 301.068756103515625 298.681243896484375 297.837493896484375 290.89373779296875 279.65625 264.54998779296875 249.2687530517578125 235.837493896484375 246.2624969482421875 264.39373779296875 274.98126220703125 272.912506103515625 261.306243896484375 244.649993896484375 230.7937469482421875 220.8874969482421875 213.4375 210.837493896484375
217.193756103515625 218.056243896484375 223.9250030517578125 233.09375 243.9875030517578125 256.931243896484375 270.59375 284.375 294.45001220703125 297.993743896484375 299.1875 298.193756103515625 300.53125 306.618743896484375 308.931243896484375 304.98126220703125 303.4375 303.631256103515625 306.381256103515625 309.73748779296875 308.59375 308.48126220703125 309.14373779296875 308.75 308.962493896484375 309.899993896484375 310.45001220703125 306.243743896484375 300.48748779296875 295.0625 284.068756103515625 272.01873779296875 261.524993896484375 254.381256103515625 250.1437530517578125 259.100006103515625 277.256256103515625 290.412506103515625 287.70001220703125 272.76873779296875 253.3249969482421875 237.850006103515625 226.3000030517578125 217.4875030517578125 213.96875
208.712493896484375 209.7062530517578125 214.3312530517578125 223.5124969482421875 236.0124969482421875 251.131256103515625 265.60626220703125 280.48126220703125 292.943756103515625 292.13751220703125 285.36248779296875 275.40625 269.92498779296875 274.1875 283.59375 289.59375 292.662506103515625 296.431243896484375 300.681243896484375 304.556243896484375 304.975006103515625 304.912506103515625 305.13751220703125 305.29376220703125 308.48126220703125 312.98126220703125 314.86248779296875 309.899993896484375 301.65625 291.64373779296875 278.881256103515625 267.837493896484375 265.068756103515625 263.962493896484375 266.26251220703125 274.14373779296875 291.78125 311.618743896484375 305.975006103515625 282.59375 259.712493896484375 243.5749969482421875 229.3312530517578125 219.4375 215.8249969482421875
200.3312530517578125 200.2687530517578125 203.8562469482421875 213.5124969482421875 227.4812469482421875 242.587493896484375 258.13751220703125 273.100006103515625 283.568756103515625 280.506256103515625 271.212493896484375 259.818756103515625 246.568756103515625 253.662506103515625 268.537506103515625 278.48748779296875 284.712493896484375 290.61248779296875 296.462493896484375 301.67498779296875 301.412506103515625 301.26251220703125 301.6875 301.70001220703125 306.60626220703125 311.787506103515625 315.287506103515625 309.481231689453125 300.774993896484375 292.618743896484375 282.53125 274.66876220703125 274.024993896484375 275.57501220703125 279.568756103515625 286.76251220703125 300.17498779296875 315.5625 308.48126220703125 284.975006103515625 261.40625 244.0500030517578125 229.493743896484375 219.162506103515625 217.162506103515625
193.118743896484375 192.6999969482421875 195.0749969482421875 206.6999969482421875 222.962493896484375 237.0437469482421875 250.6875 263.399993896484375 270.21875 269.46875 263.26873779296875 254.9375 248.274993896484375 252.225006103515625 262.587493896484375 272.76251220703125 280.54376220703125 288.662506103515625 294.75 298.48126220703125 298.10626220703125 296.58123779296875 296.306243896484375 295.912506103515625 300.53125 307.85626220703125 309.92498779296875 308.29376220703125 302.21875 297.662506103515625 291.42498779296875 287.287506103515625 286.006256103515625 287.64373779296875 290.95623779296875 293.993743896484375 301.381256103515625 304.399993896484375 296.256256103515625 278.881256103515625 257.88751220703125 241.462493896484375 227.4875030517578125 218.5437469482421875 215.787506103515625
189.962493896484375 192.0500030517578125 195.868743896484375 206.90625 219.806243896484375 232.65625 244.3000030517578125 253.7062530517578125 258.9375 259.693756103515625 257.98126220703125 255.306243896484375 252.96875 255.524993896484375 262.46875 271.03125 279.41876220703125 288.11248779296875 294.612518310546875 297.743743896484375 297.506256103515625 293.3125 291.23748779296875 288.32501220703125 294.21875 303.76251220703125 308.993743896484375 308.79998779296875 306.16876220703125 302.01251220703125 300.899993896484375 299.70623779296875 299.45623779296875 298.60626220703125 299.95623779296875 299.006256103515625 299.54376220703125 296.037506103515625 286.256256103515625 270.662506103515625 252.5749969482421875 237.0625 222.90625 214.9812469482421875 215.7937469482421875
186.368743896484375 188.8312530517578125 195.5 205.399993896484375 215.943756103515625 227.3625030517578125 238.1437530517578125 245.625 250.649993896484375 254.4562530517578125 256.23748779296875 257.14373779296875 258.03125 261.33123779296875 266.86248779296875 274.524993896484375 282.287506103515625 290.756256103515625 298.1875 300.15625 297.98748779296875 295.21875 289.71875 285.1875 294.08123779296875 303.60626220703125 308.681243896484375 309.931243896484375 309.25 307.631256103515625 308.899993896484375 308.993743896484375 309.98126220703125 308.17498779296875 305.98748779296875 303.01873779296875 299.71875 291.98748779296875 279.79998779296875 265.506256103515625 248.412506103515625 233.068756103515625 220.2687530517578125 213.524993896484375 220.493743896484375
183.53125 185.1062469482421875 193.4812469482421875 203.337493896484375 213.3312530517578125 223.006256103515625 232.3000030517578125 239.375 245.3562469482421875 250.131256103515625 254.274993896484375 258.13751220703125 261.01873779296875 265.350006103515625 270.95623779296875 278.23126220703125 285.462493896484375 296.16876220703125 301.806243896484375 305.306243896484375 305.625 301.962493896484375 301.725006103515625 298.26873779296875 302.818756103515625 309.225006103515625 312.71875 312.912506103515625 312.743743896484375 313.881256103515625 314.48748779296875 314.78125 315.118743896484375 312.33123779296875 309.693756103515625 304.98126220703125 298.318756103515625 289.725006103515625 277.931243896484375 262.881256103515625 247.3000030517578125 233.3562469482421875 220.1062469482421875 215.0625 231.274993896484375
179.3000030517578125 180.8937530517578125 189.8125 200.6374969482421875 210.6125030517578125 219.1875 226.318756103515625 234.0625 240.21875 246.4812469482421875 252.787506103515625 258.125 263.13751220703125 270.23126220703125 276.625 284.681243896484375 294.337493896484375 303.51873779296875 310.26251220703125 314.21875 314.82501220703125 313.16876220703125 314.493743896484375 312.39373779296875 313.962493896484375 317.131256103515625 318.88751220703125 318.1875 318.36248779296875 319.48748779296875 318.96875 318.431243896484375 317.981231689453125 316.193756103515625 313.693756103515625 307.01873779296875 299.98126220703125 290.45623779296875 279.125 264.225006103515625 247.3687591552734375 235.1750030517578125 226.28125 227.3687591552734375 244.881256103515625
176.1687469482421875 177.5187530517578125 187.1875 198.4375 207.6875 214.8937530517578125 221.318756103515625 229.287506103515625 236.0437469482421875 242.6999969482421875 250.9187469482421875 259.04376220703125 266.58123779296875 275.34375 283.756256103515625 291.993743896484375 300.962493896484375 311.306243896484375 319.95623779296875 322.96875 323.66876220703125 325.056243896484375 326.28125 323.41876220703125 323.98126220703125 325.837493896484375 325.42498779296875 323.34375 322.58123779296875 322.787506103515625 323.162506103515625 322.625 321.03125 320.34375 317.524993896484375 310.868743896484375 302.91876220703125 294.91876220703125 283.756256103515625 270.73748779296875 257.48126220703125 249.28125 244.5812530517578125 247.3874969482421875 257.88751220703125
171.443756103515625 172.649993896484375 180.962493896484375 191.662506103515625 201.40625 207.3625030517578125 214.90625 222.993743896484375 230.681243896484375 239.100006103515625 249.274993896484375 259.368743896484375 269.36248779296875 279.09375 289.08123779296875 298.056243896484375 308.23748779296875 319.649993896484375 328.725006103515625 332.33123779296875 332.90625 334.10626220703125 337.14373779296875 333.73126220703125 332.412506103515625 334.4375 332.70623779296875 329.1875 328.07501220703125 327.243743896484375 327.537506103515625 327.26251220703125 325.175018310546875 324.26251220703125 321.61248779296875 314.925018310546875 306.668731689453125 299.9375 291.056243896484375 279.806243896484375 269.82501220703125 265.04998779296875 263.375 264.34375 273.01873779296875
165.631256103515625 166.15625 173.100006103515625 181.5500030517578125 189.2312469482421875 197.068756103515625 206.8000030517578125 215.212493896484375 224.2624969482421875 234.125 245.6687469482421875 257.67498779296875 269.993743896484375 282.837493896484375 294.10626220703125 303.725006103515625 312.681243896484375 323.412506103515625 331.09375 336.4375 337.693756103515625 339.95001220703125 344.26251220703125 340.73748779296875 340.5625 341.26251220703125 337.756256103515625 334.11248779296875 330.86248779296875 331.38751220703125 331.65625 331.337493896484375 329.70001220703125 328.76251220703125 326.443756103515625 319.16876220703125 312.8125 304.693756103515625 296.14373779296875 287.71875 282.85626220703125 281.431243896484375 282.26251220703125 286.88751220703125 295.64373779296875
163.1437530517578125 163.337493896484375 168.8562469482421875 174.9562530517578125 179.9562530517578125 187.381256103515625 195.5124969482421875 203.7687530517578125 213.006256103515625 225.756256103515625 240.868743896484375 255.5 272.21875 289.100006103515625 299.88751220703125 308.91876220703125 316.868743896484375 325.037506103515625 331.506256103515625 337.256256103515625 339.35626220703125 341.96875 345.506256103515625 344.381256103515625 343.71875 344.51873779296875 340.63751220703125 335.07501220703125 331.931243896484375 334.649993896484375 335.35626220703125 334.51251220703125 334 334.225006103515625 331.75 326.018768310546875 319.618743896484375 312.4375 304.5 301.537506103515625 298.64373779296875 299.71875 303.475006103515625 311.131256103515625 325.850006103515625
160.8000030517578125 160.8562469482421875 164.431243896484375 168.4187469482421875 171.037506103515625 177.524993896484375 184.681243896484375 191.7937469482421875 202.193756103515625 215.3625030517578125 232.59375 252.931243896484375 274.4375 293.57501220703125 304.6875 312.71875 321.056243896484375 328.45001220703125 332.774993896484375 336.774993896484375 339.399993896484375 342.524993896484375 346.131256103515625 344.975006103515625 344.53125 344.51251220703125 340.193756103515625 336.0625 334.20001220703125 336.21875 338.875 339.46875 339.04998779296875 340.243743896484375 338.63751220703125 333.26251220703125 326.568756103515625 318.818756103515625 314.912506103515625 313.787506103515625 312.243743896484375 315.8125 322.20623779296875 331.899993896484375 348.15625
159.9875030517578125 159.28125 161.2312469482421875 162.7312469482421875 164.1437530517578125 169.6062469482421875 174.837493896484375 180.7375030517578125 190.0437469482421875 204.40625 224.850006103515625 249.28125 276.931243896484375 300.26251220703125 310.98748779296875 317.48748779296875 324.34375 329.524993896484375 332.962493896484375 334.48126220703125 337.95623779296875 341.25 344.79376220703125 343.462493896484375 343.399993896484375 341.975006103515625 339.193756103515625 336.4375 334.943756103515625 337.13751220703125 340.881256103515625 343.98748779296875 344.743743896484375 345.23748779296875 343.899993896484375 338.743743896484375 331.51251220703125 327.25 325.20001220703125 323.95001220703125 324.17498779296875 327.837493896484375 335.23748779296875 344.712493896484375 357.98748779296875
163.8562469482421875 162.350006103515625 163.2624969482421875 163.7687530517578125 164.337493896484375 167.556243896484375 171.375 174.725006103515625 181.662506103515625 193.618743896484375 214.5124969482421875 243.350006103515625 275.006256103515625 301.024993896484375 313.193756103515625 320.79998779296875 326.693756103515625 330.318756103515625 332.10626220703125 332.28125 334.01251220703125 337.318756103515625 339.462493896484375 337.381256103515625 336.92498779296875 336.79998779296875 334.556243896484375 332.95001220703125 332.86248779296875 336.09375 341.71875 345.774993896484375 348.61248779296875 350.41876220703125 349.79998779296875 344.40625 341.256256103515625 336.85626220703125 333.40625 332.65625 333.475006103515625 337.51873779296875 343.368743896484375 351.875 361.23748779296875
168.4499969482421875 166.443756103515625 166.1437530517578125 165.975006103515625 165.78125 167.875 170.631256103515625 171.9499969482421875 175.4499969482421875 181.681243896484375 204.8125 241.837493896484375 274.82501220703125 299.149993896484375 313.225006103515625 322.493743896484375 328.912506103515625 330.98748779296875 331.012481689453125 329.29998779296875 330.3125 330.875 332.381256103515625 330.212493896484375 330.01251220703125 330.73126220703125 329.649993896484375 329.818756103515625 330.73748779296875 335.54998779296875 342.131256103515625 347.600006103515625 352.3125 355.70001220703125 356.074981689453125 352.4375 349.037506103515625 344.42498779296875 341.79998779296875 339.96875 338.868743896484375 342.16876220703125 348.51873779296875 355.225006103515625 361.70623779296875
171.774993896484375 169.40625 168.5812530517578125 168.4250030517578125 168.1999969482421875 170.3937530517578125 172.2375030517578125 173.381256103515625 176.90625 180.806243896484375 213.75 251.9562530517578125 279.29998779296875 300.381256103515625 314.493743896484375 324.23748779296875 330.33123779296875 331.91876220703125 331.131256103515625 328.07501220703125 326.568756103515625 324.58123779296875 324.15625 322.149993896484375 322.149993896484375 323.8125 323.462493896484375 324.79998779296875 327.32501220703125 334.29998779296875 341.431243896484375 347.04376220703125 352.95623779296875 358.212493896484375 359.73748779296875 357.29376220703125 353.131256103515625 349.693756103515625 347.46875 344.806243896484375 342.318756103515625 345.73748779296875 349.5 352.98126220703125 358.86248779296875
168.15625 165.6750030517578125 166.381256103515625 167.381256103515625 168.6999969482421875 172.2687530517578125 175.725006103515625 181.09375 192.4812469482421875 213.9875030517578125 252.9187469482421875 273.04998779296875 289.40625 306.0625 318.34375 326.806243896484375 333.28125 332.712493896484375 330.07501220703125 326.20001220703125 320.84375 316.868743896484375 315.20623779296875 313.625 313.79376220703125 315.837493896484375 317.625 320.78125 325.256256103515625 333.631256103515625 340.51873779296875 345.8125 350.63751220703125 353.818756103515625 358.08123779296875 355.837493896484375 351.26251220703125 348.21875 344.79998779296875 340.15625 337.41876220703125 339.037506103515625 340.86248779296875 344.66876220703125 349.40625
163.399993896484375 162.118743896484375 163.8312530517578125 165.681243896484375 169.4375 175.381256103515625 181.818756103515625 191.712493896484375 208.431243896484375 232.40625 260.20001220703125 281.725006103515625 297.337493896484375 312.068756103515625 322.431243896484375 330.818756103515625 336.65625 335.34375 329.79998779296875 323.618743896484375 313.5625 307.962493896484375 304.975006103515625 303.66876220703125 305.01873779296875 307.54998779296875 311.375 317.01251220703125 322.6875 330.662506103515625 336.95001220703125 343.693756103515625 349.63751220703125 352.350006103515625 353.537506103515625 351.35626220703125 347.162506103515625 343.625 339.23126220703125 333.6875 330.73126220703125 331.125 331.17498779296875 333.5 337.71875
