data/historical-monthly-weather-data/wc2.1_cruts4.09_10m_prec_1983-10.asc
ncols        51
nrows        45
xllcorner    -63.500000000000
yllcorner    -7.500000000000
cellsize     0.166666666667
NODATA_value -9999
[rows 20 to 39 of 45, columns 0 to 43 of 51]
153.3249969482421875 155.8937530517578125 161.806243896484375 167.78125 173.587493896484375 180.806243896484375 188.0812530517578125 193.287506103515625 195.131256103515625 193.4875030517578125 189.5812530517578125 183.4499969482421875 177.2062530517578125 170.381256103515625 168.149993896484375 166.568756103515625 164.4187469482421875 164.7062530517578125 169.15625 172.9562530517578125 179.2624969482421875 187.78125 196.3874969482421875 201.9562530517578125 205.399993896484375 203.9812469482421875 195.287506103515625 180.75 166.337493896484375 154.350006103515625 145.4187469482421875 142.318756103515625 141.962493896484375 143.5562591552734375 145.25 135.943756103515625 125.84999847412109375 119.49375152587890625 113.88124847412109375 108.3312530517578125 102.25 95.5124969482421875 87.09375 79.11875152587890625
149.212493896484375 154.65625 162.7687530517578125 170.806243896484375 178.850006103515625 187.78125 196.131256103515625 202.962493896484375 206.024993896484375 203.5124969482421875 197.6437530517578125 189.993743896484375 182.6374969482421875 176.5625 173.1999969482421875 171.443756103515625 170.475006103515625 170.975006103515625 173.875 177.649993896484375 180.8937530517578125 187.1125030517578125 194.78125 198.274993896484375 199.3000030517578125 197.9124908447265625 192.600006103515625 182.8187408447265625 173.46875 164.881256103515625 157.6875 153.8125 152.618743896484375 153.4875030517578125 152.181243896484375 144.4499969482421875 134.1125030517578125 125.28749847412109375 118.0812530517578125 112 105.5500030517578125 98.78125 91.40000152587890625 83.59375
147.375 155.943756103515625 166.0500030517578125 175.6999969482421875 184.3312530517578125 194.0749969482421875 203.787506103515625 212.8249969482421875 218.4812469482421875 213.837493896484375 206.056243896484375 196.350006103515625 189.087493896484375 183.9187469482421875 180.100006103515625 177.712493896484375 176.506256103515625 177.75 179.8249969482421875 182.287506103515625 185.399993896484375 188.8625030517578125 193.368743896484375 195.6374969482421875 195.506256103515625 192.0749969482421875 189.0187530517578125 184.875 178.03125 172.125 167.6687469482421875 164.6687469482421875 162.243743896484375 161.625 158.931243896484375 150.806243896484375 140.712493896484375 130.4499969482421875 122.58750152587890625 117.44374847412109375 111.40000152587890625 104.52500152587890625 97.1125030517578125 89.02500152587890625
148.3249969482421875 159.837493896484375 172.40625 181.712493896484375 190.337493896484375 199.774993896484375 208.625 217.75 222.506256103515625 218.2624969482421875 209.631256103515625 200.9375 193.9875030517578125 188.850006103515625 185.8874969482421875 183.6750030517578125 182.931243896484375 183.8312530517578125 185.2062530517578125 186.818756103515625 189.46875 192.8312530517578125 194.787506103515625 195.100006103515625 193.131256103515625 187.725006103515625 182.962493896484375 182.125 180.4499969482421875 177.431243896484375 174.431243896484375 171.818756103515625 169.6750030517578125 167.943756103515625 165.1687469482421875 158.443756103515625 149.225006103515625 138.931243896484375 131.34375 125.25 118.9375 111.99375152587890625 104.1687469482421875 95.4812469482421875
154.306243896484375 166.6750030517578125 180.287506103515625 188.368743896484375 196.46875 204.6437530517578125 211.943756103515625 218.431243896484375 221.225006103515625 219.0625 213.462493896484375 205.975006103515625 199.8000030517578125 194.9499969482421875 192.131256103515625 190.725006103515625 189.875 190.5749969482421875 191.5187530517578125 192.818756103515625 194.5749969482421875 195.7062530517578125 197.631256103515625 196.381256103515625 193.9562530517578125 190.912506103515625 186.5500030517578125 184.96875 183.743743896484375 181.5812530517578125 178.9562530517578125 175.7375030517578125 174.8937530517578125 173.125 170.9499969482421875 164.493743896484375 157.600006103515625 150.212493896484375 142.181243896484375 135.8249969482421875 129 121.34375 112.91249847412109375 104.4187469482421875
161.8562469482421875 173.3874969482421875 183.6437530517578125 193.024993896484375 200.6374969482421875 207.3937530517578125 213.3000030517578125 218.1687469482421875 220.756256103515625 220.381256103515625 215.225006103515625 209.912506103515625 204.375 199.9562530517578125 198.4187469482421875 197.337493896484375 197.1437530517578125 197.25 198.1125030517578125 199.006256103515625 200.2062530517578125 200.443756103515625 201.381256103515625 199.8562469482421875 197.7375030517578125 195.46875 192.2375030517578125 189.399993896484375 187.337493896484375 185.3874969482421875 181.53125 179.53125 179.5500030517578125 178.118743896484375 177.0749969482421875 171.8312530517578125 166.3625030517578125 161.15625 153.931243896484375 147.3562469482421875 140.4250030517578125 132.4875030517578125 123.34375 114.49375152587890625
167.8874969482421875 175.212493896484375 183.931243896484375 192.1750030517578125 199.2624969482421875 206.0124969482421875 211.2624969482421875 215.6999969482421875 217.412506103515625 216.71875 215.09375 211.3562469482421875 207.1687469482421875 203.712493896484375 202.3249969482421875 202.225006103515625 201.5124969482421875 202.431243896484375 203.056243896484375 203.662506103515625 204.7312469482421875 204.6062469482421875 204.756256103515625 204.5812530517578125 201.774993896484375 199.475006103515625 195.75 192.3937530517578125 190.0437469482421875 187.4375 184.8375091552734375 181.681243896484375 182.8562469482421875 183.056243896484375 182.337493896484375 178.868743896484375 175.0812530517578125 171.2375030517578125 165.4499969482421875 160.2375030517578125 153.8625030517578125 146.0500030517578125 136.8000030517578125 127.16249847412109375
172.71875 177.4250030517578125 184.46875 191.6875 197.9250030517578125 203.96875 209.4875030517578125 213.1125030517578125 214.5437469482421875 215.0437469482421875 213.962493896484375 211.4875030517578125 209.1750030517578125 206.0124969482421875 205.6687469482421875 206.024993896484375 206.5 206.6062469482421875 207.7312469482421875 209.1999969482421875 209.337493896484375 208.90625 209.743743896484375 208.2062530517578125 205.34375 203.15625 199.6875 196.15625 192.0812530517578125 189.0812530517578125 185.693756103515625 183.25 185.34375 186.6750030517578125 188.25 185.618743896484375 182.681243896484375 181.34375 176.556243896484375 173.0749969482421875 169.475006103515625 161.006256103515625 149.9187469482421875 140.78125
177.2312469482421875 180.181243896484375 185.100006103515625 191.412506103515625 196.850006103515625 201.5187530517578125 205.850006103515625 209.712493896484375 211.631256103515625 213.350006103515625 213.850006103515625 212.399993896484375 210.587493896484375 208.1687469482421875 208.8625030517578125 209.618743896484375 210.875 211.287506103515625 212.212493896484375 213.7062530517578125 213.287506103515625 213.1062469482421875 213.4812469482421875 211.306243896484375 208.2062530517578125 206.225006103515625 202.4250030517578125 198.28125 194.9499969482421875 191.0749969482421875 186.693756103515625 184.2624969482421875 187.1875 189.8312530517578125 192.568756103515625 191.662506103515625 190.1125030517578125 189.287506103515625 185.0625 182.556243896484375 180.931243896484375 172.399993896484375 161.318756103515625 154.1687469482421875
180.71875 182.3937530517578125 185.5187530517578125 188.9187469482421875 193.1374969482421875 196.337493896484375 200.5812530517578125 204.96875 208.15625 209.9562530517578125 212.1750030517578125 211.368743896484375 211.25 210.225006103515625 210.912506103515625 212.431243896484375 212.837493896484375 214.381256103515625 215.0625 215.2375030517578125 215.4562530517578125 215.4562530517578125 215.1187591552734375 211.931243896484375 209.1875 207.8000030517578125 203.5437469482421875 198.7687530517578125 194.3249969482421875 190.8249969482421875 187.7312469482421875 185.649993896484375 188.6812591552734375 192.4187469482421875 195.381256103515625 195.375 194.71875 195.2937469482421875 190 186.693756103515625 185.21875 181.1062469482421875 173.443756103515625 169.225006103515625
183.4187469482421875 183.6875 185.462493896484375 186.162506103515625 188.90625 192.8562469482421875 196.6687469482421875 200.90625 204.0749969482421875 206.4562530517578125 210.0124969482421875 211.087493896484375 212.774993896484375 212.9562530517578125 213.0749969482421875 214.5437469482421875 215.806243896484375 216.5625 217.09375 217.6312408447265625 217.0625 217.037506103515625 216.65625 213.0062408447265625 209.9812469482421875 207.6062469482421875 203.15625 198.056243896484375 193.212493896484375 190.1374969482421875 188.274993896484375 186.9187469482421875 190.243743896484375 194.6062469482421875 198.15625 198.193756103515625 198.837493896484375 200.375 194.6125030517578125 187.0124969482421875 186.7375030517578125 187.274993896484375 184.9250030517578125 181.600006103515625
184.725006103515625 184.037506103515625 183.59375 184.09375 186.8000030517578125 188.8937530517578125 192.1875 196.28125 199.7687530517578125 203.1374969482421875 207.131256103515625 210.03125 212.25 214.181243896484375 215.6437530517578125 216.931243896484375 217.068756103515625 216.84375 218.537506103515625 219.0437469482421875 218.1999969482421875 217.806243896484375 217.306243896484375 213.024993896484375 209.8562469482421875 206.71875 201.8562469482421875 196.693756103515625 191.568756103515625 189.6374969482421875 188.4562530517578125 187.350006103515625 191.181243896484375 196.4187469482421875 199.6875 200.8874969482421875 202.6374969482421875 204.756256103515625 198.4562530517578125 193.0812530517578125 194.625 197.25 196.5500030517578125 195.6999969482421875
186.537506103515625 185.068756103515625 183.6437530517578125 183.6125030517578125 184.149993896484375 185.21875 187.068756103515625 189.6687469482421875 193.0437469482421875 197.3249969482421875 204.868743896484375 208.162506103515625 212.5374908447265625 216.6687469482421875 217.6374969482421875 217.631256103515625 216.443756103515625 216.462493896484375 217.4562530517578125 217.9187469482421875 216.7624969482421875 216 214.8000030517578125 211.09375 207.493743896484375 204.0437469482421875 199.125 193.537506103515625 188.6750030517578125 188.3874969482421875 188.068756103515625 188.037506103515625 190.5500030517578125 195.912506103515625 200.975006103515625 204.318756103515625 206.1999969482421875 207.375 204.0124969482421875 204.443756103515625 207.625 210.225006103515625 211.5187530517578125 212.006256103515625
186.9812469482421875 185.7062530517578125 184.056243896484375 183 181.212493896484375 181.34375 181.868743896484375 183.3125 185.7687530517578125 190.7624969482421875 197.837493896484375 205.3874969482421875 213.4562530517578125 217.212493896484375 218.53125 217.4562530517578125 215.6999969482421875 215.8249969482421875 215.524993896484375 216.399993896484375 214.7937469482421875 213.4375 211.9499969482421875 207.28125 204.118743896484375 200.6437530517578125 195.118743896484375 189.537506103515625 185.318756103515625 185.875 187.25 188.712493896484375 192.256256103515625 196.306243896484375 202.28125 206.0500030517578125 208.193756103515625 210.149993896484375 210.96875 214.662506103515625 218.2312469482421875 222.056243896484375 226.4375 229.381256103515625
187.212493896484375 186.4250030517578125 183.381256103515625 181.4375 178.5437469482421875 177.4875030517578125 176.625 177.15625 178.193756103515625 183.0187530517578125 191.475006103515625 201.5749969482421875 212.5 219.4375 218.381256103515625 216.5 214.3937530517578125 214.09375 213.850006103515625 213.4875030517578125 212.037506103515625 209.868743896484375 208.006256103515625 202.931243896484375 199.5500030517578125 196.0500030517578125 191.037506103515625 186.25 182.243743896484375 183.399993896484375 185.537506103515625 188.5124969482421875 192.381256103515625 197.3687591552734375 202.375 205.6437530517578125 208.350006103515625 213.068756103515625 216.5749969482421875 221.5 226.8125 231.0437469482421875 237.087493896484375 241.59375
186.375 185.4187469482421875 182.9187469482421875 179.8625030517578125 176.8249969482421875 175.225006103515625 172.912506103515625 171.6750030517578125 171.368743896484375 174.2312469482421875 183.181243896484375 194.84375 207.90625 215.6750030517578125 215.625 213.5187530517578125 210.962493896484375 210.8312530517578125 210.5 209.537506103515625 208.0187530517578125 206.037506103515625 202.662506103515625 198.006256103515625 194.40625 190.556243896484375 185.899993896484375 181.787506103515625 178.399993896484375 180.6437530517578125 183.28125 186.6687469482421875 190.681243896484375 196.34375 200.4812469482421875 203.243743896484375 208.875 213.28125 217.600006103515625 222.725006103515625 229.006256103515625 234.0437469482421875 237.8249969482421875 243.4375
185.5187530517578125 184.537506103515625 181.9812469482421875 178.9875030517578125 175.875 173.09375 169.71875 166.9250030517578125 164.71875 164.0625 173.8874969482421875 190.368743896484375 202.149993896484375 208.875 210.381256103515625 209.3562469482421875 206.7312469482421875 206.568756103515625 205.6062469482421875 204.0500030517578125 202.118743896484375 199.59375 196.806243896484375 191.90625 187.962493896484375 184.5124969482421875 180.318756103515625 176.9812469482421875 174.8000030517578125 177.4562530517578125 181.0749969482421875 184.1374969482421875 189.46875 195.0625 198.1750030517578125 202.943756103515625 208.3249969482421875 213.9875030517578125 218.412506103515625 223.03125 228.8937530517578125 232.350006103515625 237.3625030517578125 243.8249969482421875
184.8625030517578125 183.9375 181.1875 178.2750091552734375 175.3562469482421875 171.90625 168.90625 165.5187530517578125 163.03125 159.9187469482421875 174.243743896484375 190.4187469482421875 199.0187530517578125 204.837493896484375 205.931243896484375 205.0187530517578125 202.34375 201.756256103515625 200.7624969482421875 198.493743896484375 195.75 192.118743896484375 189.0500030517578125 184.243743896484375 181.1750030517578125 178.1999969482421875 174.4562530517578125 171.993743896484375 170.587493896484375 174.1374969482421875 177.4312591552734375 181.6437530517578125 187.243743896484375 192.2937469482421875 196.5437469482421875 200.6750030517578125 207.131256103515625 212.3625030517578125 218.1125030517578125 223.40625 226.875 231.431243896484375 235 240.100006103515625
184.899993896484375 183.5749969482421875 181.337493896484375 178.5749969482421875 175.6750030517578125 172.5187530517578125 169.8625030517578125 168.806243896484375 168.931243896484375 174.787506103515625 189.3562469482421875 195.4250030517578125 198.6125030517578125 201.9499969482421875 203.212493896484375 202.631256103515625 200.212493896484375 198.7687530517578125 196.243743896484375 193.850006103515625 189.3874969482421875 185.0625 181.84375 177.649993896484375 174.3874969482421875 172.568756103515625 170.625 169.568756103515625 168.850006103515625 172.162506103515625 176.5187530517578125 180.4875030517578125 185.118743896484375 189.6750030517578125 195.3000030517578125 200.568756103515625 205.087493896484375 210.1875 215.337493896484375 217.4499969482421875 221.1875 224.8874969482421875 227.1125030517578125 231.193756103515625
185.4749908447265625 183.9499969482421875 182.056243896484375 179.693756103515625 176.662506103515625 174.6999969482421875 172.475006103515625 173.006256103515625 175.125 181.274993896484375 189.3562469482421875 195.162506103515625 198.462493896484375 200.225006103515625 201.524993896484375 200.524993896484375 198.537506103515625 196.3937530517578125 192.537506103515625 188.350006103515625 183.0124969482421875 177.7687530517578125 173.6750030517578125 170.118743896484375 168.443756103515625 167.100006103515625 166.4375 166.9812469482421875 167.568756103515625 171.0187530517578125 174.6875 179.3249969482421875 185.368743896484375 189.84375 195.681243896484375 199.5812530517578125 202.8000030517578125 207.024993896484375 211.5625 211.65625 213.6125030517578125 216.868743896484375 218.2375030517578125 221.006256103515625
