data/historical-monthly-weather-data/wc2.1_cruts4.09_10m_prec_2017-10.asc
ncols        45
nrows        45
xllcorner    -63.500000000000
yllcorner    -7.500000000000
cellsize     0.166666666667
NODATA_value -9999
[rows 0 to 19 of 45, columns 0 to 43 of 45]
25.456249237060546875 18.049999237060546875 15.649999618530273438 14.337499618530273438 13.375 15.118749618530273438 17.037500381469726562 19.21875 23.387500762939453125 27.981250762939453125 33.09999847412109375 39.6875 46.174999237060546875 51.96250152587890625 58.59999847412109375 65.0124969482421875 70.8625030517578125 74.53125 78.1875 81.2312469482421875 82.44374847412109375 82.8874969482421875 83.5749969482421875 84.40625 85.5437469482421875 86.9562530517578125 88.4812469482421875 90.30625152587890625 92.40000152587890625 93.5812530517578125 94.93125152587890625 96.28749847412109375 97.2375030517578125 98.4375 99.71875 99.1750030517578125 98.19374847412109375 96.7937469482421875 93.8937530517578125 90.52500152587890625 86.9812469482421875 82.84375 77.86875152587890625 72.5187530517578125
24.037500381469726562 16.787500381469726562 14.543749809265136719 13.293749809265136719 12.59375 14.881250381469726562 17.556249618530273438 20.662500381469726562 26.112499237060546875 31.75 37.55625152587890625 44.450000762939453125 51.112499237060546875 57.24375152587890625 63.637500762939453125 69.9250030517578125 75.22499847412109375 80.11875152587890625 84.9562530517578125 89.25624847412109375 90.3000030517578125 91.0437469482421875 91.8562469482421875 92.7937469482421875 93.81874847412109375 94.55625152587890625 96.06874847412109375 97.55625152587890625 98.90000152587890625 98.9187469482421875 100.25 101.90625 102.8625030517578125 104.2624969482421875 104.83750152587890625 103.30625152587890625 101.93125152587890625 99.68125152587890625 96.0500030517578125 91.72499847412109375 87.3937530517578125 82.63124847412109375 77.02500152587890625 70.96875
23.78125 17.28125 15.774999618530273438 15.393750190734863281 15.600000381469726562 19.181249618530273438 23.412500381469726562 28.149999618530273438 34.84999847412109375 41.40625 47.56874847412109375 54.106250762939453125 60.21250152587890625 65.68125152587890625 71.38124847412109375 76.8874969482421875 81.86875152587890625 86.1687469482421875 90.30625152587890625 94.1062469482421875 95.3312530517578125 96.8625030517578125 98.05625152587890625 99.15625 100.34375 101.6125030517578125 102.65625 103.77500152587890625 103.8937530517578125 103.8249969482421875 104.96250152587890625 105.75 106.22499847412109375 107.38124847412109375 107.8562469482421875 106.0812530517578125 104.06874847412109375 101.81874847412109375 97.69374847412109375 92.55625152587890625 87.4562530517578125 82.16249847412109375 76.2937469482421875 70.2687530517578125
23.524999618530273438 17.725000381469726562 17.256250381469726562 17.637500762939453125 18.881250381469726562 23.881250381469726562 29.962499618530273438 36.75624847412109375 45.21875 53.03749847412109375 59.231250762939453125 64.80625152587890625 69.86249542236328125 74.5437469482421875 79.8562469482421875 84.52500152587890625 88.70624542236328125 92.36875152587890625 95.7687530517578125 99.06874847412109375 100.7937469482421875 102.1374969482421875 103.1999969482421875 104.8874969482421875 106.3625030517578125 107.61875152587890625 108.2312469482421875 108.5749969482421875 108.41249847412109375 107.78125 108.31874847412109375 109.0625 108.44374847412109375 108.49375152587890625 108.0500030517578125 107.21875 105.58750152587890625 103.15625 98.625 92.8937530517578125 86.36875152587890625 80.90625 74.94374847412109375 69.02500152587890625
24.443750381469726562 18.662500381469726562 18.537500381469726562 19.693750381469726562 22.018749237060546875 28.40625 36.106250762939453125 44.80625152587890625 55.5 65.46875 70.9499969482421875 74.65000152587890625 78.8249969482421875 83.16249847412109375 87.66249847412109375 91.5500030517578125 95.3125 97.61875152587890625 99.99375152587890625 102.59375 105.1374969482421875 106.6374969482421875 107.97499847412109375 110.19374847412109375 111.93125152587890625 113.34375 112.90625 113.1687469482421875 113.1687469482421875 111.25624847412109375 110.96875 110.86875152587890625 110.2375030517578125 109.72499847412109375 109.28125 108 106.46875 104.38124847412109375 99.00624847412109375 92.4812469482421875 85.21875 79.00624847412109375 73.1750030517578125 67.1687469482421875
26.143749237060546875 21.018749237060546875 21.337499618530273438 22.787500381469726562 26.231250762939453125 33.481250762939453125 41.65625 50.762500762939453125 61.8125 72.875 77.2624969482421875 80.30625152587890625 84.625 88.7624969482421875 92.74375152587890625 96.78749847412109375 99.9250030517578125 101.8625030517578125 104.15625 106.44374847412109375 109.24375152587890625 111.4375 113.3562469482421875 114.69374847412109375 116.2312469482421875 117.28125 116.1437530517578125 115.2375030517578125 115.13124847412109375 112.5812530517578125 111.66249847412109375 111.7937469482421875 110.5 109.78749847412109375 109.16249847412109375 108.4375 107.3874969482421875 106.22499847412109375 101.65000152587890625 94.06874847412109375 85.0812530517578125 78.8125 72.6687469482421875 67
28.568750381469726562 23.993749618530273438 25.162500381469726562 27.356250762939453125 31.318750381469726562 38.325000762939453125 46.112499237060546875 54.15000152587890625 62.8125 70.77500152587890625 77.53749847412109375 83 88.43125152587890625 93.36875152587890625 97.27500152587890625 101.24375152587890625 104.4375 105.86875152587890625 107.53749847412109375 110.0437469482421875 113.49375152587890625 116.3874969482421875 118.4875030517578125 119.71250152587890625 120.93125152587890625 121.3874969482421875 119.93125152587890625 117.9562530517578125 116.1999969482421875 113.7687530517578125 112.3312530517578125 111.41249847412109375 109.71250152587890625 108.93125152587890625 108.38124847412109375 107.46250152587890625 106.90000152587890625 106.19374847412109375 102.74375152587890625 93.77500152587890625 84.13124847412109375 77.03125 71.0625 65.8562469482421875
31.493749618530273438 27.381250381469726562 29.71875 33.31874847412109375 37.66249847412109375 44.34375 50.65625 55.924999237060546875 60.47499847412109375 66.7937469482421875 75.8125 83.71250152587890625 91.0437469482421875 97.0187530517578125 101.74375152587890625 105.5625 108.68125152587890625 109.9499969482421875 111.51250457763671875 114.27500152587890625 118.38124847412109375 121.61875152587890625 124.03125 125.21250152587890625 125.90625 125.34375 122.6687469482421875 119.3249969482421875 116.5625 112.8000030517578125 111.06874847412109375 110.06874847412109375 108.36875152587890625 107.3874969482421875 106.19374847412109375 105.18125152587890625 103.8625030517578125 102.69374847412109375 97.43125152587890625 89.0437469482421875 79.6750030517578125 72.4875030517578125 66.2062530517578125 60.84999847412109375
35.50624847412109375 32.31874847412109375 35.52500152587890625 39.737499237060546875 44.481250762939453125 50.63124847412109375 56.137500762939453125 59.543750762939453125 60.862499237060546875 64.8562469482421875 75.15000152587890625 84.5187530517578125 93.0625 99.6062469482421875 104.55625152587890625 108.6875 111.93125152587890625 114.68125152587890625 117.6875 120.5625 124.55625152587890625 128.1687469482421875 129.5500030517578125 130.850006103515625 130.225006103515625 128.2624969482421875 123.78749847412109375 120.72499847412109375 117.3625030517578125 112.46875 110.1437530517578125 108.375 105.8937530517578125 104.0749969482421875 102.15625 101.3125 100.15625 97.80625152587890625 91.375 83.43125152587890625 74.6062469482421875 67.0749969482421875 60.799999237060546875 54.762500762939453125
40.043750762939453125 37.731250762939453125 41.5625 46.581249237060546875 52.02500152587890625 58.21875 63.34999847412109375 66.40000152587890625 68.30625152587890625 72.25624847412109375 79.83750152587890625 87.78749847412109375 96.18125152587890625 103.06874847412109375 107.96250152587890625 112.16249847412109375 115.4875030517578125 119.77500152587890625 124.18125152587890625 129.03125 132.6687469482421875 135.5749969482421875 136.037506103515625 135.4375 132.7312469482421875 129.806243896484375 125.3874969482421875 120.9375 117.29375457763671875 112.05625152587890625 108.08750152587890625 105.6875 102.90625 100.93125152587890625 99.09375 97.83750152587890625 95.9375 92.91249847412109375 86.33750152587890625 77.96250152587890625 69.32500457763671875 61.693752288818359375 54.63124847412109375 48.40000152587890625
45.03749847412109375 43.59999847412109375 47.96875 53.625 59.731250762939453125 67.09375 72.69374847412109375 75.33750152587890625 77.625 81.52500152587890625 87.4375 93.8625030517578125 100.5187530517578125 107.24375152587890625 111.8312530517578125 115.4875030517578125 119.3125 124.86875152587890625 130.962493896484375 137.462493896484375 142.7624969482421875 144.443756103515625 143.25 139.1125030517578125 136.2375030517578125 133.412506103515625 128.6374969482421875 123.6437530517578125 118.28125 112.4250030517578125 107.81874847412109375 104.43125152587890625 101.34999847412109375 98.78749847412109375 96.0749969482421875 94.0187530517578125 91.59375 87.5749969482421875 80.77500152587890625 72.46250152587890625 63.943752288818359375 56.31874847412109375 49.5 42.91249847412109375
51.03125 50.09375 54.875 61.0625 67.72499847412109375 75.55625152587890625 82.0124969482421875 84.06874847412109375 86.56874847412109375 89.9375 94.59999847412109375 99.8312530517578125 104.9562530517578125 110.7687530517578125 115.8874969482421875 119.69374847412109375 124.0437469482421875 130.1875 137.100006103515625 145.3125 152.850006103515625 153.9875030517578125 150.962493896484375 144.787506103515625 139.287506103515625 134.2312469482421875 128.056243896484375 123.5124969482421875 118.7937469482421875 113.09375 107.3312530517578125 103.15625 99.2624969482421875 96.24375152587890625 93.34375 90.46875 87.1125030517578125 82.9562530517578125 75.75 67.78749847412109375 59.143749237060546875 51.674999237060546875 45.03125 39.081249237060546875
57.08750152587890625 56.77500152587890625 61.84999847412109375 68.06874847412109375 74.8249969482421875 82.09999847412109375 87.5437469482421875 90.9812469482421875 93.88124847412109375 97.83750152587890625 102.15625 105.81874847412109375 110.0124969482421875 113.77500152587890625 118.8562469482421875 123.75624847412109375 128.0749969482421875 134.975006103515625 142.506256103515625 150.5437469482421875 159.693756103515625 161.3312530517578125 157.287506103515625 150.131256103515625 139.350006103515625 132.506256103515625 129.068756103515625 124.27500152587890625 119.88124847412109375 113.61875152587890625 107.22499847412109375 101.625 97.59375 93.71250152587890625 90.44374847412109375 87.28749847412109375 83.4250030517578125 79.34999847412109375 72.6875 63.9562530517578125 55.700000762939453125 48.893749237060546875 42.137500762939453125 34.5625
63.1875 63.33750152587890625 68.59999847412109375 74.7937469482421875 81.11875152587890625 87.71250152587890625 92.9562530517578125 97.31874847412109375 101.0625 104.6999969482421875 108.4812469482421875 111.15000152587890625 114.0500030517578125 117.43125152587890625 121.34375 126.625 130.9812469482421875 137.537506103515625 144.493743896484375 151.8125 159.556243896484375 161.8874969482421875 160.75 154.8874969482421875 146.125 139.412506103515625 133.681243896484375 127.3562469482421875 121.4375 113.4812469482421875 105.9499969482421875 100.03125 95.46250152587890625 91.4250030517578125 87.9875030517578125 84.8125 81.1437530517578125 77.49375152587890625 71.25624847412109375 63.368747711181640625 54.4375 46.27500152587890625 39.63124847412109375 33.6875
70.58750152587890625 71.05625152587890625 75.86875152587890625 81.8249969482421875 87.7624969482421875 93.75 99.5437469482421875 104.1999969482421875 107.1999969482421875 110.3874969482421875 113.6374969482421875 115.8000030517578125 118.15625 121.21875 124.84375 130.0187530517578125 133.9499969482421875 139.2375030517578125 144.84375 151.75 158.75 163 164.9375 162.912506103515625 158.25 151.625 142.0812530517578125 132.3937530517578125 123.5625 113.53749847412109375 104.71250152587890625 97.9187469482421875 93.3000030517578125 89.9375 86.5625 82.8874969482421875 79.8874969482421875 77.81874847412109375 73.43125152587890625 65.2062530517578125 55.40625 47.28749847412109375 41.00624847412109375 35.53125
77.63124847412109375 78.1374969482421875 82.875 88.6062469482421875 94.24375152587890625 100.25624847412109375 105.83750152587890625 110.25624847412109375 113.00624847412109375 115.68125152587890625 117.68125152587890625 118.80625152587890625 120.8937530517578125 123.90000152587890625 128.15625 132.4875030517578125 135.006256103515625 139.40625 144.2937469482421875 150.1062469482421875 156.318756103515625 162.9375 169.0500030517578125 172.287506103515625 170.09375 162.71875 150.90625 138.2937469482421875 126.30625152587890625 113.6374969482421875 103.47499847412109375 95.3937530517578125 90.4187469482421875 87.16249847412109375 83.38124847412109375 79.09375 78.09375 77 74.47499847412109375 67.2375030517578125 58.637500762939453125 50.65000152587890625 43.731250762939453125 37.68125152587890625
83.94374847412109375 84.71875 89.7937469482421875 95.625 101.02500152587890625 106.83750152587890625 112.33750152587890625 116.6999969482421875 118.91249847412109375 120.15625 121.0625 121.59999847412109375 122.6062469482421875 124.7624969482421875 128.4499969482421875 131.96875 133.087493896484375 136.568756103515625 141.243743896484375 147 153.1062469482421875 161.1437530517578125 171.274993896484375 179.5812530517578125 181.4250030517578125 170.5812530517578125 157.212493896484375 141.5062408447265625 126.59999847412109375 112.50624847412109375 101.94374847412109375 94.50624847412109375 87.5749969482421875 82.08750152587890625 77.69374847412109375 75.7937469482421875 75.8125 78.96875 80.63124847412109375 71.99375152587890625 62.612499237060546875 54.256252288818359375 46.387500762939453125 40.3125
91 92.05625152587890625 97.3937530517578125 103.18125152587890625 108.59375 114.34375 119.53125 123.28749847412109375 124.65000152587890625 125.2687530517578125 125.4812469482421875 124.93125152587890625 124.8874969482421875 125.40625 127.78749847412109375 129.850006103515625 130.5187530517578125 132.6750030517578125 137.368743896484375 142.318756103515625 148.1687469482421875 156.256256103515625 167.006256103515625 176.412506103515625 179.4250030517578125 171.462493896484375 160.2375030517578125 143.1875 125.9187469482421875 109.875 98.44374847412109375 90.875 86.24375152587890625 82.5625 76.1750030517578125 69.375 73.5187530517578125 78.77500152587890625 79.13124847412109375 73.61875152587890625 64.81874847412109375 56.71875 48.793750762939453125 42.53749847412109375
97.1125030517578125 99.08750152587890625 104.77500152587890625 110.8874969482421875 116.7312469482421875 122.00624847412109375 126.61875152587890625 130.100006103515625 131.4187469482421875 130.787506103515625 129.125 127.9875030517578125 126.5124969482421875 125.41249847412109375 126.69374847412109375 128.6687469482421875 129.056243896484375 129.9812469482421875 133.868743896484375 137.71875 142.693756103515625 152.4499969482421875 159.6437530517578125 167.600006103515625 170.4375 167.375 156.8625030517578125 141.4812469482421875 125.6125030517578125 108.19374847412109375 94.8000030517578125 90.68125152587890625 90.78125 86.59375 80.6999969482421875 75.375 76.34999847412109375 78.3000030517578125 77.3937530517578125 72.86875152587890625 65.6999969482421875 59.46250152587890625 51.237499237060546875 44.737499237060546875
101.9875030517578125 105.25624847412109375 111.2687530517578125 117.8125 124.19374847412109375 129.787506103515625 134.5374908447265625 137.8625030517578125 138.368743896484375 137.225006103515625 134.3937530517578125 131.6750030517578125 128.868743896484375 126.1999969482421875 126.59999847412109375 127.97499847412109375 127.5437469482421875 129.8812408447265625 133.2624969482421875 137.756256103515625 140.431243896484375 146.368743896484375 155.787506103515625 161.725006103515625 163.3312530517578125 159.556243896484375 150.90625 140.100006103515625 125.08750152587890625 109.46875 98.52500152587890625 97.4375 96.94374847412109375 96.0500030517578125 93.625 87.6062469482421875 83.7062530517578125 81.6125030517578125 78.0500030517578125 72.97499847412109375 67.0625 61.174999237060546875 53.56874847412109375 46.84999847412109375
