data/historical-monthly-weather-data/wc2.1_cruts4.09_10m_prec_1993-05.asc
ncols        45
nrows        45
xllcorner    -63.500000000000
yllcorner    -7.500000000000
cellsize     0.166666666667
NODATA_value -9999
[rows 0 to 18 of 45, columns 0 to 42 of 45]
333.85626220703125 340.38751220703125 344.618743896484375 354.850006103515625 361.756256103515625 364.375 361.931243896484375 361.5625 359.368743896484375 359.931243896484375 358.03125 351.256256103515625 346.34375 342.212493896484375 336.256256103515625 332.337493896484375 327.3125 321.962493896484375 319.64373779296875 319.850006103515625 319.931243896484375 319.524993896484375 322.73748779296875 322.006256103515625 322.73748779296875 325.39373779296875 326.306243896484375 328.96875 328.51873779296875 327.681243896484375 322.04376220703125 319.01251220703125 318.32501220703125 316.087493896484375 314.21875 315.54998779296875 315.725006103515625 313.181243896484375 310.912506103515625 310.35626220703125 307.5 306.78125 303.58123779296875
325.193756103515625 330.13751220703125 338.712493896484375 351.10626220703125 363.16876220703125 366.54998779296875 363.79376220703125 363.243743896484375 362.28125 358.693756103515625 355.943756103515625 347.943756103515625 339.85626220703125 332.431243896484375 324.5625 317.587493896484375 311.10626220703125 305.037506103515625 304.600006103515625 305.212493896484375 305.381256103515625 306.23748779296875 307.14373779296875 308.95623779296875 309.3125 309.943756103515625 313.78125 317.4375 319.13751220703125 315.51251220703125 309.193756103515625 308.60626220703125 306.056243896484375 306.78125 304.96875 302.17498779296875 304.11248779296875 302.32501220703125 301.850006103515625 296.375 293.037506103515625 295.58123779296875 292.48126220703125
306.20623779296875 313.54998779296875 324.45623779296875 335.35626220703125 344.899993896484375 349.912506103515625 352.26251220703125 355.462493896484375 355.45001220703125 352 347.568756103515625 337.58123779296875 327.28125 316.087493896484375 307.962493896484375 301.6875 293.58123779296875 286.225006103515625 284.631256103515625 285.11248779296875 284.91876220703125 287.01251220703125 287.6875 288.46875 288.631256103515625 291.79998779296875 298.181243896484375 301.89373779296875 303.13751220703125 300.11248779296875 295.03125 293.006256103515625 294.17498779296875 292.88751220703125 293.07501220703125 289.875 290.35626220703125 289.85626220703125 287.84375 284.75 284.162506103515625 281.837493896484375 280.9375
283.193756103515625 287.95623779296875 303.756256103515625 313.40625 322.931243896484375 327.76251220703125 332.506256103515625 339.5625 344.70001220703125 343.131256103515625 335.850006103515625 324.3125 310.375 298.399993896484375 290 282.537506103515625 273.6875 266.66876220703125 264.15625 266.006256103515625 269.212493896484375 269.09375 267.662506103515625 268.91876220703125 269.225006103515625 270.63751220703125 278.587493896484375 282 284.51873779296875 284.98126220703125 281.662506103515625 279.975006103515625 279.399993896484375 277.556243896484375 275.38751220703125 277.41876220703125 279.32501220703125 278.756256103515625 277.45001220703125 275.45001220703125 273.287506103515625 273.88751220703125 269.42498779296875
278.53125 279.48748779296875 279.46875 287.75 298.54998779296875 303.037506103515625 310.15625 319.725006103515625 329.66876220703125 332.29376220703125 321.04376220703125 305.16876220703125 293.58123779296875 282.5625 273.975006103515625 265.32501220703125 255.743743896484375 248.90625 245.6750030517578125 248 250.631256103515625 249.2062530517578125 246.3249969482421875 250.2062530517578125 249.462493896484375 250.8625030517578125 255.1999969482421875 262.98748779296875 267.96875 268.09375 267.506256103515625 265.181243896484375 263.818756103515625 264.57501220703125 264.03125 264.118743896484375 267.287506103515625 269.024993896484375 268.96875 266.712493896484375 266.15625 263.20001220703125 259.318756103515625
268.75 269.725006103515625 267.931243896484375 264.28125 274.875 283.79998779296875 290.73126220703125 297.556243896484375 308.28125 312.83123779296875 304.04998779296875 288.399993896484375 280.225006103515625 272.037506103515625 262.118743896484375 256.375 245.9562530517578125 237.0124969482421875 233.350006103515625 235.2375030517578125 235.524993896484375 234.8562469482421875 234.0500030517578125 233.6374969482421875 234.0437469482421875 235.5187530517578125 240.787506103515625 247.274993896484375 254.15625 255.556243896484375 255.6437530517578125 255.5749969482421875 254.0749969482421875 254.01873779296875 252.975006103515625 254.681243896484375 256.725006103515625 258.21875 261.78125 260.40625 257.6875 255.506256103515625 251
261.14373779296875 260.20623779296875 257.67498779296875 254.6999969482421875 256.225006103515625 259.23748779296875 264.51251220703125 270.21875 270.85626220703125 275.82501220703125 274.70001220703125 267.881256103515625 264.25 259.693756103515625 253.0187530517578125 246.7687530517578125 240.9812469482421875 233.0437469482421875 226.6750030517578125 226.3874969482421875 223.743743896484375 220.84375 217.024993896484375 218.4562530517578125 220.0749969482421875 223.662506103515625 228.149993896484375 234.3562469482421875 238.9312591552734375 241.4499969482421875 243.087493896484375 242.056243896484375 239.8312530517578125 239.65625 239.774993896484375 243.1875 244.537506103515625 246.4875030517578125 250.868743896484375 252.3937530517578125 249.068756103515625 245.0500030517578125 240.931243896484375
252.8874969482421875 250.524993896484375 247.5124969482421875 246.53125 247.287506103515625 249.431243896484375 245.7687530517578125 237.193756103515625 230.4562530517578125 237.4250030517578125 246.618743896484375 248.256256103515625 250.662506103515625 248.5500030517578125 244.5500030517578125 241.0625 236.21875 229.40625 221.6999969482421875 215.8312530517578125 213.993743896484375 209.100006103515625 204.7687530517578125 203.3874969482421875 206.399993896484375 206.193756103515625 213.4562530517578125 219.0124969482421875 224.4187469482421875 227.568756103515625 229.537506103515625 229.056243896484375 228.100006103515625 226.0437469482421875 224.1999969482421875 226.5500030517578125 229.587493896484375 233.4375 235.96875 234.7312469482421875 235.0812530517578125 231.8625030517578125 229.21875
246.28125 243.6125030517578125 241.8937530517578125 239.537506103515625 238.7062530517578125 238.8125 235.03125 228.34375 217.2937469482421875 214.6875 224.368743896484375 232.9250030517578125 241.0500030517578125 241.125 237.4250030517578125 234.8937530517578125 230.618743896484375 225.431243896484375 220.306243896484375 210.087493896484375 202.8125 199.84375 192.618743896484375 195.681243896484375 194.587493896484375 193.649993896484375 198.4187469482421875 206.5812530517578125 214.850006103515625 216.756256103515625 220.40625 219.2062530517578125 214.118743896484375 210.2312469482421875 210.149993896484375 213.524993896484375 217.3125 221.6374969482421875 225.8874969482421875 224.21875 222.25 219.21875 219.21875
239.2062530517578125 237.4875030517578125 235.6999969482421875 234.399993896484375 231.0437469482421875 231.037506103515625 228.625 224.25 219.53125 219.25 223.287506103515625 225.21875 234.8249969482421875 235.7312469482421875 232.881256103515625 227.287506103515625 222.03125 217.068756103515625 213.0124969482421875 206.774993896484375 197.3937530517578125 189 182.5437469482421875 183.6999969482421875 181.118743896484375 180.337493896484375 184.806243896484375 192.693756103515625 202.056243896484375 206.9250030517578125 207.6999969482421875 205.8874969482421875 203.2937469482421875 200.2062530517578125 197.931243896484375 200.9187469482421875 204.09375 208.9250030517578125 213.631256103515625 216.3937530517578125 217.943756103515625 217.5625 212.412506103515625
232.399993896484375 231.625 229.024993896484375 227.96875 224.6999969482421875 225.7062530517578125 224.5187530517578125 219.7375030517578125 217.431243896484375 219.7375030517578125 224.412506103515625 229.0500030517578125 229.0749969482421875 231.600006103515625 225.631256103515625 218.181243896484375 212.09375 208.1750030517578125 204.1125030517578125 200.3874969482421875 197.15625 185.693756103515625 175.5625 167.087493896484375 168.943756103515625 170.78125 175.225006103515625 182.506256103515625 188.662506103515625 191.4250030517578125 193.975006103515625 194.1999969482421875 191.350006103515625 188.1687469482421875 185.46875 186.662506103515625 189.90625 195.6374969482421875 202.8125 207.625 210.71875 209.2687530517578125 208.53125
229.5749969482421875 227.53125 225.53125 224.3937530517578125 222.537506103515625 221.225006103515625 222.306243896484375 220.962493896484375 221.34375 221.1374969482421875 225.09375 230.09375 224.118743896484375 222.787506103515625 218.087493896484375 209.024993896484375 202.625 198.912506103515625 196.0187530517578125 195.243743896484375 194.3937530517578125 186.4812469482421875 175.287506103515625 165.15625 159.75 157.5437469482421875 160.8249969482421875 167.78125 175.568756103515625 178.2624969482421875 178.6062469482421875 179.1062469482421875 176.774993896484375 174.024993896484375 173.537506103515625 177.2062530517578125 181.962493896484375 186.524993896484375 192.2375030517578125 197.9250030517578125 203.1125030517578125 202.1999969482421875 198.056243896484375
227.78125 223.8562469482421875 221.2937469482421875 220.337493896484375 218.09375 218.71875 218.1062469482421875 216.475006103515625 218.1999969482421875 221.5437469482421875 224.850006103515625 225.8125 221.131256103515625 209.4875030517578125 202.725006103515625 197.681243896484375 191.537506103515625 188.462493896484375 185.837493896484375 185.318756103515625 186.8562469482421875 178.8249969482421875 168.75 159.1374969482421875 146.337493896484375 141.837493896484375 149.274993896484375 156.7687530517578125 164.962493896484375 168.4875030517578125 167.787506103515625 165.8562469482421875 163.1062469482421875 160.118743896484375 160.568756103515625 166.350006103515625 172.412506103515625 179.381256103515625 187.0437469482421875 192.600006103515625 196.1875 195.818756103515625 186
221.03125 217.693756103515625 216.1750030517578125 214.837493896484375 213.875 213.399993896484375 212.40625 211.9250030517578125 215.493743896484375 218.756256103515625 217.8874969482421875 214.4375 207.90625 198.90625 185.556243896484375 182.84375 177.1687469482421875 173.587493896484375 172.71875 172.868743896484375 172.71875 166.7624969482421875 159.024993896484375 152.4250030517578125 143.1875 137.9375 141.6687469482421875 146.431243896484375 153.125 155.0124969482421875 157 154.712493896484375 152.1062469482421875 149.6437530517578125 149.381256103515625 157.056243896484375 165.9499969482421875 175.1437530517578125 184.03125 187.7312469482421875 184.3937530517578125 178.056243896484375 176.318756103515625
213.1687469482421875 211.443756103515625 210.787506103515625 209.3000030517578125 207.850006103515625 207.818756103515625 209.037506103515625 209.931243896484375 211.2624969482421875 211.399993896484375 209.243743896484375 203.2937469482421875 193.9250030517578125 183.8249969482421875 168.3937530517578125 164.693756103515625 160.90625 160.03125 159.399993896484375 159.0187530517578125 159.806243896484375 156.8125 152.774993896484375 151.681243896484375 148.306243896484375 145.21875 145.7375030517578125 148.381256103515625 151.6062469482421875 151.868743896484375 148.8562469482421875 145.90625 145.318756103515625 140.6062469482421875 137.4000091552734375 143.3000030517578125 158.5437469482421875 171.743743896484375 179.4187469482421875 180.71875 176.8874969482421875 175.125 178.681243896484375
204.6875 203.0625 203.850006103515625 203.5812530517578125 201.899993896484375 203.337493896484375 205.131256103515625 205.587493896484375 204.8874969482421875 204.8000030517578125 201.024993896484375 192.7624969482421875 182.212493896484375 172.5 159.618743896484375 146.868743896484375 145.693756103515625 148.399993896484375 146.6750030517578125 146.462493896484375 148.100006103515625 149.6687469482421875 150.1374969482421875 152.943756103515625 151.899993896484375 148.9375 148.2375030517578125 148.3625030517578125 150.037506103515625 150.681243896484375 149.90625 145.931243896484375 138.5437469482421875 131.274993896484375 127.31874847412109375 140.568756103515625 151.4875030517578125 163.212493896484375 172.868743896484375 178.4812469482421875 178.600006103515625 176.587493896484375 176.375
197.2687530517578125 196.506256103515625 196.1374969482421875 197 197.6374969482421875 197.6062469482421875 198.1875 197.9875030517578125 198.2062530517578125 197.3187408447265625 194.087493896484375 185.9562530517578125 174.0812530517578125 162.8125 152.287506103515625 142.006256103515625 131.5187530517578125 133.337493896484375 134.4250030517578125 135.149993896484375 137.943756103515625 140.8562469482421875 145.350006103515625 152.475006103515625 155.5437469482421875 148.9562530517578125 146.375 146.4562530517578125 147.649993896484375 148.225006103515625 148.4187469482421875 147.1437530517578125 140.756256103515625 134.7062530517578125 137.6999969482421875 144.0124969482421875 154.6062469482421875 165.931243896484375 178.7062530517578125 180.087493896484375 179.1062469482421875 174.8937530517578125 169.59375
187.09375 188.0812530517578125 188.774993896484375 188.90625 189.40625 190.9562530517578125 190 188.4499969482421875 187.568756103515625 187.3000030517578125 184.5500030517578125 178.256256103515625 165.2687530517578125 155.462493896484375 145.6374969482421875 136.618743896484375 126.90625 119.3625030517578125 124.7624969482421875 124.71250152587890625 127.83750152587890625 132.537506103515625 138.368743896484375 146.412506103515625 151.2624969482421875 147.53125 142.8937530517578125 144.431243896484375 146.3125 144.9875030517578125 140.693756103515625 137.149993896484375 142.118743896484375 142.6875 142.899993896484375 155.056243896484375 165.3000030517578125 170.6125030517578125 177.90625 180.0187530517578125 173.96875 169.2062530517578125 164.6125030517578125
176.868743896484375 178.693756103515625 179.03125 180.725006103515625 182.056243896484375 181.8249969482421875 181.1437530517578125 180.2312469482421875 179.4562530517578125 180.1875 176.59375 165.8937530517578125 154.9562530517578125 146.3000030517578125 137.3625030517578125 130.1125030517578125 122.8562469482421875 114.03125 111.125 112.0749969482421875 116.70000457763671875 124.22499847412109375 124.3125 133.568756103515625 139.15625 142.2687530517578125 142.4499969482421875 141.1750030517578125 143.1125030517578125 142.0749969482421875 140.100006103515625 141.0749969482421875 144.65625 145.1750030517578125 147.2937469482421875 156.625 162.03125 165.0500030517578125 171.743743896484375 171.056243896484375 166.412506103515625 161.243743896484375 159.53125
