data/historical-monthly-weather-data/wc2.1_cruts4.09_10m_prec_1953-12.asc
ncols        51
nrows        45
xllcorner    -63.500000000000
yllcorner    -7.500000000000
cellsize     0.166666666667
NODATA_value -9999
[rows 0 to 19 of 45, columns 0 to 44 of 51]
146.818756103515625 138.5187530517578125 133.756256103515625 131.5749969482421875 128.53125 128.662506103515625 128.3874969482421875 127.0625 126.7624969482421875 126.93125152587890625 128.8874969482421875 129.8874969482421875 131.71875 131.96875 131.818756103515625 131.693756103515625 131.943756103515625 130.506256103515625 130.399993896484375 130.618743896484375 133 135.28125 137.46875 139.068756103515625 140.475006103515625 141.287506103515625 141.3249969482421875 141.15625 141.4375 144.4875030517578125 147.2937469482421875 151.15625 154.9875030517578125 158.587493896484375 162.0749969482421875 167.818756103515625 172.1437530517578125 176.118743896484375 177.993743896484375 180.149993896484375 181.475006103515625 180.368743896484375 178.899993896484375 176.4187469482421875 175.881256103515625
149.0500030517578125 139.256256103515625 135.431243896484375 133.2624969482421875 131.1875 130.868743896484375 130.03125 130.7062530517578125 132.5749969482421875 134.1999969482421875 136.21875 136.7312469482421875 138.350006103515625 139.3312530517578125 139.0437469482421875 139.0124969482421875 139.1999969482421875 137.8000030517578125 136.7062530517578125 137.1750030517578125 139.100006103515625 141.09375 143.8125 145.6374969482421875 147.318756103515625 148.5124969482421875 148.7624969482421875 148.5625 149.03125 153.6999969482421875 157.9875030517578125 163.368743896484375 167.212493896484375 171.9250030517578125 177.2937469482421875 181.6875 188.756256103515625 194.243743896484375 195.743743896484375 197.743743896484375 198.912506103515625 197.3000030517578125 195.3562469482421875 190.7937469482421875 188.5
151.1374969482421875 142.037506103515625 138.4562530517578125 135.9812469482421875 134.037506103515625 133.943756103515625 134.743743896484375 136.787506103515625 139.712493896484375 142.024993896484375 143.712493896484375 144.4250030517578125 146.318756103515625 147.4875030517578125 147.443756103515625 146.899993896484375 147.337493896484375 146.5187530517578125 146.443756103515625 147.225006103515625 149.84375 153.0625 156.4375 158.0187530517578125 159.6062469482421875 161.7687530517578125 161.9187469482421875 161.3249969482421875 162.056243896484375 166.037506103515625 171.162506103515625 177.1437530517578125 183.431243896484375 187.756256103515625 193.399993896484375 200.1687469482421875 206.6750030517578125 212.4375 215.225006103515625 217.337493896484375 218.181243896484375 215.5 211.4499969482421875 207.725006103515625 202.899993896484375
151.912506103515625 144.381256103515625 141.912506103515625 138.4875030517578125 136.868743896484375 137.6750030517578125 139.712493896484375 142.7375030517578125 146.3625030517578125 150.09375 152.1999969482421875 153.256256103515625 154.6125030517578125 156.03125 155.618743896484375 155.5812530517578125 156.0124969482421875 155.287506103515625 156.368743896484375 159.46875 163.287506103515625 167.1687469482421875 170.09375 172.024993896484375 173.1374969482421875 175.7062530517578125 175.875 174.4499969482421875 175.40625 180.568756103515625 185.7624969482421875 191.125 198.7375030517578125 205.524993896484375 211.4562530517578125 218.587493896484375 224.8312530517578125 231.5812530517578125 235.8937530517578125 237.943756103515625 237.6687469482421875 233.962493896484375 228.806243896484375 224.556243896484375 217.850006103515625
159.087493896484375 148.7375030517578125 143.2937469482421875 140.743743896484375 139.631256103515625 141.78125 144.3874969482421875 148.100006103515625 153.59375 158.443756103515625 160.3874969482421875 161.024993896484375 163.225006103515625 165.09375 164.649993896484375 164.506256103515625 164.7375030517578125 165.181243896484375 167.8625030517578125 172.931243896484375 177.78125 181.256256103515625 184.4499969482421875 186.3249969482421875 187.5 190.287506103515625 188.8625030517578125 187.3312530517578125 188.125 194.193756103515625 200.3125 205.618743896484375 213.375 221.3562469482421875 228.524993896484375 237.0124969482421875 245.3937530517578125 252.462493896484375 257.125 258.962493896484375 258.306243896484375 253.193756103515625 247.475006103515625 240.46875 233.0187530517578125
163.912506103515625 154.1125030517578125 147.5812530517578125 142.4250030517578125 142.0625 146.40625 150.6687469482421875 154.7687530517578125 160.225006103515625 165.3937530517578125 167.78125 169.274993896484375 172.46875 174.8125 176.0749969482421875 176.8000030517578125 178.21875 179.087493896484375 184.3937530517578125 189.6750030517578125 193.1999969482421875 197.2249908447265625 199.9812469482421875 201.7062530517578125 203.024993896484375 204.712493896484375 204.5187530517578125 202.7687530517578125 202.4375 208.2312469482421875 214.8249969482421875 221.4812469482421875 227.8312530517578125 235.0812530517578125 245.693756103515625 255.4812469482421875 264.381256103515625 274.70623779296875 280.20623779296875 280.23126220703125 275.743743896484375 269.899993896484375 261.543731689453125 254.806243896484375 247.318756103515625
170.1374969482421875 160.225006103515625 153.899993896484375 148.274993896484375 145.975006103515625 150.0124969482421875 155.368743896484375 159.931243896484375 164.399993896484375 168.15625 173.34375 176.6437530517578125 181.75 185.0500030517578125 187.493743896484375 190.0124969482421875 193.8874969482421875 199.568756103515625 206.4875030517578125 210.649993896484375 211.962493896484375 214.943756103515625 216.399993896484375 217.100006103515625 219.2375030517578125 220.125 218.868743896484375 218.6062469482421875 218.0812530517578125 222.96875 229.1999969482421875 235.5812530517578125 243.78125 251.399993896484375 260.96875 271.118743896484375 282.36248779296875 293.67498779296875 302.837493896484375 300.6875 293.181243896484375 284.45623779296875 276.318756103515625 267.662506103515625 257.73126220703125
176.462493896484375 166.1750030517578125 160.337493896484375 156.28125 154.28125 157.4875030517578125 160.8312530517578125 162.8874969482421875 165.087493896484375 170.350006103515625 178.493743896484375 185.037506103515625 190.7312469482421875 196.475006103515625 199.931243896484375 204.2375030517578125 209.5812530517578125 219.162506103515625 228.337493896484375 229.9187469482421875 229.568756103515625 230.162506103515625 230.71875 230.5625 233.475006103515625 235.3625030517578125 233.2687530517578125 232.28125 233.600006103515625 238.9812469482421875 243.1125030517578125 249.0437469482421875 258.33123779296875 266.40625 277.5 285.89373779296875 297.33123779296875 307.875 313.837493896484375 312.41876220703125 306.662506103515625 297.23126220703125 288.431243896484375 278.66876220703125 265.61248779296875
183.53125 173.693756103515625 168.774993896484375 165.350006103515625 163.118743896484375 166.774993896484375 169.9375 171.0500030517578125 170.7062530517578125 174.568756103515625 184.8249969482421875 193.25 200.3937530517578125 206.4562530517578125 211.587493896484375 217.21875 223.962493896484375 234.212493896484375 243.4875030517578125 244.412506103515625 241.4187469482421875 241.6750030517578125 242.6875 244.8687591552734375 246.78125 248.0437469482421875 245.8874969482421875 245.368743896484375 245.7375030517578125 250.118743896484375 256.01251220703125 260.475006103515625 269.29998779296875 279.04376220703125 289.100006103515625 297.931243896484375 306.70623779296875 314.51251220703125 318.01873779296875 317.98748779296875 312.024993896484375 303.443756103515625 296.21875 287.65625 276.23748779296875
189.337493896484375 180.5437469482421875 176.6875 174.53125 172.774993896484375 176.5812530517578125 180.162506103515625 182.243743896484375 184.8249969482421875 189.3562469482421875 197.3000030517578125 203.524993896484375 211.399993896484375 216.5812530517578125 223.3937530517578125 230 236.850006103515625 244.556243896484375 251.2062530517578125 253.6125030517578125 251.818756103515625 252.0187530517578125 253.6875 256.96875 258.368743896484375 259.193756103515625 257.38751220703125 256.45623779296875 257.42498779296875 261.568756103515625 265.681243896484375 270.01873779296875 278.51873779296875 287.45001220703125 298.21875 308.59375 315.85626220703125 322.01873779296875 322.556243896484375 321.57501220703125 317.60626220703125 311.056243896484375 302.48748779296875 294.34375 284.53125
196.375 188.0500030517578125 184.443756103515625 182.21875 181.96875 187.162506103515625 191.5812530517578125 193.8312530517578125 197.3125 203.03125 210.5187530517578125 216.8125 222.9187469482421875 228.368743896484375 234.875 241.9812469482421875 248.162506103515625 253.975006103515625 258.100006103515625 260.256256103515625 261.21875 262.15625 264.662506103515625 265.212493896484375 270.3125 271.57501220703125 268.73748779296875 265.850006103515625 264.54998779296875 268.51873779296875 272.493743896484375 277.66876220703125 286.45623779296875 295.78125 306.0625 314.756256103515625 321.91876220703125 327.63751220703125 329.681243896484375 327.73748779296875 323.868743896484375 317.09375 310.33123779296875 303.5 292.92498779296875
202.6999969482421875 194.618743896484375 191.6999969482421875 190.6750030517578125 190.806243896484375 196.306243896484375 201.806243896484375 204.8312530517578125 208.7624969482421875 215.5 223.375 230.6437530517578125 235.1374969482421875 239.9562530517578125 246.399993896484375 251.787506103515625 256.92498779296875 260.118743896484375 263.03125 265.46875 265.850006103515625 268.58123779296875 273.95001220703125 276.04376220703125 280.48126220703125 281.743743896484375 277.54376220703125 273.09375 270.131256103515625 273.462493896484375 276.85626220703125 281.84375 290.556243896484375 300.61248779296875 311.34375 320.14373779296875 326.962493896484375 333.024993896484375 333.787506103515625 331.881256103515625 327.943756103515625 321.57501220703125 314.806243896484375 307.462493896484375 294.662506103515625
208.6062469482421875 201.506256103515625 199.40625 198.375 199.2375030517578125 204.181243896484375 209.1687469482421875 213.5500030517578125 218.381256103515625 225.962493896484375 234.493743896484375 242.5437469482421875 247.53125 250.756256103515625 257.006256103515625 261.587493896484375 265.287506103515625 268.46875 270.38751220703125 271.17498779296875 269.225006103515625 273.962493896484375 282.899993896484375 286.475006103515625 288.07501220703125 287.431243896484375 283.237518310546875 279.17498779296875 276.16876220703125 276.79376220703125 279.20623779296875 283.11248779296875 291.33123779296875 302.01251220703125 313.287506103515625 323.76251220703125 332.274993896484375 338.681243896484375 338.806243896484375 334.98126220703125 329.912506103515625 325.337493896484375 316.85626220703125 303.70001220703125 290.63751220703125
213.125 206.6999969482421875 204.9375 204.5749969482421875 205.25 210.024993896484375 214.9250030517578125 220.78125 227.556243896484375 234.71875 241.774993896484375 249.875 256.71875 261.443756103515625 265.76873779296875 271.48126220703125 274.48748779296875 276.38751220703125 277.65625 278.48126220703125 279.14373779296875 284 291.600006103515625 293.631256103515625 294.337493896484375 293.73748779296875 290.46875 284.125 279.287506103515625 278.34375 279.568756103515625 281.95001220703125 291.03125 301.506256103515625 314.38751220703125 325.65625 336.10626220703125 345.76251220703125 347.881256103515625 346.274993896484375 336.23126220703125 323.725006103515625 313.087493896484375 304.11248779296875 294.1875
217.256256103515625 211.0124969482421875 210.0812530517578125 209.868743896484375 211.024993896484375 215.681243896484375 221.818756103515625 228 234.9562530517578125 241.6437530517578125 248.5812530517578125 257.162506103515625 263.92498779296875 269.899993896484375 273.91876220703125 279.475006103515625 281.443756103515625 282.92498779296875 283.98748779296875 286.975006103515625 288.774993896484375 293.600006103515625 299.318756103515625 300.29998779296875 300.962493896484375 299.89373779296875 295.90625 289.537506103515625 283.15625 278.45001220703125 276.42498779296875 278.318756103515625 287.53125 299.25 313.23126220703125 323.59375 337.556243896484375 353.29998779296875 363.11248779296875 361.556243896484375 348.556243896484375 333.63751220703125 321.23748779296875 310.71875 295.90625
219.8625030517578125 214.256256103515625 213.84375 214.662506103515625 216.125 221.443756103515625 227.6999969482421875 233.2062530517578125 240.3562469482421875 248.381256103515625 255.1437530517578125 263.524993896484375 271.006256103515625 277.337493896484375 282.10626220703125 285.037506103515625 286.925018310546875 289.79998779296875 291.037506103515625 293.899993896484375 297.837493896484375 302.20001220703125 307.412506103515625 307.46875 308.16876220703125 308.8125 304.10626220703125 296.46875 287.28125 278.09375 273.01251220703125 271.76873779296875 278.649993896484375 290.006256103515625 302.6875 315.475006103515625 333.975006103515625 356.693756103515625 375.306243896484375 376.850006103515625 363.756256103515625 345.29998779296875 328.63751220703125 310.91876220703125 297.368743896484375
221.649993896484375 216.8562469482421875 215.806243896484375 217.5749969482421875 220.100006103515625 225.2062530517578125 232.03125 239.09375 247.243743896484375 254.7312469482421875 261.70001220703125 269.625 277.306243896484375 283.89373779296875 288.993743896484375 291.25 290.73126220703125 293.84375 297.23748779296875 300.381256103515625 305.350006103515625 310.475006103515625 315.82501220703125 315.23126220703125 316.274993896484375 318.42498779296875 314.57501220703125 304.3125 289.375 276.08123779296875 267.806243896484375 265.73126220703125 269.51873779296875 274.899993896484375 284.100006103515625 299.412506103515625 324.618743896484375 360.21875 397.787506103515625 393.399993896484375 374.743743896484375 352.256256103515625 329.412506103515625 312.64373779296875 298.824981689453125
221.881256103515625 217.6062469482421875 217.34375 219.975006103515625 223.28125 230.0812530517578125 237.462493896484375 244.4875030517578125 252.6875 261.39373779296875 269.193756103515625 276.79998779296875 283.125 289.337493896484375 293.631256103515625 295.36248779296875 294.91876220703125 293.98126220703125 300.287506103515625 304.087493896484375 311.25 317.381256103515625 322.76873779296875 323.40625 325.0625 328.08123779296875 326.64373779296875 311.35626220703125 290.34375 271.149993896484375 258.6875 254.40625 260.256256103515625 267.32501220703125 270.70001220703125 274.274993896484375 310.9375 354.024993896484375 384.4375 387.38751220703125 369.537506103515625 348.306243896484375 329.83123779296875 315.399993896484375 302.26873779296875
220.693756103515625 216.774993896484375 217.96875 221.3562469482421875 225.625 233.5749969482421875 241.693756103515625 250.6125030517578125 259.48126220703125 268.493743896484375 275.274993896484375 281.39373779296875 288.23748779296875 294.89373779296875 298.13751220703125 299.125 298.82501220703125 297.84375 299.45623779296875 304.649993896484375 315.100006103515625 325.70623779296875 328.01251220703125 330.54998779296875 334.193756103515625 337.212493896484375 332.899993896484375 317.95623779296875 294.693756103515625 269.59375 250.618743896484375 251.649993896484375 262.58123779296875 269.20623779296875 271.399993896484375 280.274993896484375 310.16876220703125 342.899993896484375 366.46875 369.6875 358.07501220703125 341.58123779296875 327.28125 316.73126220703125 306.912506103515625
218.3125 215.125 216.568756103515625 220.868743896484375 226.5437469482421875 236.2624969482421875 246.2312469482421875 256.225006103515625 266.07501220703125 274.04998779296875 281.40625 288.79998779296875 295.631256103515625 300.45623779296875 301.837493896484375 300.4375 298.85626220703125 300.21875 302.475006103515625 307.20623779296875 315.493743896484375 323.79998779296875 332.45623779296875 337.04376220703125 341.34375 343.993743896484375 338.524993896484375 326.649993896484375 305.28125 279.287506103515625 262.399993896484375 263.399993896484375 272.743743896484375 282.66876220703125 292.03125 301.64373779296875 321.850006103515625 344.475006103515625 358.45623779296875 360.33123779296875 350.73126220703125 334.274993896484375 326.087493896484375 319.837493896484375 312.26251220703125
