data/historical-monthly-weather-data/wc2.1_cruts4.09_10m_prec_2011-02.asc
ncols        45
nrows        45
xllcorner    -63.500000000000
yllcorner    -7.500000000000
cellsize     0.166666666667
NODATA_value -9999
[rows 20 to 39 of 45, columns 0 to 44 of 45]
255.4000091552734375 266.64373779296875 279.39373779296875 293.212493896484375 310.32501220703125 325.46875 341.568756103515625 357.787506103515625 371.5 383.57501220703125 394.6875 411.84375 431.537506103515625 450.07501220703125 442.36248779296875 421.98748779296875 405.16876220703125 393.587493896484375 392.38751220703125 392.71875 397.84375 402 404.28125 407.90625 412.462493896484375 417.975006103515625 422.65625 426.92498779296875 432.25 433.493743896484375 424.693756103515625 407.225006103515625 380.89373779296875 348.34375 318.3125 338.92498779296875 378.70623779296875 410.212493896484375 428.76251220703125 436.318756103515625 434.84375 430.625 427.306243896484375 423.09375 416.61248779296875
242.931243896484375 255.899993896484375 269.59375 285.787506103515625 302.537506103515625 318.631256103515625 335.181243896484375 351.89373779296875 365.70623779296875 375.131256103515625 381.91876220703125 391.193756103515625 401.59375 410.100006103515625 411.84375 404.45001220703125 395.61248779296875 388.587493896484375 385.875 385.76251220703125 385.63751220703125 387.350006103515625 391.881256103515625 395.48126220703125 401.368743896484375 409.51251220703125 417.15625 423.662506103515625 431.67498779296875 435.28125 431.34375 415.73126220703125 394.41876220703125 372.48748779296875 358.337493896484375 371.25 399.28125 421.95001220703125 433.149993896484375 436.375 435.0625 431.95623779296875 427.98748779296875 422.83123779296875 417.3125
233.96875 248.5749969482421875 261.79376220703125 278.100006103515625 294.649993896484375 312.081268310546875 327.39373779296875 344.73126220703125 359.368743896484375 364.64373779296875 365.82501220703125 367.1875 368.95623779296875 374.649993896484375 383.012481689453125 384.96875 382.4375 379.65625 376.943756103515625 374.506256103515625 373.537506103515625 372.83123779296875 374.63751220703125 378.39373779296875 386.73748779296875 397.787506103515625 407.125 416.399993896484375 427.868743896484375 434.774993896484375 436.26251220703125 430.33123779296875 414.01251220703125 401.86248779296875 402.45001220703125 416.056243896484375 432.33123779296875 443.08123779296875 445.01251220703125 440.28125 435.86248779296875 432.23748779296875 427.693756103515625 422.662506103515625 418.162506103515625
226.25 239.46875 252.625 266.98748779296875 283.368743896484375 300.743743896484375 317.48748779296875 333.26251220703125 346.743743896484375 349.918731689453125 349.76873779296875 348.5 343.42498779296875 351.51873779296875 363.26251220703125 368.98126220703125 370.39373779296875 370.975006103515625 369.125 366.012481689453125 362.662506103515625 359.6875 358.962493896484375 362.57501220703125 371.443756103515625 380.83123779296875 393.29998779296875 405.806243896484375 417.962493896484375 427.46875 432.45623779296875 430.912506103515625 424.03125 421.8125 430.837493896484375 448.368743896484375 459.51251220703125 458.78125 452.681243896484375 444.09375 437.79376220703125 432.087493896484375 427.537506103515625 423.71875 422.16876220703125
222.4187469482421875 232.568756103515625 244.4375 258.600006103515625 275.23748779296875 290.34375 306.13751220703125 320.5625 330.431243896484375 335.40625 336.96875 337.162506103515625 337.57501220703125 343.04376220703125 351.193756103515625 358.375 362.98748779296875 364.318756103515625 362.96875 359.462493896484375 354.631256103515625 348.181243896484375 343.60626220703125 345.20001220703125 352.725006103515625 367.225006103515625 379.5625 394.32501220703125 407.006256103515625 415.975006103515625 420.318756103515625 420.375 423.118743896484375 428.868743896484375 440.35626220703125 451.82501220703125 459.96875 458.86248779296875 451.70001220703125 443.225006103515625 436.60626220703125 430.600006103515625 426.881256103515625 425.82501220703125 423.806243896484375
224.337493896484375 232.1875 241.368743896484375 253.943756103515625 268.631256103515625 282.725006103515625 295.88751220703125 308.681243896484375 317.681243896484375 323.67498779296875 327.20623779296875 330.462493896484375 334.65625 338.95623779296875 346.57501220703125 352.88751220703125 358.03125 359.60626220703125 359.58123779296875 355.84375 348.493743896484375 338.037506103515625 328.86248779296875 326.36248779296875 337.26873779296875 353.662506103515625 370.0625 383.33123779296875 396.287506103515625 403.04998779296875 406.431243896484375 408.29998779296875 415.88751220703125 426.03125 438.212493896484375 446.837493896484375 453.03125 454.10626220703125 445.725006103515625 438.39373779296875 432.59375 427.51873779296875 423.46875 423.368743896484375 425.85626220703125
230.5812530517578125 236.162506103515625 243.2937469482421875 254.193756103515625 265.4375 276.41876220703125 288.125 297.9375 307.01251220703125 315.0625 321.61248779296875 327.475006103515625 334.32501220703125 341.07501220703125 348.04998779296875 355.29376220703125 360.0625 361.34375 359.943756103515625 354.92498779296875 345.431243896484375 333.66876220703125 320.41876220703125 314.86248779296875 329.056243896484375 345.618743896484375 360.57501220703125 373.26251220703125 383.787506103515625 390.100006103515625 394.39373779296875 395.881256103515625 406.20623779296875 421.6875 433.0625 441.20001220703125 446.850006103515625 447.10626220703125 440.71875 433.41876220703125 427.337493896484375 422.21875 418.45001220703125 418.431243896484375 426.25
237.743743896484375 240.493743896484375 246.4187469482421875 254.337493896484375 262.40625 270.493743896484375 280.67498779296875 290.649993896484375 299.75 309.212493896484375 316.85626220703125 325 333.61248779296875 342.13751220703125 350.193756103515625 358.17498779296875 363.068756103515625 365.493743896484375 363 358.1875 349.03125 337.09375 327.83123779296875 323.806243896484375 330.818756103515625 343.5 355.381256103515625 365.9375 374.350006103515625 380.256256103515625 384.26251220703125 387.743743896484375 401.943756103515625 415.756256103515625 427.79998779296875 435.73748779296875 439.14373779296875 441.33123779296875 434.70623779296875 426.837493896484375 420.85626220703125 417.48748779296875 414.58123779296875 416.9375 429.35626220703125
243.65625 245.0187530517578125 248.524993896484375 254.037506103515625 260.162506103515625 266.54376220703125 274.98126220703125 283.524993896484375 293.51873779296875 303.91876220703125 312.88751220703125 322.587493896484375 332.46875 343.96875 353.42498779296875 363.25 370.38751220703125 371.28125 370.46875 365.04998779296875 356.537506103515625 345.04376220703125 338.45623779296875 335.181243896484375 336.95623779296875 343.98748779296875 353.125 360.89373779296875 368.79998779296875 374.006256103515625 376.51873779296875 381.36248779296875 395.100006103515625 409.90625 423.837493896484375 429.85626220703125 434.725006103515625 437.318756103515625 433.01251220703125 423.76873779296875 414.33123779296875 410.631256103515625 412.54376220703125 420.63751220703125 436.53125
250.837493896484375 249.899993896484375 251.868743896484375 255.087493896484375 260.162506103515625 265.725006103515625 272.28125 279.631256103515625 288.618743896484375 299.243743896484375 309.225006103515625 321.100006103515625 333.024993896484375 346.40625 357.899993896484375 367.51251220703125 376.962493896484375 381.60626220703125 381.98126220703125 376.32501220703125 366.54998779296875 356.73748779296875 350.3125 345.037506103515625 343.28125 346.33123779296875 351.725006103515625 356.13751220703125 361.38751220703125 366 370.98748779296875 377.006256103515625 389.96875 405.318756103515625 418.462493896484375 425.76251220703125 429.912506103515625 434.26251220703125 428.818756103515625 420.662506103515625 417.337493896484375 417.88751220703125 420.412506103515625 430.837493896484375 439.70001220703125
256.08123779296875 253.899993896484375 253.4562530517578125 255.5187530517578125 258.48748779296875 263.743743896484375 269.462493896484375 276.243743896484375 284.95623779296875 294.83123779296875 306.875 320.868743896484375 335.53125 348.856231689453125 360.73126220703125 372.91876220703125 384.36248779296875 391.01251220703125 394.193756103515625 388.818756103515625 378.087493896484375 367.16876220703125 359.35626220703125 352.09375 347.71875 347.768768310546875 349.73126220703125 351.88751220703125 354.67498779296875 359.61248779296875 365.54998779296875 372.975006103515625 387.76873779296875 403.54998779296875 417.412506103515625 422.793731689453125 428.08123779296875 434.100006103515625 429.100006103515625 421.087493896484375 420.40625 426.25 431.725006103515625 438.23126220703125 447.287506103515625
257.806243896484375 254.962493896484375 253.9499969482421875 255.131256103515625 256.54998779296875 260.58123779296875 266.01251220703125 271.20623779296875 279.537506103515625 290.45001220703125 302.60626220703125 318.59375 335.443756103515625 351.537506103515625 364.587493896484375 378.756256103515625 388.306243896484375 394.375 397.618743896484375 395.35626220703125 385.524993896484375 375.618743896484375 366.125 357.70623779296875 352.01251220703125 348.92498779296875 347.85626220703125 347.70001220703125 348.73126220703125 355.23748779296875 362.225006103515625 370 385.23748779296875 400.9375 415.54376220703125 421.875 428.16876220703125 433.537506103515625 429.04998779296875 427.01251220703125 431.41876220703125 438.85626220703125 445.42498779296875 454.0625 465.693756103515625
258.256256103515625 255.8562469482421875 255.03125 255.125 255.125 258.29998779296875 261.899993896484375 266.600006103515625 275.006256103515625 285.88751220703125 299.75 317.25 337.57501220703125 356.6875 370.212493896484375 381.756256103515625 390.29998779296875 396.45001220703125 397.59375 396.162506103515625 388.65625 379.068756103515625 370.23126220703125 361.412506103515625 355.66876220703125 351.88751220703125 349.125 348.368743896484375 348.20623779296875 352.98126220703125 359.66876220703125 366.23126220703125 380.568756103515625 397.368743896484375 413.1875 422.0625 429.137481689453125 433.58123779296875 431.59375 436.725006103515625 443.162506103515625 451.618743896484375 461.38751220703125 473.51873779296875 493.96875
259.087493896484375 256.287506103515625 254.9562530517578125 254.8249969482421875 253.943756103515625 255.4375 258.09375 262.10626220703125 268.412506103515625 278.806243896484375 293.26873779296875 314.85626220703125 339.518768310546875 360.875 374.350006103515625 384.88751220703125 392.431243896484375 396.79376220703125 397.431243896484375 396.07501220703125 388.443756103515625 379.13751220703125 371.57501220703125 363.01873779296875 357.618743896484375 353.631256103515625 350.1875 347.806243896484375 347.23126220703125 351.76251220703125 357.350006103515625 363.181243896484375 378.70623779296875 395.20001220703125 409.899993896484375 420.568756103515625 428.537506103515625 434.71875 437.03125 443.92498779296875 451.03125 461.568756103515625 476.475006103515625 491.875 514.25
259.625 257.524993896484375 255.8249969482421875 253.90625 252.8874969482421875 253.5 254.068756103515625 256.15625 260.662506103515625 269.693756103515625 285.8125 312.45001220703125 341.837493896484375 366.050018310546875 378.274993896484375 387.34375 392.70001220703125 395.15625 396.381256103515625 393.90625 387.693756103515625 377.98126220703125 370.08123779296875 361.26873779296875 356.743743896484375 352.11248779296875 349.04376220703125 346.8125 345.71875 349.82501220703125 353.631256103515625 360.337493896484375 375.631256103515625 392.76873779296875 407.60626220703125 417.8125 425.993743896484375 437.14373779296875 442.84375 448.28125 456.64373779296875 466.631256103515625 481.54998779296875 497.962493896484375 517.0999755859375
260.71875 259.33123779296875 257.35626220703125 254.693756103515625 252.75 253.0500030517578125 252.3874969482421875 252.3937530517578125 254.7062530517578125 262.23748779296875 279.399993896484375 307.70623779296875 338.79376220703125 363.70623779296875 375.58123779296875 384.01251220703125 389.899993896484375 391.162506103515625 389.412506103515625 387.54998779296875 380.70623779296875 372.556243896484375 363.85626220703125 356.443756103515625 350.82501220703125 346.61248779296875 344.23126220703125 344.13751220703125 343.493743896484375 346.25 350.07501220703125 355.993743896484375 371.96875 389.3125 402.931243896484375 412.45001220703125 424.868743896484375 434.29998779296875 439.618743896484375 447.462493896484375 457.66876220703125 465.818756103515625 477.10626220703125 492.85626220703125 506.587493896484375
263.08123779296875 261.95623779296875 259.1875 257.90625 255.4250030517578125 254.6437530517578125 252.9562530517578125 251.21875 250.662506103515625 251.493743896484375 272.837493896484375 307.431243896484375 335.912506103515625 356.993743896484375 369.956268310546875 378.318756103515625 384.243743896484375 384.506256103515625 383.35626220703125 379.66876220703125 371.91876220703125 363.14373779296875 354.931243896484375 347.98748779296875 342.40625 339.21875 337.98748779296875 338.40625 339.57501220703125 341.806243896484375 344.881256103515625 349.881256103515625 366.6875 384.068756103515625 398.78125 411.03125 421.375 430.83123779296875 436.76873779296875 443.556243896484375 451.556243896484375 459.70623779296875 469.95623779296875 482.95001220703125 493.631256103515625
265.649993896484375 264.92498779296875 262.568756103515625 260.88751220703125 259.1875 257.806243896484375 256.15625 254.53125 255.3312530517578125 254 285.07501220703125 319.5625 339.16876220703125 353.350006103515625 364.837493896484375 372.662506103515625 376.412506103515625 376.375 373.168731689453125 367.90625 360.29998779296875 351.037506103515625 343.850006103515625 337.399993896484375 333.04998779296875 330.587493896484375 330.1875 332.193756103515625 334.45623779296875 337.537506103515625 338.78125 343.556243896484375 359.975006103515625 377.9375 392.375 405.475006103515625 416.17498779296875 426.1875 432.15625 437.71875 443.587493896484375 450.95001220703125 458.17498779296875 467.67498779296875 476.71875
269.912506103515625 268.431243896484375 265.95623779296875 265.493743896484375 263.82501220703125 263.46875 264.26251220703125 266.14373779296875 272.79998779296875 290.568756103515625 324.875 338.056243896484375 346.14373779296875 354.85626220703125 363.087493896484375 367.10626220703125 369.306243896484375 366.649993896484375 360.962493896484375 354.537506103515625 345.23748779296875 336.024993896484375 330.29998779296875 324.29998779296875 320.84375 320.506256103515625 321.274993896484375 324.131256103515625 327.756256103515625 331.38751220703125 335.125 339.6875 354.03125 370.14373779296875 386.29376220703125 398.125 407.17498779296875 417.318756103515625 421.71875 423.850006103515625 429.0625 434.04998779296875 440.350006103515625 447.899993896484375 455.068756103515625
274.63751220703125 272.86248779296875 270.912506103515625 269.806243896484375 268.868743896484375 270.14373779296875 272.13751220703125 277.962493896484375 288.381256103515625 306.712493896484375 327.88751220703125 341.181243896484375 349.98748779296875 356.274993896484375 361.056243896484375 363.40625 363.14373779296875 358.08123779296875 349.86248779296875 342.181243896484375 329.86248779296875 320.131256103515625 313.73126220703125 308.962493896484375 308.45623779296875 309.14373779296875 311.5625 315.54376220703125 320.506256103515625 325.14373779296875 329.118743896484375 336.48748779296875 351.82501220703125 365.67498779296875 378.024993896484375 388.90625 396.5625 403.962493896484375 408.100006103515625 408.493743896484375 411.67498779296875 416.056243896484375 420.65625 425.04376220703125 431.524993896484375
