data/historical-monthly-weather-data/wc2.1_cruts4.09_10m_prec_1996-11.asc
ncols        51
nrows        45
xllcorner    -63.500000000000
yllcorner    -7.500000000000
cellsize     0.166666666667
NODATA_value -9999
[rows 19 to 37 of 45, columns 0 to 43 of 51]
143.493743896484375 147.024993896484375 149.4562530517578125 152.2687530517578125 154.9250030517578125 157.212493896484375 158.59375 159.118743896484375 159.662506103515625 159.40625 157.306243896484375 151.90625 145.1125030517578125 138.212493896484375 133.399993896484375 129.4499969482421875 125.8874969482421875 127.3562469482421875 130.274993896484375 135.399993896484375 143.1062469482421875 148.21875 152.25 155.0749969482421875 157.649993896484375 158.2312469482421875 155.931243896484375 151.4375 141.118743896484375 128.2937469482421875 120.3000030517578125 122.50624847412109375 126.75624847412109375 131.618743896484375 135.475006103515625 139.0500030517578125 143.2624969482421875 147.587493896484375 149.8125 151.225006103515625 151.806243896484375 150.3000030517578125 145.4812469482421875 141.5625
135.712493896484375 140.3249969482421875 143.8249969482421875 147.024993896484375 149.618743896484375 152.6437530517578125 155.4437408447265625 157.412506103515625 159.287506103515625 159.712493896484375 158.71875 154.7687530517578125 149.3312530517578125 142.25 137.0749969482421875 131.7312469482421875 127.40000152587890625 126.9250030517578125 129.774993896484375 132.7312469482421875 140.399993896484375 147.0625 151.6750030517578125 155.600006103515625 159.256256103515625 160.71875 158.337493896484375 152.125 144.368743896484375 138.2937469482421875 133.806243896484375 134.59375 137.40625 141.506256103515625 145.7687530517578125 150.712493896484375 154.03125 157.3562469482421875 158.399993896484375 159.2624969482421875 158.662506103515625 156.3562469482421875 152.524993896484375 148.056243896484375
128.8249969482421875 132.78125 136.875 140.662506103515625 144.225006103515625 147.743743896484375 151.681243896484375 154.6875 158.3937530517578125 160.412506103515625 160.6875 158.7937469482421875 154.8874969482421875 148.4187469482421875 142.2312469482421875 136.100006103515625 131.8562469482421875 130.21875 130.8249969482421875 133.03125 137.9187469482421875 143.5625 149.1750030517578125 153.6374969482421875 157.375 159.9375 160.181243896484375 156.3874969482421875 152.3187408447265625 148.6687469482421875 144.625 144.9562530517578125 147.5437469482421875 152.96875 158.78125 163.443756103515625 166.6750030517578125 169.1374969482421875 168.1999969482421875 168.056243896484375 166.4499969482421875 163.4250030517578125 159.662506103515625 155.90625
122.1687469482421875 127.0124969482421875 131.0187530517578125 135.0187530517578125 139.0437469482421875 142.787506103515625 146.618743896484375 151.350006103515625 156.662506103515625 159.7687530517578125 162.1062469482421875 162.100006103515625 162.1875 157.0500030517578125 148.25 140.34375 134.9499969482421875 132.8874969482421875 132.0625 132.756256103515625 136.943756103515625 141.53125 146.149993896484375 151.0124969482421875 156.4875030517578125 160.756256103515625 161.59375 160.9250030517578125 158.4812469482421875 156.0812530517578125 154.443756103515625 155.1437530517578125 159.3187408447265625 165.46875 171.350006103515625 176.524993896484375 179.850006103515625 180.287506103515625 178.024993896484375 176.600006103515625 174.881256103515625 171.0812530517578125 166.943756103515625 162.9562530517578125
115.4812469482421875 120.06874847412109375 124.1875 127.75624847412109375 132.1125030517578125 136.912506103515625 141.59375 147.131256103515625 152.3562469482421875 156.600006103515625 160.243743896484375 164.3312530517578125 167.6999969482421875 162.818756103515625 152.84375 144.4250030517578125 138.46875 135.9812469482421875 134.2375030517578125 133.4562530517578125 136.8562469482421875 140.600006103515625 144.0124969482421875 149.2687530517578125 155.337493896484375 160.193756103515625 164.28125 163.6687469482421875 163.8125 162.9375 163.6999969482421875 165.71875 170.1999969482421875 176.131256103515625 182.743743896484375 189.3000030517578125 192.7687530517578125 191.2375030517578125 188.3625030517578125 185.818756103515625 183.0812530517578125 178.931243896484375 174.6125030517578125 170.243743896484375
110.4812469482421875 113.9875030517578125 117.875 121.5437469482421875 126.375 130.9499969482421875 135.6437530517578125 141.1062469482421875 146.8625030517578125 151.725006103515625 156.524993896484375 160.0187530517578125 163.09375 160.9375 153.568756103515625 146.2062530517578125 140.5562591552734375 137.5187530517578125 135.5812530517578125 134.3187408447265625 136.631256103515625 138.7937469482421875 142.1875 147.399993896484375 153.3562469482421875 160.46875 164.899993896484375 167.1374969482421875 168.306243896484375 170.087493896484375 171.5749969482421875 174.5187530517578125 179.337493896484375 185.34375 191.1875 196.306243896484375 199.868743896484375 198.818756103515625 196.350006103515625 194.2624969482421875 190.899993896484375 186.5187530517578125 183.087493896484375 179.7687530517578125
107.1999969482421875 110.22499847412109375 112.34375 116.1750030517578125 120.0187530517578125 124.34999847412109375 128.8562469482421875 134.131256103515625 139.8000030517578125 145.0749969482421875 149.975006103515625 154.1125030517578125 156.6875 156.431243896484375 151.787506103515625 146.381256103515625 141.9187469482421875 139.1437530517578125 137.149993896484375 135.8562469482421875 137.212493896484375 138.6125030517578125 140.5 144.8562469482421875 152.037506103515625 160.5500030517578125 166.6875 170.868743896484375 173.96875 176.943756103515625 179.100006103515625 182.4250030517578125 187.600006103515625 192.40625 197.8125 201.912506103515625 204.6437530517578125 205.2562408447265625 204.381256103515625 202.337493896484375 199.5625 195.0437469482421875 189.868743896484375 187.4375
104.96250152587890625 106.1374969482421875 107.9562530517578125 110.7312469482421875 113.6374969482421875 117.63124847412109375 122.90625 127.91249847412109375 132.8062591552734375 138.4187469482421875 144.3937530517578125 149.337493896484375 152.850006103515625 154.3562469482421875 151.306243896484375 146.662506103515625 143.181243896484375 141.125 139.4499969482421875 137.7375030517578125 138.59375 139.4375 140.4812469482421875 145.037506103515625 153.475006103515625 162.1875 168.6374969482421875 173.837493896484375 178.743743896484375 181.350006103515625 184.649993896484375 188.3125 194.2937469482421875 199.524993896484375 203.756256103515625 207.4562530517578125 210.0812530517578125 210.6999969482421875 211.243743896484375 210.2687530517578125 208.118743896484375 202.7312469482421875 197.03125 192.90625
102.6374969482421875 102.00624847412109375 103.22499847412109375 105.0187530517578125 107.46875 111.15625 116.1750030517578125 121.50624847412109375 127.01250457763671875 132.837493896484375 138.4375 144.318756103515625 149.024993896484375 151.9499969482421875 150.431243896484375 147.118743896484375 144.1125030517578125 143 141.5812530517578125 140.318756103515625 141.431243896484375 141.9437408447265625 144.3000030517578125 149.962493896484375 157.631256103515625 165.4562530517578125 171.5187530517578125 177.475006103515625 182.556243896484375 185.5 188.125 192.087493896484375 198.462493896484375 203.4187469482421875 208.9562530517578125 212.5500030517578125 215.0500030517578125 217.212493896484375 217.03125 218.5749969482421875 218.6374969482421875 213.03125 203.0437469482421875 197.2750091552734375
100.7687530517578125 98.47499847412109375 98.4499969482421875 99.6062469482421875 101.47499847412109375 105.0437469482421875 109.77500152587890625 115.0812530517578125 121.46875 127.4562530517578125 133.4812469482421875 139.774993896484375 145.875 149.9375 149.3249969482421875 147.899993896484375 146.4875030517578125 145.21875 144.1750030517578125 143.399993896484375 144.962493896484375 145.9875030517578125 148.8937530517578125 155.4812469482421875 162.6687469482421875 169.7624969482421875 176.1062469482421875 181.3874969482421875 186.78125 188.9187469482421875 191.556243896484375 194.931243896484375 200.662506103515625 206.375 213.037506103515625 216.8000030517578125 219.899993896484375 221.899993896484375 222.1062469482421875 222.8937530517578125 224.9875030517578125 218.100006103515625 209.59375 207.3312530517578125
103.27500152587890625 99.4375 98.28749847412109375 97.5 98.6750030517578125 102.0625 106.47499847412109375 111.5500030517578125 117.8874969482421875 123.65000152587890625 129.90625 136.962493896484375 143.837493896484375 149.4375 150.131256103515625 149.96875 148.8000030517578125 148.7687530517578125 147.7937469482421875 147.350006103515625 149.1062469482421875 151.6750030517578125 154.975006103515625 160.7375030517578125 167.475006103515625 174.5 180.3000030517578125 184.9187469482421875 189.4375 192.4375 195.0437469482421875 198.431243896484375 204.2937469482421875 211.068756103515625 217.6687469482421875 220.90625 223.6125030517578125 227.25 225.6437530517578125 225.5187530517578125 227.256256103515625 227.4875030517578125 223.7937469482421875 224.4187469482421875
105.88124847412109375 100.78125 98.61875152587890625 96.96875 96.7937469482421875 100.25 104.28749847412109375 108.75 114.4812469482421875 120.84375 127.4875030517578125 135.100006103515625 143.087493896484375 148.806243896484375 150.96875 152.25 153.09375 152.9562530517578125 151.774993896484375 152.8874969482421875 155.4250030517578125 158.318756103515625 161.787506103515625 167.09375 172.6750030517578125 179.34375 184.0124969482421875 188.4187469482421875 192.212493896484375 195.0812530517578125 198.2687530517578125 202.3000030517578125 208.131256103515625 216.0625 222.0500030517578125 225.375 229.0124969482421875 234.3937530517578125 231.899993896484375 225.8249969482421875 229.40625 235.725006103515625 237.8249969482421875 239.4562530517578125
108.8000030517578125 102.93125152587890625 99.9875030517578125 98.1687469482421875 97.7375030517578125 99.7062530517578125 103.03125 106.66249847412109375 112.22499847412109375 118.41249847412109375 125.23125457763671875 133.6062469482421875 141.931243896484375 149.162506103515625 153.3000030517578125 156.181243896484375 158.193756103515625 158.443756103515625 158.475006103515625 160.125 162.9562530517578125 165.5749969482421875 168.6062469482421875 173.162506103515625 178.71875 183.975006103515625 187.6125030517578125 191.287506103515625 194.2937469482421875 198.037506103515625 201.7062530517578125 205.537506103515625 212.056243896484375 219.537506103515625 227.3125 231.46875 235.899993896484375 240.399993896484375 236.931243896484375 234.46875 241.9250030517578125 251.4499969482421875 257.20001220703125 264.98126220703125
115.65000152587890625 109.94374847412109375 106.41249847412109375 104.0500030517578125 102.71250152587890625 103.43125152587890625 105.4875030517578125 108.1062469482421875 112.72499847412109375 118.2687530517578125 125.55625152587890625 133.7687530517578125 142.962493896484375 152.256256103515625 157.412506103515625 161.931243896484375 164.912506103515625 167.0625 168.274993896484375 170.1687469482421875 172.78125 174.462493896484375 176.181243896484375 179.65625 184.181243896484375 188.125 191.068756103515625 193.806243896484375 197.125 201.1062469482421875 205.243743896484375 209.568756103515625 216.3625030517578125 223.875 232.8625030517578125 238.6062469482421875 245.0437469482421875 249.693756103515625 248.0812530517578125 253.5749969482421875 262.725006103515625 273.131256103515625 283.756256103515625 297.65625
122.66249847412109375 117.43125152587890625 113.43125152587890625 110.61875152587890625 108.16249847412109375 107.88124847412109375 108.25 109.86875152587890625 113.6999969482421875 118.3249969482421875 124.83750152587890625 134.40625 144.931243896484375 154.556243896484375 161.34375 167.681243896484375 173.1062469482421875 176.21875 178.3874969482421875 180.868743896484375 182.71875 183.725006103515625 184.631256103515625 186.524993896484375 189.4812469482421875 191.787506103515625 194.5 196.368743896484375 199.21875 203.5437469482421875 208.318756103515625 213.993743896484375 221.399993896484375 229.462493896484375 239.1999969482421875 246.9375 253.537506103515625 258.04376220703125 262.71875 272.60626220703125 282.806243896484375 295.318756103515625 311.756256103515625 330.943756103515625
130.34375 125.50624847412109375 121.1374969482421875 117.3125 114.19374847412109375 112.71250152587890625 111.6750030517578125 112.11875152587890625 114.19374847412109375 118.4187469482421875 125.08750152587890625 135.8562469482421875 147.40625 158.912506103515625 167.712493896484375 174.6437530517578125 181.8937530517578125 185.9187469482421875 188.756256103515625 191.443756103515625 193.125 193.3625030517578125 193.0625 192.8000030517578125 193.381256103515625 194.8625030517578125 196.337493896484375 198.3937530517578125 200.5500030517578125 205.4875030517578125 211.53125 217.725006103515625 225.4250030517578125 234.9875030517578125 243.96875 251.443756103515625 258.79998779296875 269.693756103515625 277.75 287.83123779296875 300.51251220703125 313.42498779296875 330.95623779296875 350.75
140.3249969482421875 135.5124969482421875 131.1125030517578125 126.8562469482421875 123.34375 121.1374969482421875 119.21875 117.6062469482421875 118.0625 120.7687530517578125 127.74375152587890625 139.212493896484375 152.431243896484375 165.412506103515625 174.5124969482421875 183.5187530517578125 190.5812530517578125 195.3625030517578125 199.2937469482421875 203.1125030517578125 203.8937530517578125 201.90625 200.056243896484375 198.618743896484375 197.8125 197.6750030517578125 198.8125 200.662506103515625 202.78125 207.1750030517578125 214.2375030517578125 220.5875091552734375 229.149993896484375 238.6750030517578125 246.4250030517578125 253.5437469482421875 265.95001220703125 277.04998779296875 284.98126220703125 296.60626220703125 310.600006103515625 322.556243896484375 337.58123779296875 355.66876220703125
150.618743896484375 146.2312469482421875 142.037506103515625 137.8937530517578125 133.931243896484375 131.0124969482421875 127.75624847412109375 124.7375030517578125 123.1875 122.63124847412109375 130.649993896484375 146.431243896484375 160.193756103515625 172.024993896484375 181.90625 191.318756103515625 199.1125030517578125 203.9562530517578125 208.256256103515625 211.7062530517578125 211.3562469482421875 208.443756103515625 205.75 202.9562530517578125 200.787506103515625 200.212493896484375 200.0749969482421875 202.149993896484375 203.537506103515625 209.0625 215.993743896484375 224.1624908447265625 232.53125 242.243743896484375 250.1062469482421875 259.068756103515625 271.45001220703125 283.65625 293.181243896484375 302.431243896484375 314.51873779296875 325.125 338.506256103515625 355.20001220703125
162.037506103515625 157.537506103515625 153.1750030517578125 149.2375030517578125 145.0812530517578125 141.6999969482421875 138.1437530517578125 134.5187530517578125 132.243743896484375 130.0187530517578125 142.6125030517578125 159.631256103515625 170.6125030517578125 180.6687469482421875 190.162506103515625 199.4375 207.399993896484375 211.712493896484375 215.0625 216.381256103515625 215.931243896484375 213.350006103515625 210.462493896484375 206.068756103515625 203.25 201.837493896484375 201.3000030517578125 202.9812469482421875 204.649993896484375 211.225006103515625 216.318756103515625 224.2375030517578125 233.537506103515625 243.399993896484375 252.068756103515625 262.806243896484375 275.875 287.618743896484375 299.324981689453125 309.743743896484375 317.5 327.899993896484375 337.037506103515625 348.89373779296875
