data/historical-monthly-weather-data/wc2.1_cruts4.09_10m_prec_1999-01.asc
ncols        51
nrows        45
xllcorner    -63.500000000000
yllcorner    -7.500000000000
cellsize     0.166666666667
NODATA_value -9999
[rows 0 to 19 of 45, columns 0 to 44 of 51]
280.86248779296875 280.67498779296875 269.881256103515625 262.337493896484375 252.181243896484375 246 236.5749969482421875 223.6687469482421875 211.256256103515625 201.9375 194.6750030517578125 187.037506103515625 177.9250030517578125 164.725006103515625 154.243743896484375 146.087493896484375 138.4250030517578125 129.75 127.1062469482421875 124.6437530517578125 125.61875152587890625 128.225006103515625 130.8562469482421875 133.59375 137.9875030517578125 141.71875 147.243743896484375 154.1500091552734375 161.9562530517578125 168.818756103515625 176.4187469482421875 184.256256103515625 190.65625 198.899993896484375 205.7687530517578125 213.087493896484375 217.6125030517578125 220.8125 224.2562408447265625 227.087493896484375 228.90625 230.4250030517578125 230.6374969482421875 231.243743896484375 232.0812530517578125
297.899993896484375 296.9375 289.20001220703125 281.57501220703125 275.15625 270.181243896484375 261.40625 252.631256103515625 243.1687469482421875 233.912506103515625 223.381256103515625 211.568756103515625 198.5437469482421875 186.125 173.71875 162.4250030517578125 151.912506103515625 143.681243896484375 138.931243896484375 136.462493896484375 138.7062530517578125 141.631256103515625 145.287506103515625 149.6750030517578125 153.1687469482421875 156.662506103515625 162.556243896484375 168.8312530517578125 175.337493896484375 183.34375 190.899993896484375 198.100006103515625 204.40625 213.90625 220.318756103515625 225.006256103515625 231.787506103515625 234.8625030517578125 236.9250030517578125 238.881256103515625 240.96875 241.8125 240.2312469482421875 239.9562530517578125 239.493743896484375
308.431243896484375 308.337493896484375 301.76251220703125 296.181243896484375 292.131256103515625 288.693756103515625 283.92498779296875 279.443756103515625 271.8125 263.14373779296875 252 237.8249969482421875 223.631256103515625 208.5500030517578125 194.0124969482421875 179.5500030517578125 167.587493896484375 159.5187530517578125 154.1999969482421875 153.15625 156.75 161.7687530517578125 165.975006103515625 169.2624969482421875 171.96875 174.5187530517578125 179.993743896484375 185.600006103515625 190.2624969482421875 196.9875030517578125 205.681243896484375 213.7062530517578125 221.6687469482421875 227.412506103515625 235.506256103515625 239.787506103515625 245.256256103515625 249.318756103515625 250.506256103515625 250.618743896484375 252.4375 251.693756103515625 249.7624969482421875 248.03125 244.9187469482421875
314.88751220703125 315.64373779296875 314.73126220703125 311.381256103515625 311.287506103515625 304.95001220703125 304.556243896484375 305.70623779296875 302.60626220703125 296.83123779296875 283.412506103515625 266.15625 249.306243896484375 232.4562530517578125 216.181243896484375 199.53125 184.631256103515625 174.8312530517578125 170.9562530517578125 173.0124969482421875 179.7687530517578125 185.8312530517578125 188.318756103515625 191.53125 193.7375030517578125 195.5187530517578125 200.475006103515625 203.1374969482421875 206.6125030517578125 213.524993896484375 221.568756103515625 231.09375 238.1750030517578125 244.037506103515625 249.9375 255.774993896484375 259.506256103515625 263.381256103515625 264.36248779296875 264.83123779296875 263.399993896484375 262.67498779296875 259.868743896484375 255.8375091552734375 251.6999969482421875
331.51873779296875 328 324.818756103515625 324.962493896484375 325.92498779296875 324.256256103515625 323.70001220703125 328.6875 331.54376220703125 329.63751220703125 313.556243896484375 293.98126220703125 276.83123779296875 259.787506103515625 241.475006103515625 222.53125 204.7624969482421875 191.6999969482421875 190.962493896484375 197.274993896484375 206.568756103515625 212.162506103515625 214.693756103515625 216.125 216.681243896484375 218.712493896484375 219.631256103515625 220.993743896484375 225.881256103515625 232.0124969482421875 239.78125 245.6687469482421875 254.0562591552734375 261.54376220703125 267.506256103515625 272.23126220703125 276.881256103515625 277.76251220703125 277.975006103515625 276.82501220703125 276.59375 273.40625 270.04998779296875 264.175018310546875 258.53125
342.45001220703125 340.943756103515625 338.01873779296875 335.84375 336.475006103515625 335.91876220703125 336.975006103515625 340.287506103515625 343.912506103515625 344.818756103515625 329.193756103515625 312.756256103515625 296.743743896484375 281.70001220703125 263.587493896484375 248.3562469482421875 230.7624969482421875 218.0187530517578125 221.2062530517578125 229.1999969482421875 235.96875 239 241.118743896484375 239.4499969482421875 238.837493896484375 238.90625 239.6687469482421875 240.0062408447265625 243.3249969482421875 250.4000091552734375 256.82501220703125 262.862518310546875 268.162506103515625 275.618743896484375 284.15625 287.506256103515625 290.53125 291.787506103515625 291.087493896484375 290.10626220703125 286.09375 282.76873779296875 277.63751220703125 271.32501220703125 265.037506103515625
352.60626220703125 351.943756103515625 350.100006103515625 345.337493896484375 342.58123779296875 338.78125 338.787506103515625 339.993743896484375 339.78125 336.58123779296875 332.45623779296875 323.631256103515625 314.9375 303.993743896484375 290.475006103515625 278.95623779296875 268.662506103515625 266.33123779296875 270.399993896484375 272.60626220703125 269.5625 268.881256103515625 265.5 262.375 261.01873779296875 258.587493896484375 258.64373779296875 259.14373779296875 260.306243896484375 266.51251220703125 274.631256103515625 280.53125 284.631256103515625 289.95001220703125 296.399993896484375 301.14373779296875 303.38751220703125 304.98126220703125 305.6875 301.25 294.79998779296875 290.149993896484375 284.34375 277.67498779296875 270.662506103515625
364.51251220703125 359.681243896484375 356.89373779296875 353.66876220703125 349.79376220703125 346.10626220703125 341.26873779296875 332.89373779296875 325.57501220703125 327.86248779296875 334.368743896484375 334.756256103515625 332.881256103515625 325.368743896484375 318.068756103515625 311.618743896484375 308.66876220703125 314.5 324.57501220703125 318.66876220703125 304.98126220703125 297.443756103515625 290.600006103515625 286.212493896484375 283.86248779296875 279.25 277.54376220703125 276.92498779296875 279.21875 285.53125 291.306243896484375 297.14373779296875 300.32501220703125 304.51251220703125 309.431243896484375 313.13751220703125 315.34375 316.5625 314.9375 311.10626220703125 304.9375 299.63751220703125 293.35626220703125 285.431243896484375 279.649993896484375
374.53125 369.59375 367.04998779296875 362.006256103515625 358.975006103515625 353.006256103515625 346.625 337.899993896484375 326.48126220703125 325.29998779296875 340.693756103515625 346.95623779296875 350.14373779296875 346.056243896484375 342.837493896484375 339.98126220703125 339.64373779296875 345.98126220703125 353.8125 344.64373779296875 325.95623779296875 316.66876220703125 307.76251220703125 306.149993896484375 302.568756103515625 296.73126220703125 294.681243896484375 292.35626220703125 294.462493896484375 300.98126220703125 307.26873779296875 310.36248779296875 313.10626220703125 315.51251220703125 319.09375 321.20623779296875 324.0625 324.881256103515625 322.63751220703125 318.725006103515625 311.88751220703125 305.92498779296875 301.806243896484375 295.787506103515625 289.39373779296875
383.681243896484375 378.79376220703125 373.962493896484375 369.79998779296875 367.39373779296875 362.84375 357.20623779296875 351.962493896484375 347.03125 350.743743896484375 361.100006103515625 366.975006103515625 369.600006103515625 367.13751220703125 366.637481689453125 366.662506103515625 365.91876220703125 366.08123779296875 364.243743896484375 356.13751220703125 339.024993896484375 329.51873779296875 322.287506103515625 323.40625 317.88751220703125 310.475006103515625 308.21875 306.625 307.125 312.818756103515625 317.6875 320.91876220703125 323.82501220703125 326.54376220703125 329.66876220703125 330.14373779296875 331.318756103515625 332.04998779296875 329.15625 324.90625 320.01873779296875 314.4375 309.618743896484375 302.15625 297.181243896484375
394.100006103515625 389.54376220703125 382.84375 377.86248779296875 374.125 371.70623779296875 368.943756103515625 369.506256103515625 370.01251220703125 375.943756103515625 387.65625 393.20001220703125 391.70001220703125 387.806243896484375 387.95623779296875 388.300018310546875 385.899993896484375 379.743743896484375 371.0625 360.07501220703125 347.35626220703125 337.92498779296875 335.056243896484375 334.037506103515625 332.73126220703125 323.162506103515625 319.65625 318.118743896484375 318.04376220703125 320.73748779296875 324.85626220703125 328.787506103515625 332.287506103515625 335.26873779296875 337.57501220703125 338.70001220703125 338.76873779296875 337.375 335.181243896484375 331.61248779296875 326.493743896484375 319.350006103515625 314.35626220703125 307.412506103515625 302.743743896484375
400.112518310546875 395.462493896484375 389.912506103515625 387.33123779296875 384.82501220703125 382.175018310546875 382.04376220703125 387.850006103515625 391.9375 398.493743896484375 411.28125 422.25 419.01873779296875 413.024993896484375 411.26251220703125 407.256256103515625 402.54376220703125 389.21875 376.943756103515625 361.84375 346.987518310546875 339.068756103515625 340.493743896484375 345.98126220703125 342.649993896484375 328.84375 325.01873779296875 323.26251220703125 324.131256103515625 328.40625 332.16876220703125 334.85626220703125 338.23126220703125 340.98748779296875 343.274993896484375 344.26251220703125 344.274993896484375 342.26251220703125 339.493743896484375 336.29998779296875 330.91876220703125 323.0625 313.850006103515625 304.48748779296875 297.306243896484375
407.35626220703125 403.993743896484375 399.693756103515625 396.75 394.63751220703125 395.75 397.181243896484375 401.943756103515625 407.82501220703125 416.306243896484375 428.993743896484375 442.912506103515625 443.40625 434.0625 430.350006103515625 424.58123779296875 415.96875 402.14373779296875 386.29998779296875 367.71875 343.993743896484375 338.3125 343.118743896484375 345.350006103515625 335.26873779296875 323.9375 326.024993896484375 328.73126220703125 330.35626220703125 335.162506103515625 338.76873779296875 340.54998779296875 342.475006103515625 344.61248779296875 346.48126220703125 347.162506103515625 346.26251220703125 343.95623779296875 340.131256103515625 336.381256103515625 332.26251220703125 322.73126220703125 306.86248779296875 291.95001220703125 282.943756103515625
411.493743896484375 410.068756103515625 406.5 404.412506103515625 403.8125 403.33123779296875 406.225006103515625 414.46875 421.068756103515625 429.76873779296875 438.537506103515625 451.16876220703125 453.3125 450.725006103515625 443.649993896484375 438.51251220703125 427.83123779296875 413.96875 396.23126220703125 378.118743896484375 358.01251220703125 349.306243896484375 345.6875 344.100006103515625 333.943756103515625 326.568756103515625 329.35626220703125 332.693756103515625 337.087493896484375 341.193756103515625 344.412506103515625 345.76251220703125 346.287506103515625 346.493743896484375 348.375 348.0625 347.36248779296875 345.83123779296875 340.024993896484375 333.34375 325.0625 307.01873779296875 292.57501220703125 282.5 276.837493896484375
416.350006103515625 415.5 413.46875 412.03125 413.65625 414.58123779296875 419.337493896484375 425.95623779296875 431.73126220703125 437.943756103515625 446.443756103515625 457.056243896484375 461.931243896484375 462.03125 454.34375 447.21875 435.92498779296875 419.73126220703125 403.61248779296875 389.20623779296875 372.006256103515625 358.600006103515625 351.71875 346.86248779296875 341.40625 336.287506103515625 337.71875 341.381256103515625 344.725006103515625 349.181243896484375 350.681243896484375 349.07501220703125 350.20001220703125 348.54376220703125 348.35626220703125 346.162506103515625 345.82501220703125 345.306243896484375 337.76251220703125 321.51251220703125 302.11248779296875 289.693756103515625 283.568756103515625 277.66876220703125 270.10626220703125
419.375 418.399993896484375 417.506256103515625 416.9375 419.73126220703125 421.568756103515625 426.912506103515625 432.83123779296875 437.07501220703125 443.85626220703125 451.993743896484375 462.98748779296875 469.71875 471.23748779296875 464.67498779296875 451.743743896484375 441.243743896484375 425.943756103515625 409.524993896484375 396.53125 383.66876220703125 370.76873779296875 361.181243896484375 355.15625 349.681243896484375 345.256256103515625 345.20623779296875 350 354.506256103515625 359.20001220703125 359.64373779296875 355.57501220703125 350.83123779296875 347.33123779296875 344.556243896484375 344.73748779296875 344.51251220703125 341.943756103515625 331.67498779296875 311.23748779296875 286.65625 277.17498779296875 274.975006103515625 269.625 263.493743896484375
418.91876220703125 419.0625 417.67498779296875 418.756256103515625 423.318756103515625 425.79376220703125 431.73126220703125 437.29998779296875 441.76251220703125 447.118743896484375 455.931243896484375 468.931243896484375 476.89373779296875 479.46875 473.149993896484375 460.806243896484375 440.618743896484375 425.04998779296875 412.66876220703125 404.462493896484375 392.32501220703125 381.131256103515625 370.6875 363.100006103515625 358.98126220703125 353.42498779296875 351.9375 356.5625 363.51873779296875 369.28125 370.337493896484375 364.318756103515625 355.131256103515625 346.5625 345.23748779296875 345.149993896484375 342.912506103515625 341.75 335.412506103515625 310.34375 285.524993896484375 274.712493896484375 268.556243896484375 263.45623779296875 257.95623779296875
419.5625 420.32501220703125 419.4375 422.26251220703125 426.42498779296875 430.73126220703125 437.162506103515625 442.899993896484375 446.42498779296875 451.54376220703125 457.006256103515625 472.63751220703125 482.10626220703125 484.868743896484375 477.45623779296875 462.20623779296875 441.131256103515625 419.975006103515625 414.17498779296875 408.118743896484375 400.21875 390.056243896484375 379.79376220703125 371.743743896484375 365.95623779296875 361.100006103515625 356.76873779296875 363.32501220703125 373.225006103515625 380.556243896484375 378.71875 362.618743896484375 351.32501220703125 344.125 339.837493896484375 338.67498779296875 340.14373779296875 338.993743896484375 329.131256103515625 311.26873779296875 287.63751220703125 274.024993896484375 265.837493896484375 260.20623779296875 254.75
415.368743896484375 417.337493896484375 418.09375 423.04998779296875 429.11248779296875 434.443756103515625 438.95623779296875 446.36248779296875 450.14373779296875 454.26873779296875 458.34375 469.556243896484375 481.29998779296875 490.0625 479.631256103515625 458.96875 435.0625 413.98748779296875 403.5625 402.875 402.181243896484375 397.25 381.63751220703125 376.73126220703125 371.631256103515625 368.53125 367.84375 371.29998779296875 381.10626220703125 388.79998779296875 387.51251220703125 365.524993896484375 348.57501220703125 332.943756103515625 325.037506103515625 327.64373779296875 331.543731689453125 330.16876220703125 324.193756103515625 308.76873779296875 288.662506103515625 273.51251220703125 263.743743896484375 258 252.3312530517578125
409.23748779296875 411.712493896484375 413.662506103515625 417.5 425.35626220703125 434.04998779296875 440.32501220703125 446.037506103515625 449.037506103515625 452.056243896484375 454.024993896484375 464.59375 480.412506103515625 495.350006103515625 477.743743896484375 447.23126220703125 419.85626220703125 406.07501220703125 398.256256103515625 396.943756103515625 394.287506103515625 386.98126220703125 381.11248779296875 377.024993896484375 374.04376220703125 374.08123779296875 373.61248779296875 377.39373779296875 381 382 376.23748779296875 357.28125 337.056243896484375 316.375 304.98126220703125 310.225006103515625 321.84375 327.993743896484375 323.70001220703125 310.59375 291.32501220703125 273.493743896484375 264.475006103515625 257.993743896484375 251.65625
