data/historical-monthly-weather-data/wc2.1_cruts4.09_10m_prec_1985-09.asc
ncols        45
nrows        45
xllcorner    -63.500000000000
yllcorner    -7.500000000000
cellsize     0.166666666667
NODATA_value -9999
[rows 19 to 37 of 45, columns 0 to 42 of 45]
131.4562530517578125 125.59999847412109375 120.71875 117.30625152587890625 114.5124969482421875 114.2687530517578125 113.09375 111.0749969482421875 110.8125 108.78749847412109375 105.6750030517578125 100.3249969482421875 94.0187530517578125 87.77500152587890625 82.09999847412109375 77.79375457763671875 72.4812469482421875 70.7062530517578125 67.69374847412109375 67.34375 63.112499237060546875 59.49375152587890625 58.5 57.90000152587890625 56.31874847412109375 53.0625 50.143749237060546875 47.47499847412109375 43.106250762939453125 39.356250762939453125 37.16249847412109375 39.793750762939453125 40.40000152587890625 41.387500762939453125 40.68125152587890625 36.40000152587890625 31.9375 28.162500381469726562 24.831249237060546875 21.087499618530273438 17.206249237060546875 14.324999809265136719 13.09375
125.9812469482421875 121.4812469482421875 118.2937469482421875 115.5749969482421875 113.1125030517578125 112.40625 112.2624969482421875 111.4375 112.11875152587890625 111.28749847412109375 108.34999847412109375 104.1125030517578125 97.84375 90.4875030517578125 85.28125 79.2062530517578125 73.8625030517578125 70.1687469482421875 69.28749847412109375 66.75 64.6875 62.631252288818359375 60.41249847412109375 59.375 58.25624847412109375 55.30625152587890625 51.825000762939453125 48.05625152587890625 44.66249847412109375 43.637500762939453125 43.268749237060546875 45.28125 45.887500762939453125 47.09999847412109375 48.19374847412109375 41.71250152587890625 34.00624847412109375 28.5625 24.399999618530273438 20.756250381469726562 17.53125 15.293749809265136719 13.912500381469726562
122.1374969482421875 116.44374847412109375 113.8000030517578125 111.875 110.97499847412109375 111.8000030517578125 111.96250152587890625 112.7062530517578125 113.8874969482421875 113.72499847412109375 111.6999969482421875 108.3312530517578125 103.8874969482421875 97.5 91.4812469482421875 84.2062530517578125 78.5812530517578125 74.25 72.71875 70 65.69374847412109375 63.262500762939453125 61.02500152587890625 59.518749237060546875 57.549999237060546875 55.081249237060546875 53.52500152587890625 50.293750762939453125 48.41249847412109375 48.21250152587890625 48.262500762939453125 49.27500152587890625 49.03125 48.956249237060546875 46.55625152587890625 40.981250762939453125 33.86875152587890625 28.543750762939453125 24.325000762939453125 20.987499237060546875 18.256250381469726562 16.450000762939453125 15.3125
119.0749969482421875 114.875 111.6374969482421875 110.21875 109.46875 110.66249847412109375 112.25624847412109375 113.80625152587890625 116.47499847412109375 116.23749542236328125 116.40000152587890625 114.34999847412109375 112.4187469482421875 106.9875030517578125 98.40000152587890625 90.34999847412109375 83.33750152587890625 79.09999847412109375 75.71250152587890625 72.6437530517578125 68.3249969482421875 65.31874847412109375 62.22499847412109375 59.46250152587890625 57.66249847412109375 55.143749237060546875 53.53125 52.375 50.75 50.5 51.387500762939453125 52.68125152587890625 50.9375 48.481250762939453125 44.34999847412109375 38.143749237060546875 32.518749237060546875 27.737499237060546875 24.143749237060546875 21.543750762939453125 19.412500381469726562 17.762500762939453125 16.581249237060546875
118.88124847412109375 113.71250152587890625 111.1999969482421875 108.96875 107.3125 109.81874847412109375 112.0437469482421875 113.66249847412109375 116.1875 116.75624847412109375 116.78125 117.47499847412109375 118.44374847412109375 112.80625152587890625 103.02500152587890625 94.2375030517578125 87.2624969482421875 82.7624969482421875 79.21250152587890625 75.375 70.9812469482421875 67.08750152587890625 64.34375 61.487499237060546875 58.875 55.61875152587890625 53.924999237060546875 52.825000762939453125 52.549999237060546875 52.893749237060546875 53.737499237060546875 54.950000762939453125 52.00624847412109375 48.34375 43.825000762939453125 37.25624847412109375 32.200000762939453125 28.143751144409179688 24.893749237060546875 22.706249237060546875 20.575000762939453125 19.081249237060546875 18.075000762939453125
120.28749847412109375 114.6875 111.08750152587890625 108.0812530517578125 108.96250152587890625 110.7312469482421875 112.34375 113.9875030517578125 115.84999847412109375 117.13124847412109375 117.7624969482421875 117.1750030517578125 116.53749847412109375 112.56874847412109375 104.8625030517578125 96.74375152587890625 90.3625030517578125 85.36875152587890625 81.3874969482421875 78.00624847412109375 73.81874847412109375 69.5500030517578125 67.1875 64.13124847412109375 60.06874847412109375 57.31874847412109375 55.58750152587890625 54.65000152587890625 54.325000762939453125 55.143749237060546875 55.86875152587890625 56.53125 53.731250762939453125 49.46875 44.30625152587890625 38.200000762939453125 33.63124847412109375 29.581249237060546875 26.337499618530273438 23.918750762939453125 21.725000381469726562 20.537500381469726562 19.625
123.84999847412109375 119.77500152587890625 114.15000152587890625 111.61875152587890625 110.0625 111.1750030517578125 112.9812469482421875 114.24375152587890625 115.5625 117 116.3874969482421875 115.71875 114.2624969482421875 110.47499847412109375 104.59999847412109375 98.11875152587890625 92.02500152587890625 87.6875 83.61875152587890625 80.0437469482421875 75.97499847412109375 71.6999969482421875 69.50624847412109375 66.3874969482421875 62.331249237060546875 58.71875 57.80625152587890625 57.456249237060546875 56.78125 57.637500762939453125 58.375 59.1875 55.075000762939453125 50.40625 45.668750762939453125 40.6875 35.65625 31.387500762939453125 28.418750762939453125 25.631250381469726562 23.456249237060546875 22.143749237060546875 21.25
127.1374969482421875 121.6875 116.9250030517578125 114.38124847412109375 111.9562530517578125 112.80625152587890625 113.5812530517578125 113.69374847412109375 113.55625152587890625 114.59375 114.99375152587890625 114.27500152587890625 112.11875152587890625 109.03125 104.1374969482421875 98.56874847412109375 94.0124969482421875 89.24375152587890625 85.43125152587890625 81.9187469482421875 78.3874969482421875 74.375 71.83750152587890625 69.8874969482421875 65.5187530517578125 62.11875152587890625 61.206249237060546875 60.262500762939453125 59.643749237060546875 60.24375152587890625 60.8125 60.78749847412109375 57.28749847412109375 52.375 47.081249237060546875 42.393749237060546875 37.737499237060546875 33.24375152587890625 30.181249618530273438 27.418750762939453125 24.850000381469726562 23.668750762939453125 22.918750762939453125
129.9187469482421875 124.5187530517578125 120.5749969482421875 116.6374969482421875 114.5500030517578125 114.18125152587890625 114.3937530517578125 114.0437469482421875 113.00624847412109375 113.75 113.5124969482421875 112.38124847412109375 110.34999847412109375 108.3625030517578125 103.7312469482421875 98.91249847412109375 94.53749847412109375 90.34375 86.74375152587890625 84.0124969482421875 80.56874847412109375 77.1875 74.80625152587890625 72.49375152587890625 69.21875 65.6062469482421875 64.4187469482421875 63.49375152587890625 62.831249237060546875 63.58750152587890625 63.46875 63.237499237060546875 59.61875152587890625 54.262500762939453125 48.924999237060546875 44.143749237060546875 39.981250762939453125 35.69374847412109375 32.450000762939453125 29.450000762939453125 26.762500762939453125 25.600000381469726562 24.293750762939453125
133.1750030517578125 127.38124847412109375 122.46875 118.34375 115.65000152587890625 114.33750152587890625 113.6750030517578125 113.33750152587890625 112.5749969482421875 112.34999847412109375 111.56874847412109375 109.9875030517578125 109.21250152587890625 106.7312469482421875 102.5437469482421875 99.80625152587890625 97.19374847412109375 91.25 87.65000152587890625 85.2937469482421875 82.71875 80.19374847412109375 78.33750152587890625 76.1687469482421875 72.2624969482421875 69.2375030517578125 68.00624847412109375 67.4562530517578125 67.36875152587890625 66.9562530517578125 66.1999969482421875 65.5187530517578125 61.143749237060546875 55.96250152587890625 51.21875 46.231250762939453125 42.331249237060546875 38.33750152587890625 35.106250762939453125 31.81874847412109375 28.200000762939453125 26.493749618530273438 25.618749618530273438
136.0437469482421875 130.212493896484375 123.75 119.03749847412109375 115.7062530517578125 114.4250030517578125 113.5749969482421875 112.8125 111.74375152587890625 110.75 109.6374969482421875 109.0625 108.09999847412109375 106.18125152587890625 103.6687469482421875 100.3937530517578125 97.0625 92.9499969482421875 88.81874847412109375 86.4499969482421875 84.8312530517578125 83.46875 81.40625 78.9562530517578125 76.375 74.3125 72.72499847412109375 71.59375 70.5749969482421875 70.15000152587890625 69.75 68.78125 63.831249237060546875 58.43125152587890625 53.71250152587890625 49 45.0625 41.450000762939453125 37.38124847412109375 34.49375152587890625 31.112499237060546875 29.068750381469726562 27.612499237060546875
136.225006103515625 130.899993896484375 125.80625152587890625 119.8562469482421875 116.63124847412109375 115.4250030517578125 113.24375152587890625 111.86875152587890625 110.9875030517578125 110.19374847412109375 108.8125 107.9875030517578125 108.9499969482421875 106.9187469482421875 104.1125030517578125 101.0124969482421875 99.0124969482421875 95.28125 91.2375030517578125 89.5500030517578125 88.1437530517578125 87.5749969482421875 86.25624847412109375 83.6125030517578125 80.88124847412109375 79.1687469482421875 77.4499969482421875 75.9499969482421875 74.75624847412109375 72.90000152587890625 72.58750152587890625 71.5 66.2312469482421875 61.68125152587890625 56.80625152587890625 51.44374847412109375 47.450000762939453125 44.012500762939453125 40.575000762939453125 37.38124847412109375 33.731250762939453125 31.387500762939453125 29.625
137.306243896484375 130.71875 125.2937469482421875 120.56874847412109375 118.4187469482421875 115.8562469482421875 113.66249847412109375 112.0187530517578125 111.27500152587890625 109.9250030517578125 108.84999847412109375 107.90625 107.0437469482421875 106.7312469482421875 105.4375 104.41249847412109375 101.9250030517578125 98.625 95.91249847412109375 95.00624847412109375 94.1687469482421875 92.1062469482421875 91.1374969482421875 88.1750030517578125 86.8874969482421875 83.8937530517578125 81.5437469482421875 80.75 79.2687530517578125 77.1374969482421875 76.1125030517578125 73.75624847412109375 68.81874847412109375 64.02500152587890625 58.918750762939453125 53.53749847412109375 49.33750152587890625 45.28749847412109375 42.00624847412109375 38.96875 35.737499237060546875 33.36875152587890625 31.700000762939453125
135.1687469482421875 130.2312469482421875 124.75 120.8312530517578125 118.59375 116.3937530517578125 114.75 112.3312530517578125 111.21875 109.34375 110.9562530517578125 108.9499969482421875 108.5187530517578125 110.09375 109.11875152587890625 109.0187530517578125 107.5500030517578125 106.0500030517578125 103.6687469482421875 102.69374847412109375 100.86875152587890625 98.55625152587890625 95.96250152587890625 93.3312530517578125 91.8249969482421875 88.6374969482421875 86.3625030517578125 85.24375152587890625 83.7937469482421875 82.3000030517578125 80.0812530517578125 77.4812469482421875 71.8312530517578125 66.78125 61.91249847412109375 56.362499237060546875 51.50624847412109375 46.606250762939453125 43.58750152587890625 41.15625 38.24375152587890625 36.09375 34.575000762939453125
131.600006103515625 128.4812469482421875 124.86875152587890625 121.4499969482421875 118.75624847412109375 116.71250152587890625 115.4499969482421875 113.30625152587890625 111.33750152587890625 110.4812469482421875 110.3249969482421875 111.3249969482421875 111.08750152587890625 110.78749847412109375 111.8562469482421875 112.5124969482421875 113.59999847412109375 113.08750152587890625 112.0187530517578125 111.06874847412109375 108.6750030517578125 105.15625 101.74375152587890625 98.28125 95.71250152587890625 92.7312469482421875 90.5500030517578125 89.4187469482421875 87.6875 85.7375030517578125 83.66249847412109375 80.8874969482421875 75.19374847412109375 69.59375 64.50624847412109375 59.737499237060546875 53.88124847412109375 48.5625 45.818752288818359375 43.09375 40.31874847412109375 38.90625 37.75624847412109375
129.056243896484375 126.80625152587890625 124.2312469482421875 122.21875 120.13124847412109375 117.46875 116.5187530517578125 114.53749847412109375 111.65000152587890625 110.86875152587890625 111.8249969482421875 113.93125152587890625 114.1437530517578125 114.36875152587890625 115.99375152587890625 117.9875030517578125 119.49375152587890625 119.0625 120.34999847412109375 119.28749847412109375 116.97499847412109375 112.61875152587890625 107.24375152587890625 102.96875 99.03125 96.94374847412109375 95.3249969482421875 93.5749969482421875 91.75624847412109375 89.16249847412109375 86.63124847412109375 83.11875152587890625 77.63124847412109375 72.09375 66.53749847412109375 60.96875 55.668750762939453125 51.15000152587890625 48.09999847412109375 45.68125152587890625 42.456249237060546875 40.825000762939453125 40.1875
125.96875 123.66249847412109375 122.15625 120.71250152587890625 119.03749847412109375 117.3562469482421875 115.3312530517578125 114.625 112.53749847412109375 111.3625030517578125 112.9250030517578125 115.0625 117.27500152587890625 118.91249847412109375 120.6374969482421875 123.06874847412109375 124.5437469482421875 125.5749969482421875 127.21875 127.9875030517578125 123.8125 118.6437530517578125 111.69374847412109375 106.3937530517578125 102.7624969482421875 100.16249847412109375 98.06874847412109375 96.78125 95.2624969482421875 92.0625 89.3249969482421875 85.90000152587890625 79.9375 74.56874847412109375 69.09999847412109375 63.47499847412109375 59.46250152587890625 54.91249847412109375 51.90000152587890625 49.325000762939453125 46.75624847412109375 44.893749237060546875 43.575000762939453125
122.8562469482421875 121.21875 119.7687530517578125 118.15625 117.9499969482421875 116.6750030517578125 115.61875152587890625 114.7624969482421875 113.58750152587890625 111.65625 114.61875152587890625 120.84375 123.4875030517578125 124.91249847412109375 126.96250152587890625 128.287506103515625 130.068756103515625 130.149993896484375 130.912506103515625 131.1437530517578125 128.1750030517578125 121.0812530517578125 114.25 108.46875 104.81874847412109375 102.53749847412109375 100.2312469482421875 98.7062530517578125 97.46250152587890625 94.52500152587890625 91.28125 87.9187469482421875 82.6437530517578125 77.4499969482421875 72.1750030517578125 67.4187469482421875 63.3125 59.450000762939453125 56.09375 53.112499237060546875 50.4375 48.34999847412109375 47.21250152587890625
119.6437530517578125 119.0187530517578125 118.09999847412109375 116.47499847412109375 116.7687530517578125 116.63124847412109375 116.44374847412109375 116.63124847412109375 116.6062469482421875 115.1750030517578125 125.0437469482421875 130.6125030517578125 131.3562469482421875 131.625 132.7937469482421875 134.0437469482421875 133.2687530517578125 133.193756103515625 131.9499969482421875 130.2375030517578125 127.80625152587890625 121.34999847412109375 115.22499847412109375 109.59375 105.6999969482421875 103.125 101.8562469482421875 100.9499969482421875 99.93125152587890625 97 92.24375152587890625 88.6062469482421875 83.94374847412109375 80.15625 75.5749969482421875 70.09999847412109375 66.38124847412109375 62.75624847412109375 60.450000762939453125 57.80625152587890625 54.28749847412109375 53 50.78125
