data/historical-monthly-weather-data/wc2.1_cruts4.09_10m_prec_2001-04.asc
ncols        51
nrows        45
xllcorner    -63.500000000000
yllcorner    -7.500000000000
cellsize     0.166666666667
NODATA_value -9999
[rows 0 to 19 of 45, columns 0 to 43 of 51]
285.25 288.75 287.10626220703125 290.524993896484375 288.600006103515625 280.32501220703125 270.587493896484375 256.67498779296875 245.7375030517578125 238.837493896484375 235.28125 232.7937469482421875 229.368743896484375 224.5625 222.0437469482421875 220.4812469482421875 220.162506103515625 218.3312530517578125 219.056243896484375 219.837493896484375 220.1125030517578125 221.34375 222.475006103515625 228.493743896484375 233.3625030517578125 241.5437469482421875 253.818756103515625 269.08123779296875 283.51251220703125 297.8125 313.037506103515625 329.068756103515625 343.82501220703125 361.087493896484375 377.70001220703125 390.943756103515625 400.975006103515625 410.54376220703125 418.60626220703125 423.46875 427.86248779296875 429.587493896484375 426.837493896484375 426.33123779296875
293.618743896484375 297.61248779296875 304.23748779296875 310.04376220703125 314.14373779296875 304.45623779296875 292.53125 282.48126220703125 272.1875 263.54376220703125 257.962493896484375 252.6125030517578125 247.5 241.618743896484375 236.475006103515625 234.212493896484375 231.287506103515625 231.5437469482421875 233.068756103515625 233.875 234.1750030517578125 234.756256103515625 237.399993896484375 242.625 249.4812469482421875 257.38751220703125 269.337493896484375 284.631256103515625 297.506256103515625 311.59375 328.28125 346.65625 362.79998779296875 382.17498779296875 398.71875 412.806243896484375 427.100006103515625 438.431243896484375 445.90625 449.337493896484375 452.23126220703125 454.23126220703125 451.443756103515625 447.649993896484375
291.125 297.45001220703125 302.912506103515625 310.9375 316.850006103515625 311.23126220703125 304.162506103515625 298.162506103515625 292.774993896484375 284.82501220703125 276.91876220703125 269.45001220703125 263.649993896484375 255.3874969482421875 249.6999969482421875 246.1125030517578125 242.412506103515625 241.875 241.600006103515625 242.306243896484375 243.3562469482421875 244.8125 246.4375 252.5437469482421875 261.056243896484375 270 283.65625 296.125 307.58123779296875 322.70001220703125 338.868743896484375 355.931243896484375 375.86248779296875 395.443756103515625 411.625 425.98126220703125 444.087493896484375 459.54998779296875 466.46875 471.11248779296875 474.58123779296875 473.25 469.743743896484375 466.037506103515625
282.13751220703125 288.91876220703125 298.162506103515625 304.13751220703125 310.01873779296875 310.82501220703125 309.850006103515625 309.162506103515625 308.76873779296875 304.98748779296875 296.462493896484375 286.23126220703125 276.756256103515625 268.681243896484375 261.98126220703125 257.79376220703125 254.15625 252.0124969482421875 250.256256103515625 250 252.068756103515625 253.6062469482421875 254.337493896484375 262.368743896484375 271.806243896484375 280.51251220703125 295.26251220703125 306.61248779296875 318.056243896484375 334.756256103515625 350.70001220703125 367.51251220703125 384.868743896484375 404.41876220703125 421.568756103515625 440.53125 459.45001220703125 476.712493896484375 487.58123779296875 491.118743896484375 495.125 494.893768310546875 487.350006103515625 480.39373779296875
286.16876220703125 287.899993896484375 288.962493896484375 294.79998779296875 303.5625 307.662506103515625 309.506256103515625 314.375 319.8125 321.912506103515625 311.8125 296.806243896484375 287.04998779296875 279.399993896484375 272.337493896484375 267.48126220703125 262.743743896484375 259.79376220703125 256.6875 255.0749969482421875 258.0625 259.28125 260.837493896484375 271.29376220703125 279.712493896484375 289.412506103515625 302.45623779296875 317.318756103515625 331.181243896484375 345.587493896484375 361.33123779296875 374.4375 391.51873779296875 412.037506103515625 431.25 451.34375 470.462493896484375 490.03125 502.975006103515625 508.39373779296875 515.17498779296875 508.85626220703125 501.75 496.537506103515625
280.70001220703125 283.48126220703125 284.943756103515625 284.46875 292.03125 298.193756103515625 301.274993896484375 307.20001220703125 313.79998779296875 319.662506103515625 308.20623779296875 295.375 287.73126220703125 281.649993896484375 274.75 270.78125 264.837493896484375 261.21875 259.38751220703125 258.149993896484375 260.256256103515625 262.04998779296875 266.54998779296875 276.024993896484375 285.98126220703125 296.993743896484375 309.58123779296875 323.61248779296875 336.943756103515625 350.38751220703125 364.975006103515625 380.23126220703125 393.668731689453125 412.63751220703125 433.4375 452.1875 474.149993896484375 494.131256103515625 507.375 517.1812744140625 519.63751220703125 513.5062255859375 508.193756103515625 504.212493896484375
275.89373779296875 277.90625 279.45001220703125 278.212493896484375 278.118743896484375 280.51251220703125 283.88751220703125 288.818756103515625 291.868743896484375 293.0625 291.34375 287.225006103515625 285.443756103515625 280.96875 275.96875 273.524993896484375 268.537506103515625 262.006256103515625 258.1875 257.83123779296875 261.818756103515625 265.881256103515625 271.01251220703125 279.118743896484375 290.17498779296875 302.26873779296875 315.712493896484375 327.6875 340.193756103515625 353.65625 368.587493896484375 382.20623779296875 396.524993896484375 411.38751220703125 430.243743896484375 448.84375 468.04998779296875 489.14373779296875 507.04376220703125 517.125 515.77496337890625 511.70623779296875 508.368743896484375 505.131256103515625
271.71875 271.20001220703125 270.83123779296875 271.274993896484375 271.524993896484375 271.600006103515625 268.681243896484375 265.33123779296875 262.462493896484375 264.28125 271.850006103515625 277.23126220703125 280.13751220703125 280 277.53125 274.61248779296875 269.875 262.931243896484375 256.649993896484375 256.42498779296875 262.78125 268.91876220703125 274.23126220703125 283.068756103515625 295.84375 306.10626220703125 318.787506103515625 330.91876220703125 343.625 357.36248779296875 368.95001220703125 381.67498779296875 394.962493896484375 409.04376220703125 425.068756103515625 438.993743896484375 457.67498779296875 476.337493896484375 491.399993896484375 500.25 503.63751220703125 503.33123779296875 500.60626220703125 496.475006103515625
267.649993896484375 267.181243896484375 266.28125 265.100006103515625 264.875 263.318756103515625 261.068756103515625 256.350006103515625 248.568756103515625 246.475006103515625 257.64373779296875 267.087493896484375 276.756256103515625 278.85626220703125 275.506256103515625 272.649993896484375 268.75 263.443756103515625 259.41876220703125 257.89373779296875 260.600006103515625 269.399993896484375 275.48126220703125 286.98748779296875 299.29376220703125 307.95001220703125 319.32501220703125 331.79998779296875 344.037506103515625 356.412506103515625 368.73126220703125 377.537506103515625 387.475006103515625 396.95001220703125 411.10626220703125 424.57501220703125 441.96875 456.350006103515625 470.51251220703125 478.868743896484375 483.86248779296875 482.962493896484375 483.76873779296875 483.256256103515625
263.29998779296875 261.106231689453125 260.625 259.631256103515625 258.287506103515625 257.412506103515625 256.29376220703125 252.5187530517578125 250.0875091552734375 251.993743896484375 259.787506103515625 266.399993896484375 274.506256103515625 277.53125 275.118743896484375 270.53125 266.35626220703125 262.943756103515625 259.912506103515625 261.149993896484375 264.625 270.89373779296875 277.13751220703125 290.337493896484375 299.70623779296875 306.6875 317.28125 329.01873779296875 342.04998779296875 355.76873779296875 363.618743896484375 369.21875 376.506256103515625 384.462493896484375 395.45001220703125 408.85626220703125 421.26251220703125 434.125 446.66876220703125 457.91876220703125 466.3125 467.33123779296875 467.54998779296875 462.25
259.181243896484375 257.5 256.26251220703125 254.6875 251.9375 251.8874969482421875 251.9250030517578125 250.125 251.6750030517578125 255.8000030517578125 263.45001220703125 271.46875 274.79998779296875 277.36248779296875 272.51873779296875 266.600006103515625 262.431243896484375 260.76251220703125 260.16876220703125 261.681243896484375 269.63751220703125 275.73748779296875 280.087493896484375 285.068756103515625 297.70001220703125 305.20623779296875 313.193756103515625 323.631256103515625 334.48748779296875 346.60626220703125 353.181243896484375 357.225006103515625 363.493743896484375 369.76873779296875 378.631256103515625 386.98748779296875 397.3125 409.131256103515625 422.375 434.23748779296875 442.57501220703125 444.61248779296875 449.20001220703125 448.568756103515625
255.5250091552734375 253.243743896484375 251.693756103515625 252.6437530517578125 251.1687469482421875 249.9375 251.631256103515625 252.681243896484375 256.48126220703125 261.75 269.350006103515625 276.29376220703125 274.462493896484375 272.90625 267.381256103515625 261.881256103515625 257.318756103515625 256.443756103515625 257.26251220703125 260.274993896484375 268.537506103515625 275.57501220703125 281.32501220703125 289.23126220703125 294.98748779296875 297.83123779296875 304.693756103515625 312.89373779296875 323.024993896484375 331.381256103515625 337.26873779296875 341.57501220703125 345.600006103515625 351.28125 358.693756103515625 367.306243896484375 378.20623779296875 389.96875 399.61248779296875 408.274993896484375 417.881256103515625 422.381256103515625 426.35626220703125 422.256256103515625
252.850006103515625 250.3312530517578125 249.1062469482421875 249.0812530517578125 248.943756103515625 250.787506103515625 251.493743896484375 252.399993896484375 256.399993896484375 263.95001220703125 271.32501220703125 276.231231689453125 273.256256103515625 264.074981689453125 258.193756103515625 254.6437530517578125 249.600006103515625 249.4187469482421875 252.056243896484375 254.662506103515625 263.71875 270.256256103515625 274.256256103515625 281.506256103515625 280.98748779296875 282.056243896484375 291.35626220703125 298.98748779296875 309.57501220703125 315.9375 320.76873779296875 323.868743896484375 326.787506103515625 331.556243896484375 336.868743896484375 347 357.899993896484375 369.125 379.95001220703125 388.66876220703125 392.08123779296875 399.60626220703125 401.024993896484375 398.756256103515625
249.09375 246.5812530517578125 244.5812530517578125 244.212493896484375 245.649993896484375 247.4499969482421875 248.125 249.818756103515625 255.25 261.818756103515625 266.51251220703125 266.0625 262.506256103515625 255.100006103515625 246.9250030517578125 244.375 239.7375030517578125 238.7687530517578125 242.2937469482421875 244.399993896484375 253.0187530517578125 258.725006103515625 264.162506103515625 267.26873779296875 268.82501220703125 271.26251220703125 278.60626220703125 286.375 294.912506103515625 300.881256103515625 304.625 307.868743896484375 307.90625 311.64373779296875 317.493743896484375 328.225006103515625 338.88751220703125 351.649993896484375 364.40625 371.29998779296875 370.48126220703125 371.056243896484375 379.64373779296875 388.725006103515625
243.631256103515625 241.75 240.556243896484375 240.7062530517578125 242.725006103515625 244.3562469482421875 246.037506103515625 247.649993896484375 251.15625 255.3874969482421875 258.59375 256.48748779296875 250.8625030517578125 243.306243896484375 234.493743896484375 229.2937469482421875 226 228.1687469482421875 231.350006103515625 234.1437530517578125 241.931243896484375 250.09375 254.9250030517578125 258.006256103515625 260.162506103515625 264.08123779296875 270.15625 277.806243896484375 285.90625 290.01873779296875 291.10626220703125 290.618743896484375 293.20623779296875 294.90625 298.850006103515625 308.568756103515625 324.79376220703125 342.04998779296875 355.04376220703125 359.649993896484375 360.25 365.212493896484375 378.20623779296875 382.6875
236.6687469482421875 235.1125030517578125 235.75 237.1875 238.881256103515625 240.59375 242.0749969482421875 243.881256103515625 248.0437469482421875 250.5500030517578125 251.9375 247.90625 241.375 232.125 222.0625 212.4375 212.1687469482421875 217.506256103515625 220.131256103515625 223.818756103515625 232.6374969482421875 240.4625091552734375 245.8125 249.5812530517578125 251.9250030517578125 257.006256103515625 261.681243896484375 269.46875 276.881256103515625 281.21875 284.056243896484375 282.756256103515625 278.78125 278.07501220703125 278.931243896484375 295.23126220703125 311.806243896484375 330.274993896484375 345.256256103515625 356.381256103515625 361.13751220703125 367.868743896484375 374.431243896484375 375.28125
228.4375 228.4250030517578125 230.3125 232.5187530517578125 234.1875 235.8874969482421875 238.71875 240.4562530517578125 242.631256103515625 244.8125 244.8000030517578125 239.7062530517578125 231.5187530517578125 221.975006103515625 213.662506103515625 206.412506103515625 201.0625 204.787506103515625 209.5437469482421875 214.537506103515625 224.212493896484375 233.975006103515625 240.34375 241.7375030517578125 244.4812469482421875 248.75 254.087493896484375 261.181243896484375 269.33123779296875 274.67498779296875 276.787506103515625 275.73126220703125 272.318756103515625 270.60626220703125 276.787506103515625 289.07501220703125 306.65625 326.70623779296875 347.962493896484375 358.318756103515625 365.45001220703125 369.412506103515625 368.73126220703125 367.66876220703125
217.5437469482421875 219.7687530517578125 221.756256103515625 225.6062469482421875 227.5437469482421875 229.756256103515625 232.7937469482421875 233.3000030517578125 235.024993896484375 235.943756103515625 234.90625 229.306243896484375 221.1875 213.125 205.7312469482421875 199.71875 194.068756103515625 191.2687530517578125 197.756256103515625 203.162506103515625 215.875 226.78125 234.818756103515625 236.8312530517578125 240.53125 245.15625 247.975006103515625 257.08123779296875 266.08123779296875 270.368743896484375 268.64373779296875 260.818756103515625 263.48126220703125 266.38751220703125 270.73748779296875 286.59375 304.068756103515625 322.78125 341.28125 357.40625 361.90625 364.056243896484375 363.493743896484375 361.41876220703125
205.8312530517578125 209.71875 213.3562469482421875 216.5625 219.149993896484375 222.0625 224.181243896484375 226.1687469482421875 228.0749969482421875 228.5500030517578125 226.149993896484375 218.0812530517578125 210.6437530517578125 204.462493896484375 195.7687530517578125 189.9375 185.131256103515625 183.03125 184.03125 189.2937469482421875 207.131256103515625 222.0187530517578125 225.4375 231.475006103515625 237.8562469482421875 245.3312530517578125 251.006256103515625 258.056243896484375 267.23748779296875 270.043731689453125 268.162506103515625 261.693756103515625 259.70001220703125 255.09375 258.21875 274.399993896484375 293.04998779296875 311.006256103515625 331.95623779296875 345.89373779296875 356.29998779296875 359.100006103515625 357.631256103515625 355.67498779296875
194.100006103515625 199.6437530517578125 203.1875 205.618743896484375 209.8249969482421875 214.5187530517578125 217.78125 218.3125 220.1374969482421875 220.587493896484375 217.443756103515625 210.71875 203.306243896484375 196.3000030517578125 186.9562530517578125 177.75 171.4250030517578125 173.318756103515625 173.7375030517578125 178.3000030517578125 193.806243896484375 208.25 221.337493896484375 228.6875 235.912506103515625 243.46875 250.8312530517578125 260.53125 267.15625 267 262.41876220703125 261.76873779296875 255.4875030517578125 245.7624969482421875 242.6437530517578125 258.23126220703125 282.243743896484375 305.10626220703125 324.21875 339.462493896484375 348.78125 351.962493896484375 351.587493896484375 349.98126220703125
