data/historical-monthly-weather-data/wc2.1_cruts4.09_10m_prec_1977-09.asc
ncols        45
nrows        45
xllcorner    -63.500000000000
yllcorner    -7.500000000000
cellsize     0.166666666667
NODATA_value -9999
[rows 19 to 37 of 45, columns 0 to 43 of 45]
92.1437530517578125 91.49375152587890625 91.1125030517578125 91.71250152587890625 92.63124847412109375 94.56874847412109375 95.5500030517578125 95.71875 96.90625 96.4250030517578125 94.7937469482421875 90.56874847412109375 85.30625152587890625 80.09375 75.65000152587890625 72.43125152587890625 68.4499969482421875 69.2375030517578125 68.97499847412109375 72.8249969482421875 81.21875 92.09375 106.625 115.36875152587890625 121.25 122.8125 120.7312469482421875 118.25 110.6687469482421875 101.69374847412109375 96.36875152587890625 104.16875457763671875 111.40625 121.43125152587890625 127.2937469482421875 121.05625152587890625 113.43125152587890625 107.31874847412109375 101.5124969482421875 92.8937530517578125 81.5437469482421875 70.2937469482421875 66.09375 64.4812469482421875
85.6374969482421875 85.9187469482421875 86.71875 87.84375 88.99375152587890625 90.4562530517578125 92.1687469482421875 93.3000030517578125 95.2937469482421875 95.96250152587890625 94.6437530517578125 91.59999847412109375 86.63124847412109375 80.65000152587890625 76.75 72.03749847412109375 68.1437530517578125 67.1875 69.0437469482421875 70.55625152587890625 80.8000030517578125 93.21250152587890625 105.2375030517578125 113.71875 121.47499847412109375 124.6687469482421875 121.77500152587890625 117.00624847412109375 112.13124847412109375 109.97499847412109375 108.93125152587890625 114.78749847412109375 122.9499969482421875 134.9187469482421875 147.8937530517578125 136.524993896484375 119.33750152587890625 107.88124847412109375 99.2062530517578125 91.06874847412109375 83.02500152587890625 75.1062469482421875 70.52500152587890625 68.16249847412109375
80.5 79.90625 81.0124969482421875 82.63124847412109375 84.9250030517578125 87.46250152587890625 89.34375 91.6437530517578125 94.0812530517578125 95.41249847412109375 95 92.94374847412109375 89.8125 84.96250152587890625 80.56874847412109375 74.93125152587890625 70.97499847412109375 69.6999969482421875 71.15625 72.6374969482421875 79.6125030517578125 90.3000030517578125 101.125 109.1125030517578125 115.7624969482421875 120.72499847412109375 122.5500030517578125 119.50624847412109375 118.77500152587890625 118.2624969482421875 117.84375 120.7687530517578125 127.43125152587890625 136.693756103515625 139.818756103515625 131.8625030517578125 117.1437530517578125 106.66249847412109375 98.13124847412109375 91.7375030517578125 86.36875152587890625 81.0500030517578125 78.03125 75.38124847412109375
76.05625152587890625 76.3937530517578125 77.09999847412109375 79.0625 81.4375 84.15625 87.03125 89.9499969482421875 93.61249542236328125 94.9187469482421875 96.5124969482421875 95.78125 95.06874847412109375 91.3312530517578125 84.9375 78.83750152587890625 73.82500457763671875 72.90000152587890625 72.8625030517578125 74.03749847412109375 80.3937530517578125 89.4375 98.0625 104.1875 111.72499847412109375 117.21875 119.16249847412109375 121.15625 121.28749847412109375 120.4187469482421875 121.52500152587890625 124.75624847412109375 128.3874969482421875 131.787506103515625 130.318756103515625 120.63124847412109375 111.1374969482421875 102.8312530517578125 96.90000152587890625 93.96250152587890625 92.0187530517578125 87.9499969482421875 85.1374969482421875 82.4187469482421875
73.24375152587890625 72.71875 74 75.5 77.33750152587890625 81.02500152587890625 84.3937530517578125 87.375 91.0187530517578125 93.15000152587890625 94.7937469482421875 96.6437530517578125 98.71875 95.2062530517578125 88 81.47499847412109375 76.6437530517578125 75.49375152587890625 75.25624847412109375 75.58750152587890625 81.22499847412109375 88.2624969482421875 96.50624847412109375 102.6374969482421875 108.94374847412109375 113.1750030517578125 115.15000152587890625 117.4250030517578125 120.8562469482421875 121.375 122.28125 125.34999847412109375 126.66249847412109375 127.4499969482421875 125.3937530517578125 115.90000152587890625 109.36875152587890625 104.86875152587890625 100.9375 100.44374847412109375 99.27500152587890625 96.15625 94.53749847412109375 92.28749847412109375
71.49375152587890625 70.4812469482421875 71.125 72.3125 76.03749847412109375 79.2624969482421875 82.21875 85.28749847412109375 88.4812469482421875 91.3000030517578125 93.65000152587890625 94.7687530517578125 95.8249969482421875 94.02500152587890625 88.7937469482421875 83.0437469482421875 78.84999847412109375 77.16249847412109375 76.4375 77.0124969482421875 82.1374969482421875 87.86875152587890625 95.84999847412109375 101.8874969482421875 105.96875 111.41249847412109375 113.56874847412109375 116.43125152587890625 119.94374847412109375 121.56874847412109375 122.2375030517578125 124.125 126.3562469482421875 126.3625030517578125 123.4375 116.88124847412109375 113.75 111.05625152587890625 108.06874847412109375 107.5749969482421875 106.9499969482421875 105.5625 104.72499847412109375 105.11875152587890625
71.1437530517578125 70.9187469482421875 70.4812469482421875 72.13124847412109375 74.3625030517578125 77.18125152587890625 80.38124847412109375 83.19374847412109375 86.1374969482421875 89.24375152587890625 90.77500152587890625 92.13124847412109375 92.8125 91.47499847412109375 87.93125152587890625 83.6999969482421875 79.84999847412109375 78.65625 77.71250152587890625 77.8874969482421875 82.2937469482421875 87.07500457763671875 94.27500152587890625 100.28749847412109375 104.68125152587890625 108.7937469482421875 112.7375030517578125 117.05625152587890625 119.99375152587890625 121.8249969482421875 122.63124847412109375 124.96875 125.1437530517578125 125.0187530517578125 124.24375152587890625 122.71250152587890625 120.1374969482421875 118.65625 117.9812469482421875 117.03749847412109375 117.65625 116 115.36875152587890625 116.7062530517578125
71.2937469482421875 70.03749847412109375 70.03749847412109375 71.52500152587890625 73.00624847412109375 75.78749847412109375 78.43125152587890625 80.6875 82.7937469482421875 85.78749847412109375 88.3625030517578125 90.0625 90.6125030517578125 90.19374847412109375 87.5812530517578125 84.1999969482421875 81.75 80.0749969482421875 79.2312469482421875 79.25 83.25 87.2062530517578125 92.96250152587890625 100.21875 104.1750030517578125 108.6125030517578125 112.6125030517578125 115.78749847412109375 119.0187530517578125 120.65625 121.63124847412109375 122.8125 125.8312530517578125 127.0625 126.7062530517578125 127.3312530517578125 127.40000152587890625 126.5812530517578125 126.50624847412109375 126.5812530517578125 126.2375030517578125 125.11875152587890625 124.9375 123.88124847412109375
71.1999969482421875 69.75 70.08750152587890625 70.5625 72.0625 74.21250152587890625 76.72499847412109375 78.875 80.6062469482421875 83.6437530517578125 86 87.78125 88.80625152587890625 89.6750030517578125 87.3937530517578125 84.7312469482421875 82.49375152587890625 81.18125152587890625 80.4375 80.9375 83.97499847412109375 87.5124969482421875 92.3562469482421875 98.6875 104.0500030517578125 108.0749969482421875 111.65000152587890625 114.8874969482421875 118.06874847412109375 120.4875030517578125 120.6437530517578125 122.15000152587890625 126.65625 128.90625 130.6750030517578125 132.2062530517578125 135.306243896484375 136.90625 137.274993896484375 137.431243896484375 137.4812469482421875 136.28125 132.631256103515625 131.9875030517578125
71.5625 69.6437530517578125 69.25 69.41249847412109375 70.36875152587890625 72.0625 74.1750030517578125 76.5437469482421875 78.68125152587890625 81.21250152587890625 83.44374847412109375 85.1875 87.5749969482421875 88.34375 86.5625 85.74375152587890625 85.11875152587890625 82.18125152587890625 81.27500152587890625 81.86875152587890625 84.71875 88.02500152587890625 92.40000152587890625 98.4812469482421875 102.65625 107.3625030517578125 110.8249969482421875 114.75624847412109375 119.09999847412109375 119.9499969482421875 119.69374847412109375 121.1750030517578125 125.5625 130.056243896484375 135.2375030517578125 137.756256103515625 143.2062530517578125 147.556243896484375 149.3312530517578125 149.556243896484375 146.0437469482421875 141.618743896484375 139.7312469482421875 139.7062530517578125
73.40625 71.02500152587890625 69.43125152587890625 68.90625 69.1687469482421875 70.88124847412109375 72.93125152587890625 75.08750152587890625 77.1687469482421875 79.34375 81.4562530517578125 84.125 86.55625152587890625 87.99375152587890625 87.8000030517578125 86.7062530517578125 85.59999847412109375 84.20624542236328125 82.75 83.1374969482421875 86.09999847412109375 89.6437530517578125 92.8562469482421875 97.6125030517578125 102.59999847412109375 107.90625 110.71250152587890625 113.6437530517578125 116.46250152587890625 118.5187530517578125 120.2375030517578125 122.47499847412109375 126.6750030517578125 131.59375 137.806243896484375 142.4250030517578125 149.350006103515625 156.993743896484375 156.693756103515625 160.125 159.375 153.0749969482421875 147.725006103515625 146.243743896484375
74.11875152587890625 71.5124969482421875 70.28749847412109375 68.68125152587890625 68.6750030517578125 70.44374847412109375 71.7062530517578125 73.5 75.8562469482421875 78.31874847412109375 80.3937530517578125 83.05625152587890625 87.19374847412109375 88.7312469482421875 88.47499847412109375 87.7312469482421875 87.9187469482421875 86.8562469482421875 85.43125152587890625 86.34375 88.73749542236328125 92.2312469482421875 95.33750152587890625 98.95624542236328125 102.7937469482421875 107.56874847412109375 110.0500030517578125 112.4375 115.09375 116.06874847412109375 119.3562469482421875 122.71250152587890625 127.0749969482421875 134.3562469482421875 141.2062530517578125 145.4187469482421875 153.6062469482421875 163.462493896484375 167.1437530517578125 170.756256103515625 170.125 162.2687530517578125 155.131256103515625 151.149993896484375
75.6875 71.8937530517578125 70.0625 68.74375152587890625 69.02500152587890625 69.96250152587890625 71.21875 72.8625030517578125 75.41249847412109375 77.61875152587890625 80.0812530517578125 82.78125 85.63124847412109375 88.7375030517578125 89.9812469482421875 91.23125457763671875 91.19374847412109375 90.5187530517578125 90.2937469482421875 91.8874969482421875 94.1875 95.33750152587890625 97.9499969482421875 100.21875 104.75 106.9499969482421875 108.40000152587890625 111.6437530517578125 113.96250152587890625 115.72499847412109375 119.24375152587890625 121.8625030517578125 127.2687530517578125 134.493743896484375 141.3000030517578125 146.53125 155.1374969482421875 163.8874969482421875 168.868743896484375 173.662506103515625 175.743743896484375 167.850006103515625 160.9250030517578125 155.1062469482421875
77.6374969482421875 74.41249847412109375 72.02500152587890625 70.68125152587890625 70.43125152587890625 71.28125 72.5812530517578125 73.4499969482421875 75.6750030517578125 77.46250152587890625 81.80625152587890625 83.84999847412109375 87.1437530517578125 91.9499969482421875 93.68125152587890625 96.0625 97.1999969482421875 98.1875 98.34999847412109375 99.8874969482421875 101.00624847412109375 101.66249847412109375 102.16249847412109375 103.69374847412109375 106.65000152587890625 107.44374847412109375 108.4875030517578125 110.78125 112.7937469482421875 116.2062530517578125 118.875 121.93125152587890625 126.25 132.8562469482421875 140.0749969482421875 145.25 152.2687530517578125 158.256256103515625 163.212493896484375 169.681243896484375 172.5500030517578125 166.6750030517578125 161.4875030517578125 155.8000030517578125
79.0124969482421875 76.59375 74.75624847412109375 73.1875 72.21250152587890625 72.75624847412109375 73.9562530517578125 74.69374847412109375 76.1999969482421875 78.6125030517578125 81.625 85.97499847412109375 89.5437469482421875 92.9499969482421875 96.69374847412109375 99.9875030517578125 103.71250152587890625 105.6687469482421875 107.0749969482421875 108.65000152587890625 109.08750152587890625 108.34999847412109375 107.6437530517578125 107.0812530517578125 107.46250152587890625 107.22499847412109375 107.7312469482421875 109.43125152587890625 110.6999969482421875 114 117.5625 121.05625152587890625 125.2937469482421875 130.6374969482421875 137.1750030517578125 144.399993896484375 149.024993896484375 153.787506103515625 158.875 163.0625 165.681243896484375 163.9375 161.5500030517578125 157.318756103515625
81.05625152587890625 78.96250152587890625 77.2937469482421875 76.0749969482421875 75.03125 74.8249969482421875 75.8874969482421875 76.3874969482421875 77.1437530517578125 79.5 83.23125457763671875 88.50624847412109375 92.5187530517578125 96.5187530517578125 101.00624847412109375 105.80625152587890625 110.21250152587890625 112.24375152587890625 115.8874969482421875 117.34375 117.6750030517578125 115.86875152587890625 112.78125 110.1875 107.78125 107.3562469482421875 107.88124847412109375 108.30625152587890625 109.08750152587890625 111.90625 115.43125152587890625 118.33750152587890625 122.5124969482421875 127.5437469482421875 132.537506103515625 137.5812530517578125 143.131256103515625 149.806243896484375 153.1750030517578125 157.462493896484375 157.6437530517578125 155.6875 156.1999969482421875 152.8000030517578125
83.6687469482421875 81.4187469482421875 80.28125 79.2687530517578125 78.30625152587890625 78.33750152587890625 78.27500152587890625 79.28125 80.2375030517578125 81.99375152587890625 85.91249847412109375 91.05625152587890625 96.53125 101.6437530517578125 106.3625030517578125 111.7312469482421875 116.24375152587890625 119.5625 123.40625 126.5187530517578125 124.6999969482421875 121.75624847412109375 116.7062530517578125 112.47499847412109375 109.8000030517578125 108.28125 107.7687530517578125 108.1687469482421875 108.81874847412109375 110.6437530517578125 113.6125030517578125 116.33750152587890625 118.875 122.88124847412109375 126.71875 129.962493896484375 136.5437469482421875 141.28125 143.899993896484375 146.6999969482421875 148.65625 146.649993896484375 145.3312530517578125 143.5437469482421875
86.28125 84.41249847412109375 83.21250152587890625 81.99375152587890625 81.8937530517578125 81.8125 82.0187530517578125 82.5124969482421875 83.77500152587890625 84.59999847412109375 89.3249969482421875 97.5749969482421875 103.3562469482421875 108.21875 113.375 117.93125152587890625 122.84375 125.09999847412109375 127.90000152587890625 130.225006103515625 129.2375030517578125 123.9375 118.6125030517578125 113.4187469482421875 110.25 108.59375 107.3312530517578125 107 107.4375 109.1062469482421875 111.0437469482421875 113.30625152587890625 115.74375152587890625 118.7687530517578125 121.56874847412109375 124.8249969482421875 129.318756103515625 133.756256103515625 134.71875 135.8312530517578125 136.9562530517578125 134.875 134.725006103515625 134.1687469482421875
88.2687530517578125 87.09999847412109375 86.25 84.97499847412109375 85.1750030517578125 85.6437530517578125 86.1374969482421875 87.1062469482421875 88.9375 89.88124847412109375 99.97499847412109375 107.71875 111.86875152587890625 115.65625 120.1437530517578125 124.74375152587890625 127.28749847412109375 129.193756103515625 129.7687530517578125 129.84375 128.9499969482421875 123.8874969482421875 118.84999847412109375 113.40000152587890625 109.55625152587890625 107.1750030517578125 106.5749969482421875 106.4187469482421875 106.6125030517578125 107.88124847412109375 107.625 108.9562530517578125 110.9562530517578125 114.58750152587890625 117.1437530517578125 117.6374969482421875 120.90000152587890625 123.9562530517578125 126.44374847412109375 127.6875 126.46250152587890625 127.0124969482421875 124.71875 123.4562530517578125
