data/historical-monthly-weather-data/wc2.1_cruts4.09_10m_prec_1959-10.asc
ncols        51
nrows        45
xllcorner    -63.500000000000
yllcorner    -7.500000000000
cellsize     0.166666666667
NODATA_value -9999
[rows 0 to 19 of 45, columns 0 to 43 of 51]
194.600006103515625 192.806243896484375 188.34375 186.7375030517578125 183.4375 177.306243896484375 168.5749969482421875 160.1437530517578125 151.3562469482421875 144.21875 139.1437530517578125 133.850006103515625 128.0625 121.00624847412109375 115.74375152587890625 110.7624969482421875 106.0812530517578125 101.7375030517578125 98.4375 95.0749969482421875 91.84375 88.28125 85.34999847412109375 83.9375 83.08750152587890625 82.83750152587890625 84.4499969482421875 86.58750152587890625 88.93125152587890625 89.80625152587890625 90.7375030517578125 91.96250152587890625 94.53749847412109375 97.6687469482421875 101.44374847412109375 106.4562530517578125 111.7312469482421875 116.8125 120.81874847412109375 124.49375152587890625 127.9875030517578125 130.056243896484375 130.774993896484375 130.4812469482421875
192.5187530517578125 191.193756103515625 190.3562469482421875 192.34375 193.9499969482421875 186.618743896484375 177.8937530517578125 170.649993896484375 162.8625030517578125 154.7874908447265625 147.25 139.506256103515625 131.600006103515625 123.6062469482421875 117.19374847412109375 111.6125030517578125 105.6374969482421875 101.83750152587890625 98.81874847412109375 96.0625 92.5124969482421875 89.19374847412109375 86.3249969482421875 85.0124969482421875 84.02500152587890625 83.19374847412109375 85.1687469482421875 87.47499847412109375 89.5124969482421875 89.6999969482421875 90.96250152587890625 92.9375 96.7312469482421875 101.50624847412109375 106.22499847412109375 112.5124969482421875 119.9812469482421875 126.77500152587890625 131.756256103515625 135.9499969482421875 140.2062530517578125 142.75 143.78125 143.4499969482421875
183.975006103515625 183.318756103515625 181.8000030517578125 183.53125 184.875 180.475006103515625 175.90625 172.399993896484375 166.9562530517578125 159.506256103515625 150.7937469482421875 141.475006103515625 132.318756103515625 123.3249969482421875 116.46250152587890625 110.3562469482421875 104.69374847412109375 100.58124542236328125 97.0625 93.8874969482421875 90.0625 86.9375 83.9375 82.47499847412109375 81.3937530517578125 80.91249847412109375 82.9875030517578125 85.56874847412109375 87.21250152587890625 88.11875152587890625 89.9562530517578125 91.96250152587890625 96.4812469482421875 102.34999847412109375 108.44374847412109375 116.4250030517578125 125.33750152587890625 134.4499969482421875 141 146.443756103515625 151.806243896484375 154.618743896484375 155.975006103515625 156.537506103515625
173.399993896484375 172.125 171.2687530517578125 169.881256103515625 170.256256103515625 168.943756103515625 169.006256103515625 169.71875 168.2937469482421875 162.5625 152.4812469482421875 141.40625 130.9499969482421875 121.5812530517578125 115.18125152587890625 108.86875152587890625 103.09375 98.8874969482421875 95.06874847412109375 91.5437469482421875 87.6374969482421875 83.6875 80.03749847412109375 78.7624969482421875 77.6999969482421875 77.125 79.46875 82.06874847412109375 84.1687469482421875 85.41249847412109375 87.5187530517578125 90.30625152587890625 95.0625 101.1125030517578125 107.7062530517578125 118.4562530517578125 129.931243896484375 141.15625 149.600006103515625 156.756256103515625 162.3625030517578125 165.899993896484375 167.8937530517578125 169.3874969482421875
170.4562530517578125 164.7062530517578125 158.3562469482421875 155.100006103515625 155.350006103515625 156.90625 159.5749969482421875 163.068756103515625 166.318756103515625 164.556243896484375 152.256256103515625 138.537506103515625 127.8937530517578125 119.2375030517578125 112.78125 106.5812530517578125 101.2062530517578125 96.0749969482421875 91.5625 87.58750152587890625 83.8562469482421875 79.5625 75.6875 74.65625 73.69374847412109375 73.24375152587890625 75.38124847412109375 78.53125 81.40625 82.41249847412109375 84.63124847412109375 87.53749847412109375 93.3249969482421875 100.0812530517578125 108.1062469482421875 120.06874847412109375 133.59375 147.568756103515625 157.212493896484375 165.78125 172.6062469482421875 175.71875 178.8125 180.8000030517578125
165.274993896484375 158.9375 149.006256103515625 140.9499969482421875 141.8937530517578125 145.431243896484375 148.0500030517578125 151.056243896484375 154.649993896484375 155.8000030517578125 142.962493896484375 130.506256103515625 121.96875 114.5124969482421875 108.69374847412109375 103.7687530517578125 98.49375152587890625 92.84999847412109375 87.91249847412109375 83.27500152587890625 79.625 75.78749847412109375 72.3249969482421875 70.9499969482421875 70.1750030517578125 69.78749847412109375 71.90000152587890625 74.66249847412109375 77.8312530517578125 79.08750152587890625 81.46250152587890625 85.2375030517578125 91.34375 98.90000152587890625 107.68125152587890625 120.9875030517578125 135.8312530517578125 151.962493896484375 164.4562530517578125 173.1875 178.431243896484375 182.056243896484375 184.943756103515625 188.193756103515625
163.3312530517578125 155.756256103515625 145.287506103515625 135.9875030517578125 133.8000030517578125 134.15625 134.4812469482421875 133.993743896484375 132.993743896484375 129.837493896484375 124.6750030517578125 118.8874969482421875 113.8312530517578125 108.8874969482421875 104.24375152587890625 100.25 95.74375152587890625 89.3125 83.36875152587890625 78.46875 75.22499847412109375 71.8937530517578125 68.66249847412109375 67.56874847412109375 66.93125152587890625 66.58750152587890625 68.9187469482421875 71.40000152587890625 73.8874969482421875 75.8625030517578125 78.5 82.1687469482421875 88.7062530517578125 97.0187530517578125 106.74375152587890625 120.23749542236328125 135.96875 153.118743896484375 168.6437530517578125 176.274993896484375 181.2687530517578125 183.34375 186.725006103515625 191.3125
162.5062408447265625 153.40625 144.131256103515625 136.631256103515625 131.28125 128.381256103515625 123.59999847412109375 116.84999847412109375 109.65625 106.19374847412109375 106.8000030517578125 106.46250152587890625 105.38124847412109375 102.8874969482421875 100.04999542236328125 96.6687469482421875 92.61875152587890625 85.78125 79.25624847412109375 74.06874847412109375 71.19374847412109375 68.11875152587890625 65.1750030517578125 64.40625 63.856250762939453125 63.356250762939453125 65.4187469482421875 67.52500152587890625 69.7687530517578125 71.47499847412109375 74.52500152587890625 78.6999969482421875 85.875 94.6999969482421875 104.4562530517578125 118 132.743743896484375 149.056243896484375 161.7687530517578125 170.3312530517578125 175.6687469482421875 176.90625 178.756256103515625 181.8562469482421875
162.131256103515625 153.78125 145.693756103515625 137.931243896484375 131.625 126.25 119.34375 109.41249847412109375 98.16249847412109375 92.5812530517578125 96.03749847412109375 98.59375 99.8249969482421875 98.71875 96.13124847412109375 92.8874969482421875 88.7937469482421875 82.93125152587890625 77.2375030517578125 71.90625 68.9812469482421875 66.23749542236328125 62.987499237060546875 62.53125 61.61875152587890625 60.74375152587890625 62.293750762939453125 64.9187469482421875 67.21875 68.9499969482421875 72.3312530517578125 76.6374969482421875 83.47499847412109375 91.69374847412109375 100.72499847412109375 113.875 128.0437469482421875 141.693756103515625 151.53125 159.4250030517578125 164.1875 163.59375 164.256256103515625 163.8249969482421875
162.256256103515625 153.993743896484375 145.881256103515625 138.868743896484375 132.787506103515625 126.65000152587890625 118.77500152587890625 108.4250030517578125 98.84999847412109375 93.53125 93.27500152587890625 94.5437469482421875 96.13124847412109375 95.88124847412109375 93.0500030517578125 89.4375 84.99375152587890625 80.0500030517578125 75.06874847412109375 70.6875 67.65000152587890625 64.6750030517578125 61.262500762939453125 60.174999237060546875 58.643749237060546875 57.668750762939453125 59.637500762939453125 61.90625 64.41249847412109375 66.66249847412109375 69.71250152587890625 74.16249847412109375 80.90000152587890625 88.9812469482421875 97.9562530517578125 110.11875152587890625 122.5625 134.21875 142.6750030517578125 148.3312530517578125 151.7312469482421875 149.7624969482421875 147.068756103515625 144.306243896484375
162.4375 153.96875 145.7624969482421875 138.8625030517578125 132.9250030517578125 128.556243896484375 121.0625 110.11875152587890625 101.4812469482421875 96.1687469482421875 93.8125 93.625 93.8000030517578125 93.71250152587890625 90.25 85.7375030517578125 81.15625 76.875 72.7062530517578125 69.03749847412109375 66.86875152587890625 63.512500762939453125 59.643749237060546875 57.47499847412109375 56.25624847412109375 55.706249237060546875 57.96875 60.4375 62.518749237060546875 65.125 68.44374847412109375 72.8312530517578125 79.5500030517578125 87.18125152587890625 95.2624969482421875 106.0124969482421875 116.9499969482421875 126.21875 133.0124969482421875 137.21875 139.0500030517578125 135.8625030517578125 132.53125 127.2624969482421875
162.53125 153.931243896484375 146.0187530517578125 139.618743896484375 134.087493896484375 130.1687469482421875 123.96875 112.46875 104.50624847412109375 98.7687530517578125 95.15625 93.5124969482421875 91.9562530517578125 90.72499847412109375 87.3312530517578125 82.59375 78.0812530517578125 74.1750030517578125 70.5187530517578125 67.6875 66.6062469482421875 63.1875 58.88124847412109375 56.53125 54.862499237060546875 53.96250152587890625 56.13124847412109375 59.27500152587890625 62.15625 65.2624969482421875 68.31874847412109375 72.47499847412109375 78.43125152587890625 85.3937530517578125 92.90625 102.1687469482421875 111.19374847412109375 119.28749847412109375 124.11875152587890625 127.25624847412109375 126.96875 122.84375 118.5812530517578125 113.6999969482421875
161.625 153.3937530517578125 145.6062469482421875 138.7562408447265625 132.9875030517578125 128.21875 120.9375 112.03749847412109375 105.2312469482421875 100.5437469482421875 96.75 93.3000030517578125 90.4875030517578125 87.13124847412109375 83.36875152587890625 79.1374969482421875 74.44374847412109375 71.05625152587890625 67.86249542236328125 65.08750152587890625 64.7687530517578125 61.80625152587890625 57.50624847412109375 55.5 52.5 51.456249237060546875 55.25624847412109375 58.81874847412109375 62.375 65.61875152587890625 68.625 72.03749847412109375 77.7062530517578125 83.625 90.3562469482421875 98.7375030517578125 106.4812469482421875 113.90625 118.56874847412109375 118.99375152587890625 117.94374847412109375 114.38124847412109375 108.9499969482421875 98.4499969482421875
159.4562530517578125 151.2312469482421875 143.631256103515625 136.5500030517578125 129.975006103515625 124.5187530517578125 117.5812530517578125 110.49375152587890625 105.28125 100.8000030517578125 96.8125 92.1875 87.86875152587890625 83.75 78.8874969482421875 74.72499847412109375 69.96875 66.61875152587890625 63.462497711181640625 60.69374847412109375 60.09375 57.831249237060546875 55.106250762939453125 54.3125 52.84999847412109375 52.53125 56.13124847412109375 59.637500762939453125 63.00624847412109375 65.6875 68.27500152587890625 71.59375 76.63124847412109375 82.08750152587890625 88.2687530517578125 96.1437530517578125 103.63124847412109375 111.16249847412109375 115.875 117.16249847412109375 114.03749847412109375 106.81874847412109375 100.7624969482421875 94.0749969482421875
156.0812530517578125 148.337493896484375 140.2687530517578125 133.21875 126.47499847412109375 120.72499847412109375 115.0812530517578125 108.90000152587890625 103.7687530517578125 99.5500030517578125 95.59375 90.08750152587890625 84.78749847412109375 79.90625 74.6999969482421875 70.3249969482421875 65.33750152587890625 61.65000152587890625 58.24375152587890625 55.731250762939453125 55.49375152587890625 54.643749237060546875 53.74375152587890625 55.33750152587890625 56.450000762939453125 57.22499847412109375 60.05625152587890625 62.66249847412109375 64.99375152587890625 66.69374847412109375 68.47499847412109375 71.125 75.80625152587890625 81.46875 87.36875152587890625 94.4499969482421875 102.52500152587890625 112.25 120.1750030517578125 121.28749847412109375 116.69374847412109375 109.0500030517578125 103.40000152587890625 97.6374969482421875
151.5 143.78125 136.2062530517578125 129.3625030517578125 122.6687469482421875 117.47499847412109375 112.0812530517578125 106.21250152587890625 101.6750030517578125 97.7624969482421875 93.25 86.6062469482421875 80.59999847412109375 75.21875 70.2687530517578125 65.375 59.856250762939453125 56.16249847412109375 52.91249847412109375 50.46875 50.606250762939453125 51.27500152587890625 52.456249237060546875 56.875 60.13124847412109375 61.78125 64.5124969482421875 66.3874969482421875 67.53125 67.8562469482421875 68.75 70.31874847412109375 74.34375 79.6750030517578125 84.66249847412109375 90.65625 100.83750152587890625 111.83750152587890625 122.8625030517578125 126.16249847412109375 124.54375457763671875 116.94374847412109375 109.46875 101.96250152587890625
145.243743896484375 138.1999969482421875 131.725006103515625 125.47499847412109375 118.9250030517578125 113.9375 108.91249847412109375 103.47499847412109375 99.21250152587890625 94.84375 90.03125 82.71875 75.63124847412109375 69.47499847412109375 64.2624969482421875 59.15625 53.34999847412109375 49.799999237060546875 46.9375 44.96875 45.762500762939453125 47.55625152587890625 50.674999237060546875 57.75624847412109375 63.65625 65.2687530517578125 68.06874847412109375 68.99375152587890625 68.8874969482421875 68.3874969482421875 68.8937530517578125 70.7624969482421875 72.90625 75.74375152587890625 79.46250152587890625 87.40000152587890625 98.5124969482421875 115.5124969482421875 133.993743896484375 136.1062469482421875 133.8874969482421875 125.49375152587890625 115.5749969482421875 107.88124847412109375
137.90625 131.6999969482421875 125.96250152587890625 119.875 113.5500030517578125 108.93125152587890625 103.9875030517578125 98.4499969482421875 94.33750152587890625 90.34999847412109375 85.7687530517578125 77.9499969482421875 70.41249847412109375 63.5625 58 52.549999237060546875 47.02500152587890625 43.38124847412109375 40.84999847412109375 39 40.63124847412109375 43.4375 47.71875 55.97499847412109375 63.21250152587890625 66.8249969482421875 70.97499847412109375 71.56874847412109375 70.34999847412109375 68.46875 68.08750152587890625 69.44374847412109375 73.0812530517578125 77.27500152587890625 78.72499847412109375 80.75 96.34999847412109375 115.9499969482421875 132.0562591552734375 139.600006103515625 138.96875 131.837493896484375 122.61875152587890625 115.0625
129.6062469482421875 124.9875030517578125 119.8562469482421875 114.21250152587890625 108.3937530517578125 103.56874847412109375 98.43125152587890625 93.0749969482421875 89.6999969482421875 85.68125152587890625 80.6374969482421875 72.8625030517578125 64.90625 57.674999237060546875 51.918750762939453125 46.799999237060546875 41.5625 37.83750152587890625 35.30625152587890625 33.450000762939453125 35.731250762939453125 39.90625 44.137500762939453125 52.575000762939453125 60.450000762939453125 66.5437469482421875 71.15000152587890625 72.6125030517578125 72.13124847412109375 69.1687469482421875 67.1125030517578125 70.80625152587890625 78.3000030517578125 82.1999969482421875 84.3625030517578125 88.53125 100.7687530517578125 115.96250152587890625 129.59375 138.4562530517578125 141.0749969482421875 139.0437469482421875 130.068756103515625 122.74375152587890625
120.9250030517578125 117.8937530517578125 113.1999969482421875 108 102.6437530517578125 98.3312530517578125 93.49375152587890625 88.33750152587890625 85.0187530517578125 81.40625 76.33750152587890625 68.15000152587890625 60.00624847412109375 52.581249237060546875 46.831249237060546875 41.78125 36.66249847412109375 33.59999847412109375 31.112499237060546875 29.625 32.09375 36.106250762939453125 41.700000762939453125 50.206249237060546875 58.293750762939453125 64.6999969482421875 70.1125030517578125 73.7937469482421875 73.8125 71.80625152587890625 71.40625 77.68125152587890625 85.05625152587890625 92.47499847412109375 98.9499969482421875 103.75 111.16249847412109375 121.34999847412109375 130.993743896484375 138.75 143.975006103515625 143.53125 137.1125030517578125 130.1437530517578125
