data/historical-monthly-weather-data/wc2.1_cruts4.09_10m_prec_2024-03.asc
ncols        51
nrows        45
xllcorner    -63.500000000000
yllcorner    -7.500000000000
cellsize     0.166666666667
NODATA_value -9999
[rows 20 to 39 of 45, columns 0 to 44 of 51]
207.600006103515625 236.6875 260.787506103515625 285.306243896484375 311.756256103515625 341.09375 370.987518310546875 398.34375 416.3125 428.462493896484375 436.67498779296875 442.98126220703125 449.70623779296875 458.36248779296875 451.337493896484375 435.837493896484375 422.17498779296875 413.51873779296875 410.256256103515625 407.274993896484375 406.91876220703125 406.88751220703125 405.431243896484375 406.631256103515625 408.95001220703125 411.712493896484375 412.6875 412.73126220703125 411.83123779296875 406.57501220703125 394.23126220703125 375.95623779296875 349.82501220703125 319.88751220703125 292.53125 309.70623779296875 335.943756103515625 347.662506103515625 347.118743896484375 339.787506103515625 329.59375 320.23748779296875 309.71875 300.98748779296875 297.912506103515625
204.774993896484375 233.3312530517578125 258.881256103515625 284.225006103515625 311.662506103515625 342.3125 373.45623779296875 402.881256103515625 421.45623779296875 429.75 430.90625 430.35626220703125 430.67498779296875 434.318756103515625 431.35626220703125 424.34375 418 410.868743896484375 405.9375 401.25 396.10626220703125 392.57501220703125 393.274993896484375 392.88751220703125 395.01873779296875 400.07501220703125 406 406.45001220703125 405.14373779296875 399.20623779296875 386.28125 369.100006103515625 347.60626220703125 326.381256103515625 312.85626220703125 321.568756103515625 340.51873779296875 351.67498779296875 350.850006103515625 341.90625 330.293731689453125 320.274993896484375 309.84375 300.85626220703125 298.26873779296875
204.475006103515625 233.368743896484375 258.399993896484375 284.368743896484375 311.681243896484375 341.20623779296875 371.681243896484375 404.625 427.162506103515625 429.58123779296875 424.149993896484375 414.537506103515625 407.73126220703125 410.13751220703125 413.287506103515625 412.681243896484375 409.48748779296875 403.868743896484375 398.20623779296875 392.649993896484375 385.79998779296875 378.774993896484375 375.100006103515625 373.89373779296875 378.625 386.33123779296875 393.8125 396.837493896484375 395.806243896484375 389.45001220703125 379.243743896484375 368.475006103515625 357.037506103515625 345.125 341.84375 347.76873779296875 357.787506103515625 362.987518310546875 357.90625 346.399993896484375 332.70623779296875 321.46875 310.66876220703125 300.51873779296875 298.11248779296875
206.5749969482421875 233.4562530517578125 257.96875 283.59375 310.25 337.493743896484375 367.431243896484375 398.39373779296875 418.41876220703125 418.225006103515625 409.868743896484375 400.362518310546875 388.58123779296875 392.5625 399.66876220703125 402.706268310546875 402.86248779296875 398.574981689453125 390.993743896484375 383.71875 374.587493896484375 365.01873779296875 358.42498779296875 356.23126220703125 358.568756103515625 365.76873779296875 374.625 381.524993896484375 384.25 382.943756103515625 379.09375 373.131256103515625 367.662506103515625 363.36248779296875 364.45001220703125 370.57501220703125 375.881256103515625 373.243743896484375 362.82501220703125 349.487518310546875 335.36248779296875 322.6812744140625 311.193756103515625 299.975006103515625 299.01251220703125
212.943756103515625 236.6875 258.28125 282.92498779296875 309.756256103515625 334.975006103515625 359.79376220703125 384.32501220703125 399.07501220703125 403.01873779296875 400.975006103515625 392.95623779296875 388.225006103515625 390.15625 393.3125 397.512481689453125 398.068756103515625 394.29376220703125 387.34375 376.92498779296875 363.73748779296875 351.3125 340.86248779296875 334.631256103515625 337.931243896484375 349.1875 358.42498779296875 369.243743896484375 375.149993896484375 380.162506103515625 380.162506103515625 378.162506103515625 377.96875 377.95623779296875 379.587493896484375 379.568756103515625 380.975006103515625 376.787506103515625 364.837493896484375 352.587493896484375 338.462493896484375 324.725006103515625 310.8125 301.181243896484375 296.48748779296875
222.8000030517578125 244.725006103515625 262.54376220703125 285.1875 308.20001220703125 329.73748779296875 350.556243896484375 370.25 382.13751220703125 388.100006103515625 390.17498779296875 389.087493896484375 388.65625 389.95001220703125 392.0625 396.056243896484375 395.79998779296875 392.618743896484375 386.256256103515625 372.912506103515625 358.649993896484375 340.70623779296875 323.98748779296875 312.73748779296875 318.818756103515625 334.14373779296875 348.73748779296875 359.743743896484375 368.850006103515625 377.54376220703125 382.10626220703125 385.056243896484375 388.743743896484375 388.90625 388.70001220703125 385.5 383.28125 378.04376220703125 367.0625 354.368743896484375 340.95623779296875 325.92498779296875 309.04998779296875 298.118743896484375 294.243743896484375
234.8249969482421875 251.40625 267.743743896484375 285.75 304.381256103515625 322.5 339.181243896484375 354.881256103515625 365.774993896484375 374.556243896484375 380.931243896484375 383.4375 385.91876220703125 389.29998779296875 392.556243896484375 395.75 398.350006103515625 393.818756103515625 386.20623779296875 375.01873779296875 357.5 337.51873779296875 314.774993896484375 300.71875 311.54998779296875 326.58123779296875 342.01873779296875 352.78125 362.67498779296875 372.71875 380.42498779296875 388.10626220703125 395.024993896484375 393.524993896484375 391.26873779296875 387.33123779296875 384.36248779296875 378.412506103515625 368.32501220703125 357.01251220703125 342.76873779296875 327.07501220703125 309.399993896484375 296.943756103515625 300.181243896484375
248.118743896484375 260.568756103515625 273.6875 287.943756103515625 301.306243896484375 315.493743896484375 330.78125 343.75 354.193756103515625 363.85626220703125 371.11248779296875 376.068756103515625 381.618743896484375 387.39373779296875 391.83123779296875 395.73126220703125 399.83123779296875 398.693756103515625 392.256256103515625 382.04998779296875 365.162506103515625 344.774993896484375 328.475006103515625 316.649993896484375 319.725006103515625 329.681243896484375 341.41876220703125 351.524993896484375 359.88751220703125 368.125 375.693756103515625 382.63751220703125 389.806243896484375 389.73748779296875 388.85626220703125 385.70001220703125 381.04998779296875 376.899993896484375 368.806243896484375 360.20623779296875 350.14373779296875 333.61248779296875 312.943756103515625 300.23748779296875 312.38751220703125
260.318756103515625 269.16876220703125 278.95001220703125 288.64373779296875 300.100006103515625 311.024993896484375 321.70001220703125 332.662506103515625 343.38751220703125 352.92498779296875 362.306243896484375 369.54376220703125 376.79998779296875 385.037506103515625 392.225006103515625 399.149993896484375 406.600006103515625 406.90625 403.149993896484375 395.01873779296875 378.96875 360.350006103515625 346.60626220703125 334.212493896484375 333.17498779296875 336.506256103515625 343.84375 351.45623779296875 357.95001220703125 365.01873779296875 369.92498779296875 374.82501220703125 381.65625 384.20001220703125 385.29998779296875 382.63751220703125 377.65625 373.88751220703125 367.14373779296875 359.10626220703125 353.837493896484375 338.10626220703125 318.51251220703125 313.962493896484375 329.149993896484375
269.01251220703125 273.943756103515625 280.11248779296875 286.53125 294.54998779296875 302.40625 311.837493896484375 321.568756103515625 332.118743896484375 341.54376220703125 351.475006103515625 361.5625 372.10626220703125 382.48748779296875 391.375 400.181243896484375 408.993743896484375 416.475006103515625 415.975006103515625 405.57501220703125 389.475006103515625 373.21875 359.806243896484375 348.375 343.32501220703125 343.5625 347.6875 351.58123779296875 354.875 359.67498779296875 363.943756103515625 366.86248779296875 372.506256103515625 377.76873779296875 380.381256103515625 377.181243896484375 372.46875 369.61248779296875 359.881256103515625 352.25 348.318756103515625 342.743743896484375 333 334.506256103515625 342.32501220703125
274.756256103515625 275.57501220703125 278.618743896484375 283.08123779296875 288.618743896484375 294.26251220703125 303.16876220703125 311.587493896484375 321.256256103515625 330.850006103515625 341.33123779296875 352.1875 364.725006103515625 376.01873779296875 387.04376220703125 398.6875 412.125 421.51251220703125 426.662506103515625 416.40625 400.100006103515625 383.118743896484375 371.037506103515625 358.91876220703125 351.04998779296875 350.17498779296875 350.149993896484375 350.068756103515625 351.60626220703125 354.84375 358.25 361.8125 367.11248779296875 372.29376220703125 375.618743896484375 371.412506103515625 367.11248779296875 364.943756103515625 354.41876220703125 340.8125 339.86248779296875 345.16876220703125 346.743743896484375 350.9375 359.23126220703125
276.537506103515625 274.04376220703125 274.649993896484375 276.774993896484375 280.5625 285.3125 293.350006103515625 300.225006103515625 309.225006103515625 318.73126220703125 329.29998779296875 341.068756103515625 353.86248779296875 368.26873779296875 381.931243896484375 396.10626220703125 407.63751220703125 416.83123779296875 422.34375 418.32501220703125 403.131256103515625 389.462493896484375 376.600006103515625 363.962493896484375 357.75 353.631256103515625 350.037506103515625 348.95623779296875 346.98748779296875 350.1875 353.76873779296875 357.0625 361.09375 366.09375 369.63751220703125 366.07501220703125 363.78125 360.91876220703125 348.79376220703125 340.024993896484375 343.98126220703125 355.04376220703125 362.64373779296875 374.056243896484375 386.01251220703125
266.20623779296875 264.08123779296875 264.4375 266.15625 268.587493896484375 274.125 280.41876220703125 286.29376220703125 293.662506103515625 303.46875 316.73748779296875 328.943756103515625 344.04376220703125 362.3125 376.10626220703125 389.131256103515625 399.431243896484375 408.51873779296875 412.4375 410.881256103515625 400.600006103515625 388.61248779296875 376.125 365.868743896484375 358.649993896484375 353.068756103515625 348.037506103515625 345.10626220703125 343.431243896484375 345.91876220703125 349.287506103515625 352.649993896484375 357.337493896484375 362.16876220703125 364.73126220703125 364.20001220703125 362.88751220703125 359.806243896484375 351.63751220703125 352.725006103515625 358.662506103515625 370.28125 382.3125 396.631256103515625 418.70623779296875
253.662506103515625 252.0124969482421875 253.850006103515625 255.84375 258.23126220703125 262.524993896484375 267.42498779296875 272.53125 278.79998779296875 287.63751220703125 300.34375 316.65625 334.23126220703125 351.79998779296875 365.0625 378.98748779296875 391.26873779296875 399.04376220703125 401.318756103515625 400.800018310546875 393.881256103515625 383.5625 373.73748779296875 362.943756103515625 355.681243896484375 348.837493896484375 344.0625 339.76873779296875 338.975006103515625 341.0625 343.681243896484375 348.48126220703125 353.98748779296875 358.38751220703125 362.71875 363.024993896484375 361.931243896484375 359.475006103515625 359.506256103515625 364.274993896484375 370.58123779296875 383.15625 399.66876220703125 416.881256103515625 442.45001220703125
240.9437408447265625 240.4250030517578125 242.84375 244.78125 245.9250030517578125 250.162506103515625 253.8249969482421875 258.79998779296875 263.08123779296875 270.25 283.806243896484375 303.100006103515625 323.95623779296875 342.92498779296875 357.70001220703125 369.82501220703125 381.8125 388.59375 390.95623779296875 390.66876220703125 385.625 376.13751220703125 366.931243896484375 356.48748779296875 349.899993896484375 343.86248779296875 338 334.46875 332 335.33123779296875 339.868743896484375 345.112518310546875 350.256256103515625 355.42498779296875 359.17498779296875 359.29998779296875 359.20623779296875 362.59375 366.91876220703125 373.04376220703125 381.01251220703125 392.39373779296875 408.79376220703125 426.92498779296875 448.587493896484375
226.743743896484375 226.181243896484375 228.2312469482421875 230.125 231.5625 235.212493896484375 239.2937469482421875 242.53125 245.96875 253.725006103515625 267.91876220703125 288.256256103515625 311.618743896484375 332.75 347.287506103515625 360.29376220703125 371.01873779296875 376.743743896484375 380.074981689453125 381.006256103515625 375.39373779296875 365.98748779296875 356.34375 347.693756103515625 341.21875 335.375 330.243743896484375 327.662506103515625 326.04998779296875 329.756256103515625 335.70623779296875 341.21875 345.60626220703125 351.85626220703125 356.024993896484375 356.98126220703125 360.837493896484375 365.45001220703125 369.056243896484375 376.556243896484375 385.931243896484375 396.42498779296875 409.318756103515625 426.818756103515625 442.85626220703125
211.3874969482421875 211.625 213.8874969482421875 215.568756103515625 217.625 221.912506103515625 225.5437469482421875 228.693756103515625 231.4499969482421875 236.3874969482421875 253.9499969482421875 279.649993896484375 303.100006103515625 322.149993896484375 337.41876220703125 349.506256103515625 359.28125 364.087493896484375 367.67498779296875 366.556243896484375 361.506256103515625 352.73126220703125 344.04376220703125 335.07501220703125 328.95001220703125 324.287506103515625 320.556243896484375 319.931243896484375 319.118743896484375 324.33123779296875 330.61248779296875 336.67498779296875 342.79998779296875 349.54376220703125 353.78125 357.39373779296875 362.73748779296875 368.73126220703125 373.149993896484375 378.17498779296875 385.59375 395.14373779296875 407.28125 422.375 435.899993896484375
196.71875 197.75 199.8312530517578125 201.993743896484375 205.037506103515625 210.1999969482421875 214.65625 217.943756103515625 223.318756103515625 227.875 253.1999969482421875 279.274993896484375 297.98126220703125 314.600006103515625 327.493743896484375 339.20001220703125 347.04998779296875 350.556243896484375 352.149993896484375 349.743743896484375 343.100006103515625 335.462493896484375 329.34375 321.23748779296875 316.181243896484375 313.09375 310.61248779296875 311.875 313.01873779296875 318.9375 325.04998779296875 331.475006103515625 338.368743896484375 346.11248779296875 350.493743896484375 356.90625 363.350006103515625 368.318756103515625 374.34375 380.35626220703125 384.756256103515625 394.068756103515625 402.92498779296875 411.618743896484375 423.037506103515625
182.0187530517578125 183.506256103515625 186.774993896484375 190.162506103515625 194.1999969482421875 199.6687469482421875 206.256256103515625 212.256256103515625 222.7687530517578125 240.381256103515625 268.13751220703125 283.45001220703125 296.131256103515625 309.95623779296875 321.524993896484375 331.431243896484375 338.0625 339.368743896484375 338.26251220703125 334.181243896484375 325.90625 318.631256103515625 313.087493896484375 307.29376220703125 303.96875 302.899993896484375 302.85626220703125 304.818756103515625 307.76873779296875 314.25 321.743743896484375 327.5 333.95001220703125 342.193756103515625 350.649993896484375 355.76873779296875 361 367.33123779296875 371.11248779296875 374.506256103515625 378.118743896484375 386.681243896484375 393.14373779296875 400.78125 408.33123779296875
167.725006103515625 169.7375030517578125 174.024993896484375 178.125 183.5437469482421875 191.443756103515625 198.8125 208.6062469482421875 222.0812530517578125 239.4875030517578125 260.07501220703125 277.8125 292.662506103515625 305.868743896484375 316.818756103515625 324.92498779296875 330.34375 329.287506103515625 325.100006103515625 320.024993896484375 310.45623779296875 302.774993896484375 296.149993896484375 291.787506103515625 291.25 292.16876220703125 293.57501220703125 297.787506103515625 302.11248779296875 308.58123779296875 315.10626220703125 323.931243896484375 333.631256103515625 341.38751220703125 349.662506103515625 355.431243896484375 359.08123779296875 364.01251220703125 368.118743896484375 368.412506103515625 369.774993896484375 376.662506103515625 381.868743896484375 387.09375 392.84375
