data/historical-monthly-weather-data/wc2.1_cruts4.09_10m_prec_1955-06.asc
ncols        51
nrows        45
xllcorner    -63.500000000000
yllcorner    -7.500000000000
cellsize     0.166666666667
NODATA_value -9999
[rows 19 to 37 of 45, columns 0 to 43 of 51]
179.774993896484375 181.712493896484375 179.4250030517578125 174.78125 173.006256103515625 173.649993896484375 169.1875 162.506256103515625 161.056243896484375 157.0437469482421875 151.3249969482421875 144.3874969482421875 135.5500030517578125 126.26250457763671875 117.4499969482421875 103.66249847412109375 94.43125152587890625 93.33750152587890625 86.125 84.71250152587890625 77.4812469482421875 77.9562530517578125 83.3562469482421875 85.59999847412109375 83.68125152587890625 82.3125 82.4875030517578125 87.77500152587890625 86.3625030517578125 84.33750152587890625 85.0437469482421875 94.53749847412109375 95.83750152587890625 94.40625 94.5 100.15625 103.3000030517578125 100.40625 97.02500152587890625 92.19374847412109375 83.38124847412109375 74.0500030517578125 74.3562469482421875 74.65625
162.024993896484375 172.40625 174.90625 171.5 164.34375 161.7687530517578125 161.1875 157.5500030517578125 154.7624969482421875 149.8249969482421875 146.2687530517578125 139.431243896484375 130.9499969482421875 120.18125152587890625 109.71875 102.04999542236328125 92.53125 87.88124847412109375 87.8249969482421875 84.27500152587890625 86.55625152587890625 87.5812530517578125 90.24375152587890625 94.3312530517578125 93.34375 88.69374847412109375 81.97499847412109375 82.18125152587890625 82.93125152587890625 85.3874969482421875 87.88124847412109375 93.80625152587890625 88.9499969482421875 86.7375030517578125 85.77500152587890625 90.8625030517578125 94.93125152587890625 94.5749969482421875 89.50624847412109375 84.375 78.7624969482421875 71.8000030517578125 70.7312469482421875 71.46250152587890625
155.1875 156.9499969482421875 162.618743896484375 164.3562469482421875 160 155.1687469482421875 153.1999969482421875 149.475006103515625 146.4250030517578125 145.0812530517578125 141.4812469482421875 133.09375 124.8000030517578125 118.6750030517578125 112.09999847412109375 101.2624969482421875 100.5500030517578125 93.8874969482421875 93.80625152587890625 91.00624847412109375 88.1750030517578125 92.46875 95.13124847412109375 93.53749847412109375 90.0437469482421875 86.11875152587890625 85.9375 82.7687530517578125 85.75624847412109375 88.41249847412109375 87.86875152587890625 86.3625030517578125 83.69374847412109375 83.96875 81.6062469482421875 83.13124847412109375 85.9250030517578125 87.78749847412109375 85.28125 81.47499847412109375 76.1437530517578125 71.4499969482421875 70.125 71.08750152587890625
149.1125030517578125 159.631256103515625 164.212493896484375 164.5437469482421875 160.2937469482421875 153.462493896484375 143.399993896484375 138.443756103515625 140.681243896484375 138.899993896484375 135.100006103515625 131.443756103515625 129.25 125.25 118.0124969482421875 109.7375030517578125 101.6125030517578125 96.1750030517578125 94.91249847412109375 94.6437530517578125 96.4812469482421875 95.59999847412109375 93.9499969482421875 92.78125 93.05625152587890625 88.7624969482421875 84.9562530517578125 83.6062469482421875 84.58750152587890625 82.8625030517578125 82.0812530517578125 82.6374969482421875 79 76.27500152587890625 77.16249847412109375 76.18125152587890625 76.59375 78.86875152587890625 79.8312530517578125 78.41249847412109375 74.0124969482421875 70.72499847412109375 68.9187469482421875 68.1374969482421875
139.568756103515625 151.337493896484375 161.125 158.0812530517578125 152.5 146.15625 143.53125 138.2687530517578125 134.1062469482421875 129.556243896484375 131.4875030517578125 133.725006103515625 129.625 128.1437530517578125 118.125 110.63124847412109375 104.15000152587890625 102.3625030517578125 100.1374969482421875 98.34375 98.9499969482421875 100.43125152587890625 97.53125 99.36875152587890625 95.3312530517578125 89.125 88.72499847412109375 82.44374847412109375 79.8625030517578125 79.5 78.4812469482421875 78.40000152587890625 76.0124969482421875 71.9499969482421875 71.71875 69.875 71.24375152587890625 73.1875 73.2624969482421875 71.96875 69.5749969482421875 67.96250152587890625 67.03749847412109375 67.05625152587890625
128.8125 142.1875 149.96875 153.5812530517578125 150.8562469482421875 144.8062591552734375 140.21875 137.4562530517578125 132.5625 132.162506103515625 130.09375 129 129.4812469482421875 123.70000457763671875 114.8249969482421875 108.5500030517578125 104.5500030517578125 101.02500152587890625 100.4375 101.27500152587890625 101.5749969482421875 100.6875 102.5749969482421875 102.3249969482421875 94.8249969482421875 88.53749847412109375 84.86875152587890625 80.8625030517578125 77.375 77 73.61249542236328125 71.41249847412109375 69.0187530517578125 67.6062469482421875 66.3000030517578125 65.8625030517578125 66.3000030517578125 66.2375030517578125 67.8249969482421875 67.47499847412109375 65.9875030517578125 65.7624969482421875 66.1999969482421875 64.6999969482421875
124.03749847412109375 139.3625030517578125 140.118743896484375 144.056243896484375 141.412506103515625 137.725006103515625 132.756256103515625 130.899993896484375 123.64374542236328125 119.9562530517578125 122.71875 122.33750152587890625 122.6999969482421875 119.34375 113.90625 106.0437469482421875 102.69374847412109375 102.3125 102.3125 100.1875 101.24375152587890625 101.53749847412109375 102.2312469482421875 100.2062530517578125 95.25624847412109375 87.3562469482421875 83.3562469482421875 79.38124847412109375 74.0500030517578125 72.43125152587890625 69.06874847412109375 66.59999847412109375 64.22499847412109375 62.212497711181640625 60.68125152587890625 61.77500152587890625 62.18125152587890625 60.99375152587890625 61.237499237060546875 62.762500762939453125 61.887500762939453125 58.72499847412109375 59.081249237060546875 60.19374847412109375
118.03749847412109375 124.625 130.337493896484375 132.6062469482421875 130.6875 128.4562530517578125 124.8625030517578125 117.91249847412109375 114.0187530517578125 116.91249847412109375 120.09375 119.6062469482421875 117.75624847412109375 116.3625030517578125 112.8312530517578125 108.7687530517578125 103.71250152587890625 99.8625030517578125 100.7624969482421875 98.96250152587890625 97.86875152587890625 98.59999847412109375 100.25 101.8249969482421875 93.27500152587890625 85.8562469482421875 82.0625 76.875 71.8125 69.11875152587890625 67.05625152587890625 62.6875 59.5625 57.625 56.22499847412109375 56.318752288818359375 57.5625 56.50624847412109375 55.956249237060546875 58.043750762939453125 58.668750762939453125 57.049999237060546875 55.53749847412109375 55.612499237060546875
113.2312469482421875 114.84999847412109375 118.7375030517578125 118.08750152587890625 116.86875152587890625 117.2624969482421875 115.59375 110.91249847412109375 109.41249847412109375 112.50624847412109375 113.49375152587890625 114.2062530517578125 112.375 110.4187469482421875 107.15625 103.77500152587890625 99.8125 98.65000152587890625 95.9187469482421875 96.18125152587890625 96.28749847412109375 94.6687469482421875 97.4562530517578125 95.66249847412109375 89.61875152587890625 82.25 78.5500030517578125 73.59375 70.78749847412109375 69 65.83750152587890625 62.481250762939453125 58.08750152587890625 53.59999847412109375 53.13124847412109375 52.84999847412109375 53.825000762939453125 52.487499237060546875 53.05625152587890625 54.46250152587890625 55.318752288818359375 55.6875 52.00624847412109375 53.08750152587890625
105.78125 109.80625152587890625 107.5812530517578125 105.33750152587890625 105.9375 102.8562469482421875 103.0500030517578125 103.5749969482421875 105.11875152587890625 105.8312530517578125 107.56874847412109375 107.75624847412109375 108.05625152587890625 107.13124847412109375 104.2375030517578125 101.50624847412109375 99.34999847412109375 96.33750152587890625 95.71875 95.71250152587890625 93.25 91.00624847412109375 90.4562530517578125 88.1999969482421875 83.65625 77.0124969482421875 75.4875030517578125 73.0812530517578125 69.59999847412109375 66.0124969482421875 62.28749847412109375 59.887500762939453125 55.09375 52.143749237060546875 49.643749237060546875 48.99375152587890625 50.450000762939453125 48.206249237060546875 48.987499237060546875 49.63124847412109375 49.68125152587890625 49.21250152587890625 48.5625 51.09375
99.58750152587890625 100.53125 99.02500152587890625 96.2312469482421875 95.58750152587890625 95.86875152587890625 95.7624969482421875 99.0187530517578125 99.6687469482421875 101.4812469482421875 103.0812530517578125 104.53749847412109375 105.49375152587890625 105.34999847412109375 101.68125152587890625 97.93125152587890625 95.18125152587890625 94.6875 90.66249847412109375 87.44374847412109375 87.80625152587890625 86.28749847412109375 85.50624847412109375 83.5812530517578125 78.4187469482421875 75.4812469482421875 73.22499847412109375 70.3249969482421875 67.47499847412109375 63.25 59.74375152587890625 56.68125152587890625 53.206249237060546875 50.40625 48.549999237060546875 46.63124847412109375 48.31874847412109375 46.03125 44.262500762939453125 46.543750762939453125 46.0625 45.356250762939453125 46.03749847412109375 45.75624847412109375
95.1875 94.16249847412109375 91.6125030517578125 90.03749847412109375 89.5124969482421875 89.54375457763671875 91.22499847412109375 93.1750030517578125 93.9562530517578125 96.8625030517578125 99.25 99.4375 102.13124847412109375 98.0187530517578125 96.1687469482421875 96.3000030517578125 94.6999969482421875 91.1687469482421875 87.7375030517578125 85.5625 83.8625030517578125 80.90625 80.09999847412109375 78.9812469482421875 75.2687530517578125 72.96875 70.3937530517578125 68.22499847412109375 65.1374969482421875 61.21875 59.38124847412109375 56.268749237060546875 51.956249237060546875 47.93125152587890625 45.72499847412109375 43.96250152587890625 44.512500762939453125 43.21250152587890625 41.55625152587890625 40.18125152587890625 40.700000762939453125 40.13124847412109375 40.431247711181640625 40.706249237060546875
90.1125030517578125 88.71250152587890625 85.2624969482421875 84.9812469482421875 86.65625 86.6437530517578125 87.25 88.33750152587890625 90.09375 91.13124847412109375 91.4375 92.84375 92.5500030517578125 93.2624969482421875 93.49375152587890625 92.5812530517578125 88.65625 85.30625152587890625 82.83750152587890625 81.15000152587890625 79.1687469482421875 77.30625152587890625 74.5187530517578125 73.00624847412109375 71.7312469482421875 69.1687469482421875 67.80625152587890625 66.00624847412109375 63.02500152587890625 61.78125 58.49375152587890625 54.78749847412109375 50.90625 46.59999847412109375 43.700000762939453125 41.262500762939453125 40.4375 38.09999847412109375 37.53125 36.706249237060546875 37.15625 36.8125 36.46875 36.487499237060546875
85 83.84999847412109375 82.69374847412109375 82.74375152587890625 81.97499847412109375 82.47499847412109375 83.3562469482421875 84.9812469482421875 85.2624969482421875 86.3562469482421875 89.7312469482421875 89.86875152587890625 90.375 92.875 93.3249969482421875 89.5749969482421875 85.3562469482421875 84.0500030517578125 81.4812469482421875 79.18125152587890625 75.46875 72.7687530517578125 71.31874847412109375 70.3562469482421875 68.63124847412109375 67.0124969482421875 65.48749542236328125 63.606250762939453125 61.91249847412109375 60.44374847412109375 57.65625 52.91249847412109375 49.34999847412109375 46.28749847412109375 42.59999847412109375 39.91249847412109375 37.5625 35.11875152587890625 34.331249237060546875 34.737499237060546875 34.71875 34.00624847412109375 32.8125 32.27500152587890625
79.75 79.9250030517578125 81.08750152587890625 80.6374969482421875 79.50624847412109375 79.33750152587890625 81.03749847412109375 80.7937469482421875 80.59999847412109375 81 84.40000152587890625 87.41249847412109375 88.5500030517578125 88.6875 87.78749847412109375 87.05625152587890625 85.36249542236328125 81.97499847412109375 77.53749847412109375 75.28125 72.8125 69.78125 69.28749847412109375 67.1062469482421875 66.40000152587890625 64.0124969482421875 63.887500762939453125 62.450000762939453125 61.987499237060546875 59.700000762939453125 57.31874847412109375 53.825000762939453125 48.08750152587890625 44.131252288818359375 41.231250762939453125 38.5 35.69374847412109375 33.018749237060546875 32.15625 31.71875 30.65625 30.512498855590820312 29.8125 27.700000762939453125
76.46250152587890625 75.19374847412109375 77.50624847412109375 79.09375 78.1999969482421875 75.90625 75.3312530517578125 76.21875 76.4562530517578125 76.78125 82.3000030517578125 86.21250152587890625 88.125 91.5124969482421875 90.59375 87.47499847412109375 83.6125030517578125 78.05625152587890625 73.6687469482421875 68.8000030517578125 68.90000152587890625 65.34999847412109375 63.75624847412109375 62.362499237060546875 63.84375 62.88124847412109375 62.18125152587890625 60.262500762939453125 59.387500762939453125 56.887500762939453125 54.950000762939453125 52.27500152587890625 46.325000762939453125 42.231250762939453125 38.49375152587890625 36.28125 32.893749237060546875 31.71875 29.787500381469726562 29.056249618530273438 27.856250762939453125 26.768749237060546875 26.237499237060546875 24.84375
73.75 72.33750152587890625 73.4250030517578125 74.93125152587890625 75.08750152587890625 73.7624969482421875 73.1437530517578125 72.44374847412109375 71.75 71.9250030517578125 75.0124969482421875 83.02500152587890625 87.90000152587890625 90.03749847412109375 89.4250030517578125 86.65625 81.94374847412109375 74.74375152587890625 69.66249847412109375 64.3312530517578125 62.637500762939453125 62.387500762939453125 60.33750152587890625 59.299999237060546875 60.63124847412109375 59.956249237060546875 59.28749847412109375 57.84999847412109375 57.96875 55.106250762939453125 52.03749847412109375 49.50624847412109375 44.94374847412109375 40.44374847412109375 36.137500762939453125 34.15000152587890625 32.575000762939453125 30.006250381469726562 28.606250762939453125 27.981250762939453125 26.706249237060546875 25.243749618530273438 24.381250381469726562 23.768749237060546875
68.9562530517578125 70.30625152587890625 69.55625152587890625 71.13124847412109375 72.43125152587890625 71.40625 70.5500030517578125 70.9562530517578125 69.8312530517578125 66.59375 72.43125152587890625 83.22499847412109375 88.9250030517578125 88.8249969482421875 87.96875 84.84999847412109375 80.6875 74.4375 68.77500152587890625 61.59375 58.887500762939453125 59.28749847412109375 57.356250762939453125 57.106250762939453125 56.80625152587890625 56.612499237060546875 57.65000152587890625 56.393749237060546875 55.049999237060546875 51.44374847412109375 49.918750762939453125 46.40000152587890625 42.793750762939453125 39.143749237060546875 35.018749237060546875 32.962497711181640625 31.487499237060546875 29.912500381469726562 27.868749618530273438 26.3125 24.943750381469726562 24.206249237060546875 22.643749237060546875 23.4375
64.72499847412109375 66.2624969482421875 67.1062469482421875 69.34999847412109375 69.88124847412109375 69.68125152587890625 70.03749847412109375 70.30625152587890625 70.375 66.84999847412109375 77.5187530517578125 87.3625030517578125 89.3312530517578125 89.6999969482421875 86.0625 82.46875 77.8937530517578125 72.75624847412109375 68.03749847412109375 62.106250762939453125 58.21875 56.8125 54.19374847412109375 54.28749847412109375 53.731250762939453125 54.856250762939453125 55.72499847412109375 54.462497711181640625 53.02500152587890625 48.93125152587890625 46.11875152587890625 44.549999237060546875 41.575000762939453125 37.399997711181640625 33.731250762939453125 32.03749847412109375 30.375 28.418750762939453125 28.068750381469726562 25.962499618530273438 24.1875 23.625 21.762500762939453125 20.975000381469726562
