data/historical-monthly-weather-data/wc2.1_cruts4.09_10m_prec_1989-06.asc
ncols        45
nrows        45
xllcorner    -63.500000000000
yllcorner    -7.500000000000
cellsize     0.166666666667
NODATA_value -9999
[rows 19 to 37 of 45, columns 0 to 43 of 45]
186.024993896484375 189.3937530517578125 192.1750030517578125 192.875 196.9250030517578125 205.0812530517578125 207.4812469482421875 206.6062469482421875 210.5187530517578125 210.712493896484375 208.712493896484375 206.4187469482421875 201.131256103515625 194.506256103515625 188.3625030517578125 173.0812530517578125 164.3562469482421875 169.899993896484375 164.024993896484375 169.493743896484375 166.4562530517578125 180.443756103515625 205.931243896484375 218.2375030517578125 219.0437469482421875 220.6062469482421875 222.7062530517578125 238.1687469482421875 235.0749969482421875 228.1062469482421875 228.125 252.975006103515625 264.48748779296875 270.46875 280.125 301.29998779296875 314.28125 308.29376220703125 297.36248779296875 281.38751220703125 253.0124969482421875 220.6125030517578125 217.0500030517578125 213.618743896484375
171.71875 184.056243896484375 192.3625030517578125 194.96875 193.149993896484375 197.493743896484375 204.40625 207.181243896484375 208.9937591552734375 207.4375 207.8125 204.693756103515625 198.850006103515625 188.881256103515625 179.368743896484375 173.6437530517578125 163.9562530517578125 162.649993896484375 169.8625030517578125 170.8625030517578125 187.34375 202.6875 221.9875030517578125 240.15625 245.056243896484375 239.350006103515625 223.037506103515625 224.725006103515625 227.40625 231.46875 235.056243896484375 249.1125030517578125 244.087493896484375 247.8249969482421875 254.3625030517578125 273.84375 289.89373779296875 292.03125 276.13751220703125 259.63751220703125 241.274993896484375 216.8000030517578125 210.1125030517578125 208.8562469482421875
168.5625 171.6999969482421875 183.774993896484375 192.537506103515625 194.3125 195.84375 200.8937530517578125 203.25 204.2687530517578125 207.2062530517578125 207.068756103515625 200.556243896484375 193.75 190.0625 186.4562530517578125 175.2062530517578125 181.056243896484375 176.3249969482421875 183.8937530517578125 186.6437530517578125 191.818756103515625 213.6999969482421875 232.40625 237.4187469482421875 236.8312530517578125 233.868743896484375 235.4375 227.8125 236.524993896484375 239.8937530517578125 233.899993896484375 227.1125030517578125 227.9375 238.8562469482421875 241.524993896484375 250.6687469482421875 263 272.14373779296875 264.70001220703125 252.6875 235.631256103515625 218.712493896484375 211.993743896484375 212.15625
166.0124969482421875 179.0812530517578125 190.78125 198.774993896484375 201.212493896484375 200.149993896484375 194.2062530517578125 194.399993896484375 202.3625030517578125 204.274993896484375 203.21875 202.868743896484375 204.756256103515625 203.962493896484375 199.381256103515625 192.662506103515625 185.4250030517578125 182.943756103515625 188.212493896484375 195.931243896484375 210.71875 220.2062530517578125 227.8249969482421875 234.6062469482421875 244.975006103515625 242.28125 233.9812469482421875 231.3000030517578125 234.225006103515625 224.725006103515625 217.09375 214.9875030517578125 213.2937469482421875 215.8125 227.9375 229.8312530517578125 235.1687469482421875 245.8312530517578125 249.662506103515625 245.399993896484375 231.5812530517578125 219.5500030517578125 211.9749908447265625 207.4875030517578125
160.0500030517578125 175.1750030517578125 193.4187469482421875 197.506256103515625 198.1374969482421875 196.6687469482421875 199.8125 198.818756103515625 197.118743896484375 194.274993896484375 201.2687530517578125 209.0437469482421875 207.0124969482421875 209.4499969482421875 200.125 194.693756103515625 190.3874969482421875 194.7062530517578125 198.2312469482421875 202.8874969482421875 214.8125 229.443756103515625 234.125 249.1687469482421875 249.4250030517578125 242.28125 243.1374969482421875 226.524993896484375 219.256256103515625 213.1687469482421875 204.568756103515625 200.631256103515625 202.4375 201.462493896484375 210.5124969482421875 211.006256103515625 220.5124969482421875 231.524993896484375 232.725006103515625 228.90625 221.2937469482421875 214.1999969482421875 209.006256103515625 206.7874908447265625
152.1125030517578125 170.024993896484375 186.100006103515625 198.600006103515625 202.806243896484375 200.850006103515625 200.3562469482421875 202.0187530517578125 198.6687469482421875 201.725006103515625 202.162506103515625 203.8562469482421875 207.993743896484375 202.524993896484375 194.6999969482421875 191.0749969482421875 191.087493896484375 191.8312530517578125 198.131256103515625 207.8312530517578125 218.8249969482421875 227.875 243.662506103515625 254.1999969482421875 246.306243896484375 239.350006103515625 230.9562530517578125 220.287506103515625 210.1687469482421875 203.693756103515625 188.943756103515625 179.5749969482421875 181.1125030517578125 187.2312469482421875 193.3562469482421875 199.1062469482421875 207.056243896484375 213.03125 219.256256103515625 218.3562469482421875 213.493743896484375 210.412506103515625 209.100006103515625 201.743743896484375
150.600006103515625 171.625 179.2375030517578125 191.9812469482421875 195.90625 196.1437530517578125 194.0124969482421875 196.087493896484375 188.46875 185.868743896484375 193.1875 194.943756103515625 197.8125 195.243743896484375 192.75 186.212493896484375 187.181243896484375 193.4250030517578125 200.600006103515625 204.131256103515625 216 227.2937469482421875 239.850006103515625 246.09375 245.037506103515625 234.100006103515625 224.5625 213.6125030517578125 198.350006103515625 188.5812530517578125 174.125 164.3249969482421875 166.037506103515625 170.53125 176.09375 187.2312469482421875 196.318756103515625 199.65625 201.6687469482421875 206.9187469482421875 203.7937469482421875 190.931243896484375 189.181243896484375 189.8249969482421875
145.850006103515625 156.162506103515625 168.975006103515625 178.3625030517578125 182.03125 183.6875 183.0124969482421875 176.9499969482421875 173.9375 181.149993896484375 188.725006103515625 189.4375 187.75 187.475006103515625 187.7937469482421875 187.693756103515625 185.587493896484375 185.375 194.068756103515625 197.9187469482421875 204.7687530517578125 216.0187530517578125 229.9375 244.1687469482421875 233.9250030517578125 224.09375 214.8874969482421875 200.6687469482421875 186.3125 174.59375 164.3687591552734375 150.84375 151.6687469482421875 157.375 164.375 172.850006103515625 184.9250030517578125 188.9250030517578125 188.2624969482421875 195.5187530517578125 197.3562469482421875 188.806243896484375 180.3937530517578125 177.3562469482421875
142.0437469482421875 146.087493896484375 155.568756103515625 159.7312469482421875 163.006256103515625 167.681243896484375 169.350006103515625 166.21875 166.6125030517578125 173.8125 177.625 179.350006103515625 176.806243896484375 174.7687530517578125 174.931243896484375 175.524993896484375 174.850006103515625 179.287506103515625 180.943756103515625 188.46875 197.1125030517578125 202.6999969482421875 218.1062469482421875 223.4499969482421875 218.5812530517578125 208.368743896484375 199.21875 185.743743896484375 177.243743896484375 168.600006103515625 156.53125 146.493743896484375 145.6875 145.993743896484375 156.8874969482421875 164.587493896484375 176.1374969482421875 179.4875030517578125 182.6374969482421875 187.65625 190.25 187.7375030517578125 171.3937530517578125 171.1374969482421875
134.6999969482421875 141.662506103515625 142.2624969482421875 143.1062469482421875 147.7375030517578125 146.8625030517578125 150.587493896484375 154.75 159.40625 162.65625 167.2687530517578125 167.5187530517578125 167.5500030517578125 166.462493896484375 166.774993896484375 167.975006103515625 170.131256103515625 171.1750030517578125 176.524993896484375 183.337493896484375 186.2937469482421875 189.837493896484375 196.8625030517578125 200 197.631256103515625 188.5812530517578125 184.756256103515625 177.600006103515625 167.6999969482421875 155.7312469482421875 143.6374969482421875 136.818756103515625 136.068756103515625 141.59375 147.71875 154.6437530517578125 168.0812530517578125 168.4499969482421875 172.5437469482421875 175.1750030517578125 175 169.4499969482421875 162.9812469482421875 167.306243896484375
128.493743896484375 130.8625030517578125 131.40625 130.40625 132.28125 135.399993896484375 138.024993896484375 145.5 148.4499969482421875 153.0500030517578125 157.1374969482421875 159.212493896484375 160.193756103515625 160.1374969482421875 158.53125 157.15625 157.4250030517578125 162.3625030517578125 161.318756103515625 161.537506103515625 168.662506103515625 172.524993896484375 177.8874969482421875 180.306243896484375 175.618743896484375 174.4875030517578125 169.006256103515625 161.1687469482421875 153.4250030517578125 142.5 133.350006103515625 127.01250457763671875 129.6062469482421875 135.600006103515625 143.943756103515625 147.5124969482421875 162.4250030517578125 163.368743896484375 159.4187469482421875 168.806243896484375 167.712493896484375 161.850006103515625 160.4562530517578125 156.03125
124.3562469482421875 123.5625 121.8312530517578125 121.6062469482421875 122.74375152587890625 124.84999847412109375 129.381256103515625 134.368743896484375 137.1374969482421875 142.9875030517578125 147.943756103515625 148.118743896484375 151.725006103515625 145.712493896484375 145.931243896484375 149.6687469482421875 150.962493896484375 150.5187530517578125 150.225006103515625 151.975006103515625 154.524993896484375 154.600006103515625 158.7062530517578125 161.6999969482421875 159.125 158.662506103515625 152.6750030517578125 146.818756103515625 139.337493896484375 131.462493896484375 128.3000030517578125 123.74375152587890625 124.75 127.6750030517578125 134.725006103515625 139.1187591552734375 150.7312469482421875 155.662506103515625 152.943756103515625 150.1437530517578125 153.6374969482421875 149.181243896484375 147.25 145.375
119.36875152587890625 117.53749847412109375 113.90000152587890625 114.5749969482421875 117.99375152587890625 119.52500152587890625 121.97499847412109375 125.1374969482421875 128.9250030517578125 131.6999969482421875 133.2312469482421875 135.15625 134.368743896484375 135.399993896484375 137.90625 139.1374969482421875 136 135.381256103515625 136.28125 138.3874969482421875 139.5812530517578125 140.899993896484375 140.3000030517578125 141.34375 142.7937469482421875 140.9562530517578125 137.7312469482421875 133.037506103515625 126.4812469482421875 126.1687469482421875 122.0124969482421875 117.94374847412109375 120.30625152587890625 122.43125152587890625 127.625 130.2375030517578125 137.5625 138.899993896484375 141 141.131256103515625 145.3249969482421875 142.5 138.8937530517578125 136.8249969482421875
115.1875 113.50624847412109375 112.27500152587890625 112.78749847412109375 112.21875 113.74375152587890625 115.8874969482421875 119.0625 120.125 122.3125 127.61875152587890625 127.4250030517578125 127.5749969482421875 130.7937469482421875 132.787506103515625 129.0437469482421875 124.90000152587890625 126.96250152587890625 127.46250152587890625 128.181243896484375 125.88124847412109375 124.94374847412109375 125.94374847412109375 127.0437469482421875 126.58750152587890625 125.84375 122.5625 118.18125152587890625 114.83750152587890625 115.66249847412109375 114.5187530517578125 110.06874847412109375 113.15625 118.34999847412109375 121.41249847412109375 123.52500152587890625 125.97499847412109375 127.15625 129.1062469482421875 134.8312530517578125 138.475006103515625 135.2937469482421875 129.6999969482421875 126.53125
110.68125152587890625 110.7062530517578125 112.11875152587890625 111.3000030517578125 109.625 109.59375 112.18125152587890625 112.0812530517578125 111.90000152587890625 112.47499847412109375 117.125 120.65625 121.43125152587890625 121.02500152587890625 120.34375 120.05625152587890625 118.8562469482421875 117.66249847412109375 115.1374969482421875 115.4875030517578125 114.6062469482421875 112.61249542236328125 114.43125152587890625 112.6750030517578125 113.19374847412109375 110.5437469482421875 109.9187469482421875 106.6999969482421875 105.9875030517578125 106.8125 108.13124847412109375 107.8000030517578125 106.59999847412109375 109.4499969482421875 114.3874969482421875 116.46250152587890625 117.6999969482421875 118.2687530517578125 120.7062530517578125 123.9562530517578125 124.3125 124.8125 122.3125 113.71250152587890625
108.46250152587890625 106.34375 108.97499847412109375 110.53125 108.61875152587890625 105.0749969482421875 103.96250152587890625 104.84999847412109375 104.72499847412109375 104.68125152587890625 111.59999847412109375 115.9375 117.43125152587890625 120.9875030517578125 119.6125030517578125 115.46875 110.8125 106.3937530517578125 103.68125152587890625 99.8625030517578125 102.2937469482421875 99.06874847412109375 98.56874847412109375 97.40625 100.59999847412109375 99.7624969482421875 98.2375030517578125 94.68125152587890625 93.65000152587890625 95.0187530517578125 98.28749847412109375 100.6875 99.0625 101.1875 103.4562530517578125 106.80625152587890625 105.9812469482421875 111.6750030517578125 110.78125 113.55625152587890625 114.00624847412109375 111.65625 110.97499847412109375 106.3000030517578125
105.97499847412109375 103.7375030517578125 104.58750152587890625 105.9562530517578125 105.3625030517578125 102.75624847412109375 101.1437530517578125 99.41249847412109375 97.58750152587890625 96.9187469482421875 100.0812530517578125 109.375 114.27500152587890625 115.5812530517578125 113.8874969482421875 109.5500030517578125 103.3125 96.5625 92.65625 87.9812469482421875 87.3312530517578125 88.5187530517578125 86.99375152587890625 85.94374847412109375 88.19374847412109375 87.41875457763671875 86.07500457763671875 83.53125 84.0812530517578125 85.4812469482421875 87.3249969482421875 90.3562469482421875 91.1750030517578125 91.81874847412109375 91.9499969482421875 95.1374969482421875 99.33750152587890625 99.90000152587890625 101 104.25 104.7624969482421875 101.55625152587890625 100.28125 99.5124969482421875
100.2687530517578125 102.09375 100.2624969482421875 101.75 102.71875 100.1687469482421875 97.8249969482421875 97.21250152587890625 94.43125152587890625 88.8562469482421875 95.1999969482421875 107.5437469482421875 112.84999847412109375 110.71875 108.06874847412109375 102.75624847412109375 96.77500152587890625 91.1062469482421875 86.34999847412109375 79.23125457763671875 76.96250152587890625 78.69374847412109375 77.0749969482421875 76.75 76.22499847412109375 75.80625152587890625 76.8125 74.80625152587890625 73.49375152587890625 74.03125 78.5500030517578125 80.03125 82.11875152587890625 83.9250030517578125 83.96250152587890625 86.56874847412109375 90.40000152587890625 93.6687469482421875 92.61875152587890625 92.63124847412109375 92.7687530517578125 92.9250030517578125 89.5187530517578125 95.0500030517578125
95.52500152587890625 97.66249847412109375 98.13124847412109375 100.5187530517578125 100.2937469482421875 98.5500030517578125 97.50624847412109375 96.28749847412109375 94.72499847412109375 88.31874847412109375 100.43125152587890625 110.78125 110.8125 108.7062530517578125 102.15000152587890625 95.84999847412109375 89.05625152587890625 84.5437469482421875 80.7624969482421875 75.25 71.4375 70.53749847412109375 67.9187469482421875 67.7687530517578125 66.66249847412109375 67.6750030517578125 68.46250152587890625 66.625 65.40000152587890625 65.4250030517578125 67.9812469482421875 72.4375 75.0187530517578125 75.3249969482421875 75.80625152587890625 78.66249847412109375 81.4250030517578125 83.0812530517578125 87.1687469482421875 85.5187530517578125 84.40625 85.6437530517578125 81.6374969482421875 81.25
