data/historical-monthly-weather-data/wc2.1_cruts4.09_10m_prec_1997-03.asc
ncols        51
nrows        45
xllcorner    -63.500000000000
yllcorner    -7.500000000000
cellsize     0.166666666667
NODATA_value -9999
[rows 20 to 39 of 45, columns 0 to 44 of 51]
382.087493896484375 390.03125 400.36248779296875 411.625 423.98748779296875 439.0625 453.287506103515625 464.33123779296875 470.912506103515625 471.73748779296875 469.412506103515625 472.537506103515625 477.35626220703125 484.412506103515625 476.25 459.40625 444.26873779296875 432.71875 426.65625 420.649993896484375 415.63751220703125 410.662506103515625 405.412506103515625 409.681243896484375 416.337493896484375 423.84375 431.350006103515625 438.35626220703125 444.42498779296875 445.1875 438.0625 424.693756103515625 405.212493896484375 380.57501220703125 356.95001220703125 383.21875 420.71875 441.087493896484375 448.537506103515625 447.837493896484375 443.20623779296875 438.375 431.600006103515625 426.10626220703125 422.056243896484375
372.068756103515625 380.89373779296875 394.51251220703125 407.6875 422.1875 440.368743896484375 457.63751220703125 472.318756103515625 479.756256103515625 476.26873779296875 466.17498779296875 460.5625 456.993743896484375 457.35626220703125 452.787506103515625 444.32501220703125 436.29376220703125 425.712493896484375 417.225006103515625 408.943756103515625 399.46875 391.506256103515625 388.943756103515625 392.04376220703125 398.84375 409.056243896484375 422.318756103515625 430.51873779296875 436.818756103515625 436.60626220703125 428.462493896484375 415.868743896484375 401.01251220703125 386.11248779296875 378.931243896484375 394.912506103515625 423.34375 443.09375 450.524993896484375 448.13751220703125 442.037506103515625 436.868743896484375 430.79376220703125 425.53125 422.806243896484375
366.21875 376.868743896484375 390.45001220703125 405.274993896484375 420.38751220703125 438.625 456.70623779296875 477.03125 489.26251220703125 479.143768310546875 461.65625 444.962493896484375 432.443756103515625 430.306243896484375 431.45001220703125 429.125 423.83123779296875 414.25 404.46875 394.943756103515625 384.13751220703125 373.33123779296875 366.962493896484375 369.48748779296875 379.056243896484375 392.1875 407.556243896484375 419.037506103515625 426.14373779296875 425.28125 419.787506103515625 414.074981689453125 410.243743896484375 406 411.15625 424.10626220703125 441.850006103515625 454.493743896484375 456.95001220703125 451.712493896484375 443.306243896484375 436.98126220703125 430.9375 424.58123779296875 422.76251220703125
361.287506103515625 369.6875 383.95001220703125 399.85626220703125 415.76873779296875 432.931243896484375 452.40625 472.16876220703125 481.82501220703125 468.85626220703125 448.100006103515625 430.45623779296875 411.54376220703125 410.037506103515625 414.5625 415.26873779296875 412.806243896484375 404.443756103515625 392.662506103515625 381.462493896484375 368.90625 356.162506103515625 347.42498779296875 348.89373779296875 355.86248779296875 368.23126220703125 384.899993896484375 400.5 411.76251220703125 416.462493896484375 418.087493896484375 417.92498779296875 420.756256103515625 425.23748779296875 435.712493896484375 449.725006103515625 462.618743896484375 466.25 462.16876220703125 454.54376220703125 445.5625 437.462493896484375 430.67498779296875 422.993743896484375 423.537506103515625
363.16876220703125 366.86248779296875 378.11248779296875 394.337493896484375 412.287506103515625 428.71875 443.818756103515625 457.92498779296875 462.03125 454.04376220703125 440.23748779296875 423.131256103515625 410.493743896484375 405.67498779296875 405.23748779296875 406.35626220703125 403.65625 395.712493896484375 384.59375 370.375 354.337493896484375 339.368743896484375 327.39373779296875 324.806243896484375 332.40625 348.506256103515625 365.431243896484375 385.10626220703125 399.83123779296875 411.53125 417.63751220703125 422.10626220703125 430.78125 440.08123779296875 451.15625 458.51873779296875 467.51251220703125 469.98126220703125 463.943756103515625 457.600006103515625 448.537506103515625 439.125 429.118743896484375 423.818756103515625 419.368743896484375
370.75 371.83123779296875 378.57501220703125 393.40625 407.8125 421.29998779296875 433.381256103515625 443.59375 444.962493896484375 439.587493896484375 430.462493896484375 419.9375 410.806243896484375 404.29998779296875 401.86248779296875 401.899993896484375 397.625 390.0625 379.412506103515625 362.36248779296875 345.70001220703125 325.931243896484375 308.368743896484375 300.850006103515625 310.8125 330.57501220703125 352.787506103515625 372.64373779296875 390.875 406.65625 418 428.256256103515625 441.29998779296875 450.774993896484375 459.70001220703125 463.962493896484375 469.300018310546875 471.056243896484375 466.1875 459.131256103515625 450.88751220703125 439.79998779296875 425.75 418.60626220703125 415.63751220703125
383.01251220703125 378.537506103515625 384.118743896484375 393.26251220703125 402.756256103515625 412.975006103515625 421.07501220703125 427.71875 428.875 427.587493896484375 423.881256103515625 417.42498779296875 411.337493896484375 406.76873779296875 404.375 402.29376220703125 399.65625 389.875 377.225006103515625 361.71875 341.90625 320.287506103515625 297.131256103515625 286.837493896484375 301.14373779296875 320.3125 343.13751220703125 362.587493896484375 381.53125 398.931243896484375 413.943756103515625 429.8125 447.29376220703125 455.70623779296875 462.95623779296875 466.73126220703125 471.48748779296875 472.58123779296875 468.631256103515625 463.09375 453.46875 441.131256103515625 425.60626220703125 416.024993896484375 423.431243896484375
396.98748779296875 389.368743896484375 391.274993896484375 395.868743896484375 399.125 405.20001220703125 412.57501220703125 416.84375 418.318756103515625 418.931243896484375 416.92498779296875 413.412506103515625 410.8125 408.725006103515625 406.318756103515625 403.587493896484375 401.125 393.743743896484375 381.33123779296875 365.962493896484375 346.61248779296875 324.612518310546875 307.506256103515625 299.493743896484375 306.38751220703125 320.5625 339.631256103515625 358.33123779296875 375.662506103515625 391.337493896484375 406.475006103515625 421.84375 440.337493896484375 451.193756103515625 460.73748779296875 465.70623779296875 468.568756103515625 471.98748779296875 470.29998779296875 468 463.61248779296875 449.881256103515625 429.881256103515625 419.712493896484375 440.04376220703125
408.931243896484375 399.556243896484375 397.79998779296875 396.837493896484375 398.462493896484375 401.07501220703125 403.48126220703125 406.193756103515625 408.82501220703125 410.024993896484375 411.131256103515625 410.33123779296875 409.70623779296875 410.162506103515625 409.5625 408.631256103515625 408.306243896484375 401.3125 390.600006103515625 376.39373779296875 357.57501220703125 337.04998779296875 322.212493896484375 313.756256103515625 316.76251220703125 324.48748779296875 339.21875 355.34375 370.67498779296875 385.34375 397.899993896484375 411.34375 430.087493896484375 444.64373779296875 457.14373779296875 463.006256103515625 465.64373779296875 469.662506103515625 469.35626220703125 467.381256103515625 468.95001220703125 455.84375 436.95001220703125 437.868743896484375 462.95001220703125
417.04376220703125 405.993743896484375 400.73126220703125 396.5625 394.78125 393.85626220703125 395.13751220703125 396.8125 399.693756103515625 401.26251220703125 403.350006103515625 405.662506103515625 408.399993896484375 410.83123779296875 411.76873779296875 412.543731689453125 413.29376220703125 413.1875 405.29998779296875 388.48126220703125 369.018768310546875 350.087493896484375 334.98748779296875 326.943756103515625 325.662506103515625 329.912506103515625 341.087493896484375 352.993743896484375 364.587493896484375 377.087493896484375 389.23126220703125 400.8125 418.76873779296875 436.975006103515625 451.881256103515625 457.587493896484375 460.993743896484375 466.42498779296875 461.868743896484375 459.756256103515625 462.381256103515625 462.149993896484375 456.131256103515625 465.11248779296875 480.25
420.63751220703125 408.118743896484375 400.274993896484375 394.881256103515625 391.087493896484375 387.61248779296875 388.537506103515625 388.875 391.15625 393.32501220703125 396.40625 399.45623779296875 404.087493896484375 407.25 410.431243896484375 414.131256103515625 419.54376220703125 421.274993896484375 418.787506103515625 401.756256103515625 381.34375 361.01873779296875 346.5 337.125 332.51873779296875 335.056243896484375 341.67498779296875 349 358.274993896484375 369.368743896484375 380.943756103515625 393.54998779296875 411.649993896484375 430.412506103515625 446.76873779296875 451.73126220703125 456.14373779296875 462.79376220703125 456.75 446.143768310546875 451.98126220703125 465.54376220703125 474.23126220703125 486.475006103515625 502.64373779296875
420.100006103515625 406.95001220703125 397.40625 390.0625 385.112518310546875 380.82501220703125 380.912506103515625 379.63751220703125 381.48748779296875 383.975006103515625 387.475006103515625 391.32501220703125 395.912506103515625 402.131256103515625 408.193756103515625 414.58123779296875 418.0625 419.67498779296875 417.5625 406.443756103515625 386.5 368.66876220703125 352.756256103515625 342.29376220703125 338.65625 337.5 340.16876220703125 345.98126220703125 351.1875 362.29998779296875 374.118743896484375 386.618743896484375 403.806243896484375 422.89373779296875 440.100006103515625 446.375 453.76873779296875 459.868743896484375 451.26873779296875 446.337493896484375 458.0625 478.79376220703125 495.131256103515625 516.89373779296875 538.5250244140625
413.368743896484375 401.66876220703125 391.9375 384.20001220703125 377.493743896484375 374.318756103515625 372.17498779296875 369.681243896484375 369.70001220703125 372.84375 379.60626220703125 382.806243896484375 388.649993896484375 397.95623779296875 404.29376220703125 409.881256103515625 412.431243896484375 413.837493896484375 409.95001220703125 401.024993896484375 385.649993896484375 369.23748779296875 353.524993896484375 345.42498779296875 340.96875 338.59375 339.83123779296875 343.6875 348.92498779296875 358.1875 368.524993896484375 379.90625 398.07501220703125 417.45623779296875 433.975006103515625 444.66876220703125 454.04376220703125 460.48126220703125 456.375 463.66876220703125 477.462493896484375 498.51873779296875 520.4312744140625 545.79998779296875 581.39373779296875
405.243743896484375 394.556243896484375 387.01251220703125 379.57501220703125 372.743743896484375 367.73126220703125 363.66876220703125 360.212493896484375 358.9375 361.087493896484375 367.33123779296875 374.193756103515625 381.38751220703125 388.600006103515625 394.67498779296875 401.76873779296875 406.806243896484375 406.73748779296875 401.01873779296875 392.899993896484375 380.725006103515625 365.8125 352.600006103515625 344.162506103515625 339.993743896484375 336.625 338.100006103515625 340.5625 346.38751220703125 353.95623779296875 361.92498779296875 373.462493896484375 392.693756103515625 412.0625 431.212493896484375 443.73126220703125 454.15625 462.006256103515625 467.98748779296875 479.40625 493.03125 514.8499755859375 542.39373779296875 571.21875 611.34375
397.125 388.59375 382.0625 374.51251220703125 365.787506103515625 360.54998779296875 354.57501220703125 350.78125 346.76873779296875 346.70623779296875 353.92498779296875 363.65625 373.59375 381.375 389.11248779296875 394.45623779296875 399.32501220703125 398.125 392.243743896484375 384.181243896484375 373.818756103515625 359.78125 347.181243896484375 339.306243896484375 335.98126220703125 333.54376220703125 333.943756103515625 337.08123779296875 341 348.537506103515625 357.04998779296875 367.73748779296875 386.756256103515625 407.45001220703125 426.36248779296875 439.29376220703125 451.662506103515625 467.48748779296875 478.60626220703125 491.20623779296875 506.375 526.1500244140625 552.96875 582.4625244140625 616.63751220703125
389.34375 381.51873779296875 375.08123779296875 368.087493896484375 360.243743896484375 353.26873779296875 346.84375 339.53125 332.306243896484375 331 337.58123779296875 349.524993896484375 363.649993896484375 374.568756103515625 380.71875 385.318756103515625 387.28125 384.618743896484375 379.537506103515625 372.60626220703125 362.20623779296875 348.83123779296875 336.34375 330.10626220703125 326.712493896484375 324.337493896484375 325.537506103515625 329.73748779296875 334.48126220703125 341.668731689453125 350.70623779296875 360.89373779296875 378.98748779296875 400.90625 420.36248779296875 434.431243896484375 451.831268310546875 469.36248779296875 479.668731689453125 494.15625 511.225006103515625 529.39373779296875 550.9625244140625 578.89373779296875 604.3125
380.01251220703125 374.32501220703125 369.07501220703125 362.537506103515625 356.10626220703125 349.04376220703125 340.70001220703125 331.78125 321.0625 313.625 322.86248779296875 342.54998779296875 358.23748779296875 367.70623779296875 373.04998779296875 374.568756103515625 373.712493896484375 369.693756103515625 364.756256103515625 355.79998779296875 346.57501220703125 334.54376220703125 323.568756103515625 316.90625 313.625 312.1875 314.837493896484375 321.100006103515625 326.662506103515625 334.66876220703125 343.225006103515625 353.20623779296875 373.09375 395.587493896484375 415.162506103515625 432.524993896484375 451.837493896484375 471.16876220703125 482.79998779296875 494.256256103515625 508.875 525.3812255859375 545.4000244140625 569.3687744140625 590.21875
372.212493896484375 368.48748779296875 363.48748779296875 358.318756103515625 353.85626220703125 347.118743896484375 338.67498779296875 328.46875 318.76251220703125 308.193756103515625 325.5625 345.899993896484375 356.381256103515625 363.35626220703125 364.36248779296875 363.48126220703125 358.89373779296875 353.29998779296875 346.38751220703125 336.337493896484375 326.381256103515625 316.26873779296875 308.350006103515625 302.41876220703125 299.899993896484375 299.78125 303.587493896484375 311.66876220703125 319.10626220703125 327.350006103515625 335.15625 344.96875 365.337493896484375 388.662506103515625 408.193756103515625 428.75 449.35626220703125 467.375 481.21875 494.17498779296875 504.88751220703125 520.7437744140625 535.84375 550.625 567.5687255859375
367.318756103515625 362.993743896484375 359.33123779296875 355.45623779296875 351.868743896484375 344.91876220703125 339.14373779296875 332.118743896484375 328.45623779296875 333.98748779296875 352.306243896484375 355.462493896484375 355.20623779296875 355.95001220703125 353.899993896484375 349.837493896484375 343.04998779296875 335.5625 326.60626220703125 315.73748779296875 305.54376220703125 297.07501220703125 290.76251220703125 286.9375 285.82501220703125 287.29998779296875 292.70623779296875 300.63751220703125 309.20623779296875 318.73748779296875 328.89373779296875 338.67498779296875 357.274993896484375 379.381256103515625 401.98748779296875 420.243743896484375 438.61248779296875 457.60626220703125 468.46875 478.074981689453125 487.71875 502.16876220703125 513.7562255859375 526.6875 537.76251220703125
363.712493896484375 358.76251220703125 355.79376220703125 352.193756103515625 350.15625 346.73748779296875 341.537506103515625 339.73126220703125 339.181243896484375 343.09375 350.375 353.10626220703125 351.556243896484375 347.98748779296875 343.67498779296875 336.537506103515625 327.712493896484375 318.36248779296875 307.193756103515625 296.3125 286.23748779296875 278.756256103515625 272.524993896484375 269.962493896484375 271.23126220703125 274.23126220703125 280.13751220703125 289.20001220703125 298.38751220703125 308.78125 319.193756103515625 332.962493896484375 353.46875 373.225006103515625 393.82501220703125 411.86248779296875 427.51873779296875 444.01251220703125 455.149993896484375 460.806243896484375 467.524993896484375 479.51251220703125 489.125 498.51873779296875 506.681243896484375
