data/historical-monthly-weather-data/wc2.1_cruts4.09_10m_prec_2012-12.asc
ncols        45
nrows        45
xllcorner    -63.500000000000
yllcorner    -7.500000000000
cellsize     0.166666666667
NODATA_value -9999
[rows 0 to 19 of 45, columns 0 to 44 of 45]
210.462493896484375 207.368743896484375 198.712493896484375 192.34375 184.2687530517578125 177.100006103515625 169.1875 160.3625030517578125 153.1374969482421875 146.7312469482421875 142.8249969482421875 138.868743896484375 135.96875 131.681243896484375 128.15625 124.8125 122.0124969482421875 118.6062469482421875 116.57500457763671875 114.83750152587890625 115.2937469482421875 115.61875152587890625 116.08750152587890625 117.59375 119.1999969482421875 120.6875 123.9875030517578125 127.6687469482421875 131.912506103515625 138.568756103515625 145.100006103515625 152.8000030517578125 160.59375 168.274993896484375 175.568756103515625 183.1875 188.9187469482421875 193.975006103515625 195.037506103515625 196.1062469482421875 196.287506103515625 193.8312530517578125 190.9812469482421875 186.84375 183.0500030517578125
214.556243896484375 211.25 206.1062469482421875 201.7687530517578125 196.681243896484375 188.71875 179.5999908447265625 172.90625 167.3312530517578125 161.5812530517578125 156.6999969482421875 151.3687591552734375 147.53125 143.28125 138.912506103515625 135.006256103515625 131.6062469482421875 128.243743896484375 125.44374847412109375 124.0812530517578125 124.21875 124.44374847412109375 125.5124969482421875 127.28125 129.1687469482421875 131.024993896484375 134.274993896484375 137.6437530517578125 141.787506103515625 150.0625 158.1125030517578125 167.3937530517578125 175.212493896484375 184.09375 193.4250030517578125 199.6062469482421875 208.412506103515625 215.162506103515625 215.5749969482421875 216.1999969482421875 215.9499969482421875 212.7687530517578125 209.3000030517578125 202.787506103515625 197.087493896484375
214.59375 212.3937530517578125 208.618743896484375 204.9499969482421875 201.068756103515625 194.149993896484375 187.9250030517578125 183.4875030517578125 179.212493896484375 174.149993896484375 168.71875 163.28125 159.399993896484375 155.024993896484375 150.493743896484375 145.693756103515625 142.1750030517578125 138.8874969482421875 136.5124969482421875 135.006256103515625 135.524993896484375 136.649993896484375 138.131256103515625 139.7312469482421875 141.618743896484375 144.3874969482421875 147.59375 150.587493896484375 154.9812469482421875 162.5625 171.3625030517578125 181.149993896484375 191.5124969482421875 199.931243896484375 209.537506103515625 218.1999969482421875 226.287506103515625 233.21875 234.6750030517578125 235.0500030517578125 234.056243896484375 229.381256103515625 223.3062591552734375 217.4562530517578125 209.2624969482421875
212.0500030517578125 211.818756103515625 210.5124969482421875 206.381256103515625 203.899993896484375 199.1999969482421875 195.53125 193.100006103515625 189.975006103515625 186.8000030517578125 181.8562469482421875 176.556243896484375 171.78125 167.3625030517578125 162.162506103515625 157.506256103515625 153.5500030517578125 149.7312469482421875 147.8125 147.850006103515625 149.125 150.5 151.3312530517578125 153.274993896484375 154.868743896484375 158.1125030517578125 161.3562469482421875 163.5812530517578125 168.162506103515625 176.818756103515625 185.59375 194.6687469482421875 206.2937469482421875 217.28125 227.1062469482421875 236.0749969482421875 243.7312469482421875 251.5437469482421875 254.2312469482421875 254.0812530517578125 251.4875030517578125 245.318756103515625 237.7375030517578125 231.0437469482421875 221.09375
218.725006103515625 214.3874969482421875 209.4375 207.4250030517578125 206.5 204.5 202.318756103515625 201.4187469482421875 201 199.3812408447265625 194.3125 188.3125 184.2937469482421875 180.1750030517578125 174.5500030517578125 169.5 164.96875 161.587493896484375 160.5 161.75 163.631256103515625 164.3249969482421875 165.125 167.068756103515625 168.756256103515625 172.274993896484375 174.0625 176.1999969482421875 180.59375 189.96875 199.5 208.34375 219.90625 231.8312530517578125 242.6875 252.818756103515625 262.493743896484375 270.32501220703125 272.9375 272.14373779296875 268.743743896484375 260.79376220703125 252.3625030517578125 242.6437530517578125 232.21875
224.1437530517578125 220.46875 213.90625 208.056243896484375 208.131256103515625 208.837493896484375 208.350006103515625 207.4875030517578125 206.9562530517578125 205.8312530517578125 201.368743896484375 196.537506103515625 193.787506103515625 190.25 186.4187469482421875 182.131256103515625 178.6437530517578125 175.25 176.2312469482421875 177.25 177.712493896484375 178.7750091552734375 179.03125 180.6875 182.381256103515625 184.756256103515625 187.756256103515625 189.756256103515625 193.131256103515625 202.09375 211.837493896484375 221.693756103515625 230.71875 240.662506103515625 253.78125 264.04998779296875 273.0625 283.168731689453125 286.15625 283.225006103515625 275.86248779296875 267.38751220703125 256.61248779296875 247.59375 237.9250030517578125
231.774993896484375 227.787506103515625 221.4187469482421875 214.693756103515625 211.6999969482421875 211.21875 211.5187530517578125 210.631256103515625 208.875 206.1062469482421875 205.274993896484375 202.850006103515625 202.5187530517578125 200.2062530517578125 197.625 195.15625 194.056243896484375 194.899993896484375 196.881256103515625 196.368743896484375 194.59375 194.5749969482421875 193.59375 194.1374969482421875 196.3249969482421875 197.8312530517578125 199.899993896484375 203.368743896484375 206.625 214.5 223.6374969482421875 232.8125 242.368743896484375 251.193756103515625 261.693756103515625 270.912506103515625 280.86248779296875 290.57501220703125 296.63751220703125 291.375 281.15625 270.29998779296875 260.17498779296875 249.8125 238.725006103515625
239.493743896484375 234.75 228.84375 224.256256103515625 221.4250030517578125 218.9499969482421875 215.6875 210.931243896484375 206.431243896484375 205.8312530517578125 208.649993896484375 210.1750030517578125 210.6875 211.193756103515625 209.631256103515625 208.9812469482421875 209.212493896484375 213.4250030517578125 217 213.587493896484375 210.149993896484375 207.881256103515625 206 205.625 208.3499908447265625 210.600006103515625 211.9375 214.787506103515625 219.7375030517578125 227.787506103515625 234.5500030517578125 242.7375030517578125 252.0124969482421875 259.756256103515625 270.15625 276.28125 284.98126220703125 292.631256103515625 295.08123779296875 290.475006103515625 282.04998779296875 271.01251220703125 260.78125 249.96875 237.0437469482421875
248.399993896484375 243.78125 238.8312530517578125 234.78125 231.2624969482421875 229.193756103515625 225.4749908447265625 219.2937469482421875 211.34375 208.774993896484375 213.8874969482421875 217.412506103515625 219.3249969482421875 219.9499969482421875 219.850006103515625 220.3249969482421875 221.681243896484375 226.0437469482421875 229.25 224.9250030517578125 219 216.431243896484375 215.0124969482421875 216.850006103515625 218.837493896484375 220.631256103515625 221.868743896484375 225.03125 228.9250030517578125 235.193756103515625 242.6750030517578125 248.5 255.9812469482421875 263.92498779296875 271.875 277.36248779296875 282.53125 286.64373779296875 286.48126220703125 283.0625 274.618743896484375 264.975006103515625 256.79376220703125 247.6999969482421875 237.1875
255.6437530517578125 251.75 247.8249969482421875 245.100006103515625 241.868743896484375 239.837493896484375 236.618743896484375 231.5500030517578125 226.71875 224.350006103515625 226.1125030517578125 226.743743896484375 229.1687469482421875 228.5625 229.931243896484375 231.087493896484375 232.2937469482421875 233.7937469482421875 234.15625 231.024993896484375 226.1999969482421875 223.65625 222.8874969482421875 225.850006103515625 227.5625 229.15625 230.631256103515625 233.3000030517578125 237.4562530517578125 242.59375 247.368743896484375 251.931243896484375 257.787506103515625 263.5625 270.8125 276.70001220703125 279.5625 281.412506103515625 278.306243896484375 273.943756103515625 267.368743896484375 260.03125 251.3062591552734375 243.21875 234.9562530517578125
264.318756103515625 260.399993896484375 256.29998779296875 253.0187530517578125 251.46875 251.243743896484375 249.0500030517578125 244.056243896484375 239.850006103515625 238.3000030517578125 238.975006103515625 239.318756103515625 239.475006103515625 238.875 239.59375 240.975006103515625 241.3125 240.662506103515625 238.3937530517578125 234.8562469482421875 232.5124969482421875 230.649993896484375 230.618743896484375 231.3937530517578125 236.5437469482421875 238.681243896484375 239.118743896484375 239.8000030517578125 241.537506103515625 245.556243896484375 249.1437530517578125 253.3937530517578125 258.29376220703125 263.149993896484375 268.681243896484375 272.17498779296875 274.14373779296875 274.875 272.79998779296875 267.543731689453125 261.037506103515625 254.037506103515625 247.3625030517578125 240.912506103515625 232.9250030517578125
271.15625 266.931243896484375 263.431243896484375 261.51251220703125 260.21875 260.412506103515625 259.60626220703125 255.5437469482421875 251.6374969482421875 251 251.7937469482421875 253.0124969482421875 251.337493896484375 249.975006103515625 250.2312469482421875 249.4375 248.412506103515625 245.0625 241.5437469482421875 238.125 235.100006103515625 234.5437469482421875 236.8312530517578125 239.09375 243.8625030517578125 246.100006103515625 244.8312530517578125 243.5187530517578125 243.100006103515625 245.6999969482421875 247.9250030517578125 251.1687469482421875 255.2375030517578125 260 265.193756103515625 268.26251220703125 269.493743896484375 270.118743896484375 266.90625 261.63751220703125 255.2062530517578125 248.8625030517578125 242.6125030517578125 236.225006103515625 227.1875
277.131256103515625 273.568756103515625 270.875 268.65625 268.0625 267.5625 266.243743896484375 263.96875 261.068756103515625 261.21875 262.53125 264.54376220703125 263.39373779296875 260.368743896484375 260.006256103515625 257.95623779296875 255.15625 251.587493896484375 247.006256103515625 241.9875030517578125 236.6125030517578125 237.568756103515625 242.6875 246.3625030517578125 248.8937530517578125 249.53125 247.712493896484375 246.0500030517578125 244.8562469482421875 244.2624969482421875 244.8125 246.306243896484375 249.337493896484375 254.0625 259.11248779296875 263.131256103515625 265.36248779296875 265.92498779296875 262.087493896484375 255.318756103515625 248.09375 243.5124969482421875 236.3625030517578125 226.0749969482421875 217.493743896484375
281.29376220703125 277.975006103515625 275.368743896484375 273.71875 272.625 272.006256103515625 270.73126220703125 270.412506103515625 269.78125 269.287506103515625 268.85626220703125 270.98126220703125 271.9375 270.53125 267.806243896484375 266.475006103515625 262.600006103515625 257.631256103515625 252.3125 247.181243896484375 243.875 244.6062469482421875 248.3125 250.756256103515625 252.649993896484375 253.350006103515625 251.725006103515625 247.412506103515625 243.931243896484375 241.2624969482421875 240.1125030517578125 239.59375 242.868743896484375 246.881256103515625 252.693756103515625 256.9375 260.337493896484375 263.07501220703125 260.537506103515625 255.34375 244.46875 234.431243896484375 226.225006103515625 219.5124969482421875 213.868743896484375
285.70001220703125 282.274993896484375 280.431243896484375 278.668731689453125 277.92498779296875 277 277.14373779296875 277.08123779296875 276.556243896484375 275.45001220703125 274.85626220703125 277.375 278.20001220703125 278.01251220703125 274.66876220703125 272.818756103515625 267.66876220703125 262.20623779296875 256.65625 253.3562469482421875 250.9250030517578125 251.5124969482421875 253.4875030517578125 254.6875 256.15625 256.11248779296875 253.2062530517578125 248.21875 242.8249969482421875 236.6750030517578125 232.5187530517578125 231.3937530517578125 234.53125 239.25 245.625 249.0437469482421875 255.0187530517578125 262.04998779296875 264.774993896484375 259.1875 246.15625 235.0625 226.28125 219.0625 210.2375030517578125
288.21875 285.306243896484375 283.8125 283.09375 282.412506103515625 282.118743896484375 282.23748779296875 281.149993896484375 280.88751220703125 281.35626220703125 280.524993896484375 282.76251220703125 284.26251220703125 284.306243896484375 281.42498779296875 276.6875 271.23126220703125 266.993743896484375 261.524993896484375 258.08123779296875 257.431243896484375 257.53125 258.962493896484375 259 260.04376220703125 260.96875 256.82501220703125 250.125 241.850006103515625 231.774993896484375 224.943756103515625 221.1125030517578125 222.2375030517578125 226.556243896484375 231.75 237.0124969482421875 246.28125 258.21875 266.75 262.962493896484375 249.787506103515625 236.9499969482421875 225.9562530517578125 214.375 206.7062530517578125
289.79998779296875 287.649993896484375 285.01251220703125 285.181243896484375 285.58123779296875 284.850006103515625 285.493743896484375 286.07501220703125 286.9375 286.743743896484375 286.08123779296875 287.743743896484375 289.381256103515625 289.59375 286.756256103515625 281.125 273.181243896484375 269.118743896484375 265.5625 262.318756103515625 262.462493896484375 263.1875 264.625 263.649993896484375 264.51251220703125 266.14373779296875 262.09375 252.6062469482421875 239.068756103515625 225.568756103515625 216.1875 211.631256103515625 210.25 209.881256103515625 212.46875 219.6875 233.78125 254.625 275.850006103515625 267.67498779296875 250.84375 235.899993896484375 221.368743896484375 211 203.368743896484375
290.524993896484375 289.068756103515625 287.149993896484375 288.0625 289.068756103515625 290.056243896484375 290.86248779296875 290.95001220703125 291.57501220703125 292.46875 292.46875 293.625 293.67498779296875 293.41876220703125 289.693756103515625 283.493743896484375 275.57501220703125 267.725006103515625 266.756256103515625 263.96875 265.96875 267.46875 268.79998779296875 268.149993896484375 268.6875 270.256256103515625 267.587493896484375 253.59375 234.9499969482421875 217.03125 204.6750030517578125 198.6437530517578125 198.9375 199.875 198.1437530517578125 196.943756103515625 219.09375 244.9562530517578125 261.556243896484375 259.212493896484375 243.743743896484375 229.756256103515625 218.125 209.287506103515625 202.1374969482421875
289.64373779296875 288.6875 288.350006103515625 289.868743896484375 291.71875 293.66876220703125 294.89373779296875 296.76251220703125 297.743743896484375 298.649993896484375 297.20623779296875 296.649993896484375 297.14373779296875 297.212493896484375 292.42498779296875 285.46875 277.70001220703125 269.71875 264.443756103515625 262.86248779296875 267.631256103515625 272.899993896484375 271.48748779296875 271.63751220703125 272.90625 273.587493896484375 268.03125 253.993743896484375 233.462493896484375 211.34375 194.318756103515625 192.6687469482421875 196.7062530517578125 197.1437530517578125 194.46875 196.96875 213.9499969482421875 232.34375 244.78125 243.600006103515625 233.1437530517578125 222.306243896484375 213.256256103515625 206.84375 201.84375
287.09375 287.15625 286.79998779296875 289.10626220703125 292.32501220703125 296.087493896484375 299.04998779296875 301.70623779296875 303.524993896484375 302.962493896484375 301.91876220703125 302.556243896484375 302.89373779296875 300.96875 294.318756103515625 285.118743896484375 276.20623779296875 270.350006103515625 265.58123779296875 263.46875 266.337493896484375 269.662506103515625 273.462493896484375 274.42498779296875 275.274993896484375 274.787506103515625 267.8125 255.899993896484375 236.8249969482421875 214.4812469482421875 199.443756103515625 197.8125 200.375 202.8874969482421875 205.006256103515625 207.7062530517578125 217.506256103515625 228.743743896484375 235.2375030517578125 233.912506103515625 225.537506103515625 214.693756103515625 209.5 205.6999969482421875 202.037506103515625
