data/historical-monthly-weather-data/wc2.1_cruts4.09_10m_prec_2013-05.asc
ncols        51
nrows        45
xllcorner    -63.500000000000
yllcorner    -7.500000000000
cellsize     0.166666666667
NODATA_value -9999
[rows 0 to 19 of 45, columns 0 to 43 of 51]
399.225006103515625 393.36248779296875 390.625 395.51251220703125 397.07501220703125 397.16876220703125 392.318756103515625 389.91876220703125 386.649993896484375 386.51251220703125 383.83123779296875 376.36248779296875 370.98126220703125 366.350006103515625 359.35626220703125 354.45623779296875 348.26251220703125 340.96875 336.76251220703125 335.524993896484375 335.868743896484375 335.975006103515625 339.95623779296875 340.225006103515625 342.11248779296875 346.03125 348.01873779296875 351.90625 353.443756103515625 360.79376220703125 363.899993896484375 370.068756103515625 378.84375 385.943756103515625 393.225006103515625 402.39373779296875 409.9375 413.587493896484375 415.20623779296875 418.725006103515625 418.60626220703125 418.26251220703125 413.98126220703125 414.881256103515625
398.91876220703125 390.631256103515625 392.09375 398.649993896484375 405.256256103515625 406.82501220703125 402.337493896484375 400.53125 399.48126220703125 395.774993896484375 392.96875 384.51251220703125 375.92498779296875 367.90625 358.45001220703125 349.86248779296875 341.662506103515625 332.92498779296875 330.181243896484375 328.96875 329.78125 331.78125 333.95001220703125 337.568756103515625 339.631256103515625 341.868743896484375 346.54998779296875 350.837493896484375 354.40625 360.38751220703125 364.787506103515625 375.86248779296875 382.524993896484375 393.006256103515625 400.225006103515625 404.32501220703125 414.556243896484375 419.51873779296875 423.943756103515625 420.931243896484375 420.375 424.725006103515625 420.39373779296875 414.83123779296875
389.57501220703125 385.11248779296875 389.61248779296875 394.48126220703125 398.32501220703125 402.32501220703125 404.193756103515625 407.25 407.806243896484375 404.600006103515625 400.193756103515625 388.993743896484375 377.375 364.475006103515625 353.881256103515625 345.225006103515625 334.493743896484375 324.54998779296875 321.193756103515625 320.63751220703125 322.350006103515625 327.14373779296875 330.431243896484375 333.66876220703125 336.20623779296875 341.83123779296875 348.46875 351.462493896484375 353.11248779296875 359.13751220703125 364.35626220703125 373.212493896484375 384.63751220703125 392.806243896484375 402.79376220703125 406.29376220703125 414.6875 421.375 423.71875 424.056243896484375 427.5 424.78125 423.556243896484375 418.29376220703125
374.58123779296875 368.162506103515625 379.63751220703125 383.5625 387.818756103515625 392.33123779296875 397.79376220703125 406.20623779296875 413.45001220703125 412.881256103515625 405.162506103515625 391.381256103515625 374.537506103515625 359.76873779296875 347.76873779296875 336.743743896484375 324.33123779296875 315.199981689453125 311.54998779296875 313.649993896484375 320.818756103515625 324.78125 327.050018310546875 331.70623779296875 335.07501220703125 339.10626220703125 346.568756103515625 347.61248779296875 349.243743896484375 358.375 364.631256103515625 373.01873779296875 382.34375 389.899993896484375 396.756256103515625 407.61248779296875 418.09375 424.65625 427.993743896484375 429.943756103515625 431.01251220703125 432.79376220703125 425.912506103515625 419.15625
382.587493896484375 371.774993896484375 363.48748779296875 366.337493896484375 372.98748779296875 377.85626220703125 387.0625 399.537506103515625 413.600006103515625 418.70001220703125 406.01873779296875 385.818756103515625 370.82501220703125 356.256256103515625 342.98748779296875 329.51251220703125 315.4375 307.024993896484375 303.40625 307.34375 315.42498779296875 319.26251220703125 321.037506103515625 329.962493896484375 332.46875 336.8125 338.48126220703125 343.662506103515625 346.85626220703125 354.48748779296875 363.162506103515625 369.631256103515625 377.8125 389.243743896484375 398.61248779296875 406.51873779296875 418.943756103515625 429.037506103515625 434.306243896484375 435.70001220703125 439.243743896484375 435.306243896484375 429.212493896484375 424.649993896484375
380.587493896484375 370.28125 359.743743896484375 347.29998779296875 354.368743896484375 365.274993896484375 374.662506103515625 384.131256103515625 399.618743896484375 407.38751220703125 397.462493896484375 376.5 365.07501220703125 353.41876220703125 338.25 328.375 313.337493896484375 303.912506103515625 301.84375 307.32501220703125 313.506256103515625 318.962493896484375 324.04376220703125 327.056243896484375 330.862518310546875 335.024993896484375 337.26873779296875 339.98748779296875 345.03125 353.381256103515625 361.92498779296875 370.54998779296875 378.29998779296875 388.48126220703125 396.899993896484375 406.88751220703125 417.08123779296875 426.29998779296875 437.225006103515625 439.712493896484375 439.337493896484375 436.662506103515625 429.48748779296875 424.431243896484375
381.14373779296875 368.5 356.89373779296875 345.3125 340.787506103515625 344.23126220703125 351.73126220703125 359.98748779296875 362.36248779296875 370.76873779296875 370.681243896484375 360.59375 354.493743896484375 347.024993896484375 336.0625 325.681243896484375 316.9375 310.82501220703125 307.631256103515625 312.86248779296875 315.82501220703125 318.693756103515625 319.66876220703125 325.04998779296875 330.162506103515625 337.03125 337.443756103515625 339.118743896484375 340.256256103515625 349.20623779296875 358.868743896484375 365.01873779296875 371.118743896484375 380.83123779296875 390.70001220703125 402.943756103515625 411.368743896484375 420.662506103515625 432.73748779296875 439.6875 437.76873779296875 431.875 425.337493896484375 422.837493896484375
380.04998779296875 365.82501220703125 353.618743896484375 344.76873779296875 339.287506103515625 341.725006103515625 337.256256103515625 326.09375 318.11248779296875 329.306243896484375 343.25 344.21875 345.8125 341.225006103515625 334.25 328.08123779296875 321.25 318.662506103515625 315.96875 315.61248779296875 320.524993896484375 320.743743896484375 321.118743896484375 321.793731689453125 328.73748779296875 329.212493896484375 333.412506103515625 333.568756103515625 335.29376220703125 344.20623779296875 353.243743896484375 359.006256103515625 366.5625 372.84375 378.98748779296875 388.8125 399.33123779296875 411.243743896484375 419.66876220703125 421.181243896484375 425.181243896484375 420.60626220703125 416.70001220703125 410.75
377.587493896484375 363.65625 353.79998779296875 343.443756103515625 336.15625 335.51251220703125 330.21875 321.03125 306.399993896484375 303.756256103515625 318.068756103515625 328.20001220703125 337.25 335.40625 331.256256103515625 329.21875 325.556243896484375 325.818756103515625 327.131256103515625 320.60626220703125 317.35626220703125 320.61248779296875 316.16876220703125 324.024993896484375 324.17498779296875 323.21875 323.51251220703125 327.943756103515625 334.100006103515625 340.006256103515625 350.375 353.618743896484375 353.537506103515625 355.84375 364.03125 374.86248779296875 385.95001220703125 397.962493896484375 408.899993896484375 408.95623779296875 408.16876220703125 403.912506103515625 404.95001220703125 404.631256103515625
373.649993896484375 362.068756103515625 352.70623779296875 344.412506103515625 333.92498779296875 332.649993896484375 328.662506103515625 321.98748779296875 315.662506103515625 315.79998779296875 321.693756103515625 321.881256103515625 332.40625 331.51873779296875 331.350006103515625 328.23748779296875 325.943756103515625 326.831268310546875 329.631256103515625 329 322.29376220703125 316.618743896484375 313.01873779296875 317.70623779296875 315.149993896484375 314.337493896484375 314.33123779296875 318.725006103515625 326.83123779296875 336.33123779296875 340.70623779296875 341.41876220703125 344.431243896484375 347.1875 350.70001220703125 360.131256103515625 369.35626220703125 381.57501220703125 392.79376220703125 400.39373779296875 405.57501220703125 406.243743896484375 397.774993896484375 389.9375
369.493743896484375 360.28125 350.20623779296875 342.86248779296875 332.84375 332.64373779296875 329.84375 321.95001220703125 318.45623779296875 321.86248779296875 328.287506103515625 332.01873779296875 328.600006103515625 330.225006103515625 328.01873779296875 325 324 326.58123779296875 329.14373779296875 332.32501220703125 335.725006103515625 324.63751220703125 314.350006103515625 301.67498779296875 306.725006103515625 310.462493896484375 310.493743896484375 314.149993896484375 317.11248779296875 322.08123779296875 327.9375 330.618743896484375 332.23126220703125 333.89373779296875 335.73126220703125 341.15625 349.78125 362.975006103515625 378.28125 389.14373779296875 396.743743896484375 395.4375 395.35626220703125 383.056243896484375
367.65625 357.306243896484375 348.649993896484375 341.631256103515625 334 330.20001220703125 330.41876220703125 327.100006103515625 327.037506103515625 326.15625 331.462493896484375 338.17498779296875 328.71875 327.15625 327.26251220703125 321.79376220703125 320.25 322.65625 326.537506103515625 334.13751220703125 341.61248779296875 336.524993896484375 324.0625 307.54998779296875 298.70623779296875 294.46875 292.79376220703125 296.64373779296875 302.88751220703125 306.774993896484375 307.70623779296875 309.649993896484375 311.1875 312.57501220703125 317.58123779296875 326.92498779296875 337.806243896484375 348.287506103515625 360.53125 372.649993896484375 383.875 383.493743896484375 376.9375 354.056243896484375
366.84375 354.306243896484375 345.26251220703125 338.96875 331.100006103515625 329.975006103515625 327.381256103515625 323.3125 324.71875 328.54998779296875 332.79998779296875 336.493743896484375 332.26251220703125 318.0625 314.88751220703125 315.006256103515625 313.212493896484375 315.931243896484375 319.443756103515625 326.899993896484375 338.462493896484375 332.6875 321.59375 304.993743896484375 281.118743896484375 272.01251220703125 278.73748779296875 284.17498779296875 291.57501220703125 296.08123779296875 294.068756103515625 290.70001220703125 290.54376220703125 290.67498779296875 296.53125 309.225006103515625 322.056243896484375 336.600006103515625 352.14373779296875 363.71875 371.625 372.212493896484375 354.824981689453125 337.46875
358.350006103515625 347.506256103515625 340.57501220703125 334.07501220703125 328.45623779296875 325.506256103515625 322.04376220703125 319.41876220703125 323.193756103515625 326.48126220703125 324.556243896484375 324.29376220703125 320.243743896484375 312.40625 298.524993896484375 301.712493896484375 299.975006103515625 300.899993896484375 306.59375 314.4375 322.45001220703125 319.725006103515625 312.17498779296875 300.35626220703125 282.29376220703125 271 270.881256103515625 271.743743896484375 276.899993896484375 277.76873779296875 279.53125 274.556243896484375 273.89373779296875 274.20001220703125 278.07501220703125 293.912506103515625 311.662506103515625 329.95623779296875 347.41876220703125 355.100006103515625 349.524993896484375 338.743743896484375 336.743743896484375 337.962493896484375
350.087493896484375 341.66876220703125 336.04998779296875 329.29998779296875 322.83123779296875 320.493743896484375 320.306243896484375 319.743743896484375 320.48126220703125 319.45623779296875 316.068756103515625 313.46875 306.45001220703125 297.899993896484375 279.756256103515625 280.73126220703125 281.412506103515625 286.17498779296875 291.45001220703125 297.399993896484375 306.08123779296875 307.63751220703125 305.993743896484375 304 296.431243896484375 288.462493896484375 281.91876220703125 278.881256103515625 277.8125 274.899993896484375 266.82501220703125 259.84375 262.350006103515625 258.125 256.087493896484375 268.256256103515625 297.57501220703125 323.07501220703125 337.33123779296875 339.443756103515625 332.193756103515625 330.45001220703125 339.087493896484375 338.46875
340.98126220703125 332.42498779296875 329.037506103515625 324.10626220703125 317.1875 317.068756103515625 317.73748779296875 316.524993896484375 314.556243896484375 313.712493896484375 308.42498779296875 303.42498779296875 295.65625 288.60626220703125 274.03125 258.743743896484375 263.287506103515625 273.90625 276.318756103515625 281.73748779296875 290.90625 300.212493896484375 306.46875 311.256256103515625 307.162506103515625 298.475006103515625 289.51873779296875 281.850006103515625 278.01873779296875 275.056243896484375 270.087493896484375 260.5 250.4375 241.15625 237.2624969482421875 262.899993896484375 283.912506103515625 306.25 323.28125 332.443756103515625 331.84375 330.068756103515625 332.149993896484375 324.73748779296875
333.943756103515625 326.45001220703125 321.13751220703125 318 314.70623779296875 312.350006103515625 311.20623779296875 309.068756103515625 308.875 307.13751220703125 303.118743896484375 299.26251220703125 290.34375 281.375 270.318756103515625 258.73748779296875 245.875 254.256256103515625 261.256256103515625 267.70623779296875 278.03125 288.79376220703125 302.09375 314.743743896484375 317.98126220703125 300.975006103515625 288.35626220703125 280.931243896484375 276.35626220703125 272.506256103515625 268.40625 262.90625 254.431243896484375 247.3000030517578125 256.35626220703125 268.962493896484375 289.162506103515625 310.48748779296875 332.48748779296875 332.92498779296875 329.64373779296875 324.10626220703125 317.01873779296875 314.25
325.149993896484375 320.04376220703125 316.65625 312.625 309.54376220703125 310.399993896484375 307.60626220703125 303.91876220703125 301.693756103515625 300.5625 296.756256103515625 295.368743896484375 283.71875 276.59375 266.41876220703125 256.787506103515625 245 235.087493896484375 250.5 255.0124969482421875 264.36248779296875 276.83123779296875 290.943756103515625 304.66876220703125 310.756256103515625 298.8125 282.11248779296875 277.681243896484375 274.38751220703125 266.3125 253.34375 243.3125 255.0749969482421875 260.212493896484375 264.29376220703125 287.787506103515625 307.38751220703125 317.600006103515625 329.59375 331.8125 319.462493896484375 312.375 305.88751220703125 304.29376220703125
316.3125 312.149993896484375 308.4375 307.46875 306.243743896484375 305.01873779296875 303.57501220703125 301.556243896484375 299.15625 299.118743896484375 293.350006103515625 283.57501220703125 274.28125 268.118743896484375 259.006256103515625 252.4250030517578125 245.1062469482421875 232.28125 230.90625 237.006256103515625 247.7687530517578125 264.149993896484375 264.212493896484375 279.875 287.056243896484375 288.537506103515625 281.51873779296875 271.73748779296875 268.5625 260.29998779296875 250.868743896484375 248.1687469482421875 257.45001220703125 262.662506103515625 270.399993896484375 288.73126220703125 299.381256103515625 305.462493896484375 316.95623779296875 314.556243896484375 305.274993896484375 296.756256103515625 294.818756103515625 297.03125
306.068756103515625 303.100006103515625 301.08123779296875 297.975006103515625 297.993743896484375 302.26873779296875 302.70001220703125 300.493743896484375 297.9375 294.3125 291.15625 286.36248779296875 280.931243896484375 270.08123779296875 258.51251220703125 242.46875 229.4812469482421875 229.5625 226.587493896484375 229.0500030517578125 231.493743896484375 241.90625 256.225006103515625 263.79998779296875 266.318756103515625 263.243743896484375 262 262.743743896484375 255.399993896484375 245.3125 242.212493896484375 252.600006103515625 257.318756103515625 260.11248779296875 270.493743896484375 284 292.899993896484375 298.70623779296875 301.73748779296875 300.912506103515625 289.556243896484375 281.57501220703125 284.75 287.78125
