data/historical-monthly-weather-data/wc2.1_cruts4.09_10m_prec_2012-07.asc
ncols        51
nrows        45
xllcorner    -63.500000000000
yllcorner    -7.500000000000
cellsize     0.166666666667
NODATA_value -9999
[rows 0 to 18 of 45, columns 0 to 43 of 51]
419.006256103515625 408.375 395.09375 389.399993896484375 378.056243896484375 367.26873779296875 356.29376220703125 342.318756103515625 335.63751220703125 331.71875 321.84375 311.625 299.943756103515625 292.89373779296875 287.037506103515625 278.037506103515625 268.774993896484375 255.1125030517578125 244.068756103515625 236.9875030517578125 233.1875 223.8562469482421875 216.537506103515625 211.118743896484375 208.431243896484375 202.3187408447265625 200.662506103515625 199.693756103515625 196.8937530517578125 200.7687530517578125 196.84375 197.712493896484375 204.4375 206.993743896484375 208.4124908447265625 204.149993896484375 195.46875 196.8562469482421875 187.4499969482421875 179.537506103515625 178.212493896484375 177.568756103515625 171.3937530517578125 167.9499969482421875
404.95001220703125 394.25 382.75 379.67498779296875 373.875 364.73126220703125 353.868743896484375 343.243743896484375 337.056243896484375 329.493743896484375 319.131256103515625 306.70001220703125 294.79376220703125 284.86248779296875 274.67498779296875 265.20001220703125 254.462493896484375 241.943756103515625 232.181243896484375 223.6687469482421875 214.0625 209.556243896484375 204.725006103515625 204.225006103515625 197.3625030517578125 193.3000030517578125 192.9187469482421875 193.21875 189.631256103515625 190.524993896484375 192.462493896484375 199.837493896484375 204.993743896484375 211.068756103515625 213.125 204.962493896484375 196.1687469482421875 193.881256103515625 183.71875 177.9187469482421875 178.225006103515625 174.131256103515625 169.3625030517578125 162.9812469482421875
366.20001220703125 365.625 363.743743896484375 358.26251220703125 350.51251220703125 340.73126220703125 334.08123779296875 331.29998779296875 327.462493896484375 320.162506103515625 310.14373779296875 295.381256103515625 286.23748779296875 271.443756103515625 259.475006103515625 248.2687530517578125 238.4250030517578125 226.65625 216.2687530517578125 210.09375 201.8312530517578125 198.9499969482421875 196.4187469482421875 195.1999969482421875 191.25 185.1750030517578125 190.0124969482421875 189.2687530517578125 187.15625 189.756256103515625 192.181243896484375 192.5124969482421875 198.212493896484375 206.9250030517578125 202.0187530517578125 192.6374969482421875 188.625 188.7375030517578125 178.2687530517578125 173.4250030517578125 172.725006103515625 170.087493896484375 163.943756103515625 159.59375
331.88751220703125 326.57501220703125 331.850006103515625 335.17498779296875 327.318756103515625 316.82501220703125 310.475006103515625 313.79998779296875 315.743743896484375 311.5625 296.756256103515625 282.21875 271.068756103515625 261.90625 246.8625030517578125 232.46875 220.3562469482421875 210.693756103515625 203.993743896484375 203.068756103515625 197.193756103515625 189.8562469482421875 187.1999969482421875 188.318756103515625 186.5 182.7312469482421875 183.850006103515625 179.5749969482421875 180.9499969482421875 188.806243896484375 191.6125030517578125 190.9499969482421875 190.256256103515625 190.568756103515625 187.3937530517578125 188.181243896484375 187.21875 179.7375030517578125 172.5625 167.068756103515625 168.993743896484375 168.90625 163.181243896484375 158.225006103515625
333.04376220703125 314.71875 298.08123779296875 302.11248779296875 306.48126220703125 296.5625 295.04376220703125 298.462493896484375 299.287506103515625 293.931243896484375 287.524993896484375 271.70001220703125 260.399993896484375 249.443756103515625 233.806243896484375 219.7375030517578125 206.65625 199.4250030517578125 190.006256103515625 188.193756103515625 186.318756103515625 179.9499969482421875 176.5625 182.837493896484375 180.84375 177.0124969482421875 175.53125 177.5500030517578125 177.9875030517578125 180.5625 185.287506103515625 187.84375 189.850006103515625 188.024993896484375 184.3562469482421875 178.475006103515625 177.181243896484375 174.1062469482421875 166.125 163.131256103515625 163.912506103515625 159.9812469482421875 158.5187530517578125 156.318756103515625
312.537506103515625 304.3125 292.118743896484375 265.45623779296875 274.21875 284.693756103515625 282.662506103515625 282.26251220703125 285.89373779296875 279.95001220703125 270.9375 257.98748779296875 248.1374969482421875 232.1999969482421875 221.3125 208.59375 193.8874969482421875 184.212493896484375 179.1750030517578125 179.28125 177.34375 173.931243896484375 173.5124969482421875 173.2687530517578125 174.725006103515625 173.1437530517578125 172.056243896484375 172.875 171.7874908447265625 174.15625 178.1875 184.6750030517578125 183.725006103515625 185.024993896484375 179.5749969482421875 175.818756103515625 167.3125 164.662506103515625 162.8562469482421875 162.9937591552734375 157.625 156.7062530517578125 153.28125 149.443756103515625
296.9375 290.462493896484375 281.037506103515625 268.48748779296875 258.6875 251.6062469482421875 257.82501220703125 263.29998779296875 261.83123779296875 259.649993896484375 254.8937530517578125 238.943756103515625 232.681243896484375 220.34375 206.9187469482421875 197.256256103515625 186.9250030517578125 174.4375 165.5749969482421875 169.662506103515625 167.9562530517578125 164.899993896484375 163.3874969482421875 166.7687530517578125 167.7062530517578125 169.625 172.337493896484375 168.1374969482421875 164.806243896484375 171.3937530517578125 173.806243896484375 174.131256103515625 173.0625 176.8312530517578125 176.787506103515625 170.506256103515625 161.774993896484375 157.024993896484375 157.087493896484375 158.649993896484375 152.931243896484375 148.850006103515625 147.5 143.6437530517578125
286.57501220703125 276.08123779296875 270.26251220703125 263.89373779296875 258.86248779296875 260.693756103515625 250.931243896484375 234.5437469482421875 229.024993896484375 228.787506103515625 227.1374969482421875 220.2687530517578125 214.037506103515625 202.9562530517578125 194.431243896484375 185.6125030517578125 174.96875 165.125 158.1687469482421875 154.837493896484375 159.225006103515625 160.21875 158.100006103515625 161.149993896484375 165.162506103515625 162.943756103515625 164.8625030517578125 159.625 160.6374969482421875 162.3249969482421875 169.2687530517578125 169.6750030517578125 170.0625 169.3562469482421875 167.068756103515625 158.8562469482421875 151.6687469482421875 147.774993896484375 144.5 142.162506103515625 139.0625 138.087493896484375 136.375 132.243743896484375
275.9375 267.45001220703125 260.056243896484375 258.16876220703125 256.70623779296875 252.7687530517578125 246.149993896484375 237.3874969482421875 224.662506103515625 211.506256103515625 205.931243896484375 196.8000030517578125 198.09375 188.274993896484375 180.8000030517578125 173.0500030517578125 166.9187469482421875 162.53125 161.5500030517578125 152.09375 150.2312469482421875 155.8125 154.8874969482421875 160.3562469482421875 163.3562469482421875 157.625 155.493743896484375 158.53125 160.399993896484375 160.5812530517578125 167.912506103515625 164.0500030517578125 157.5500030517578125 154.2062530517578125 153.7062530517578125 152.8125 149.78125 147.568756103515625 141.5437469482421875 135.8000030517578125 131.306243896484375 129.0625 128.225006103515625 123.15625
261.875 256.48126220703125 252.84375 251.625 250.368743896484375 250.15625 243.337493896484375 235.21875 225.506256103515625 216.868743896484375 203.743743896484375 187.181243896484375 184.149993896484375 177.4812469482421875 171.931243896484375 167.318756103515625 159.412506103515625 160.149993896484375 160.3562469482421875 156.3937530517578125 153.8874969482421875 150.412506103515625 147.1999969482421875 152.8125 154.5124969482421875 155.287506103515625 153.125 154.556243896484375 153.962493896484375 154.993743896484375 158.96875 155.0187530517578125 152.056243896484375 148.2062530517578125 145.4562530517578125 145.899993896484375 144.5812530517578125 143.1125030517578125 137.75 135.40625 133.0749969482421875 128.475006103515625 122.3562469482421875 114.6437530517578125
253.399993896484375 249.4812469482421875 245.1374969482421875 245.90625 244.087493896484375 244.006256103515625 239.09375 226.225006103515625 212.5437469482421875 204.431243896484375 196.9187469482421875 184.5749969482421875 170.6312408447265625 166.5 159.0124969482421875 154.743743896484375 152.7562408447265625 154.1750030517578125 154.8000030517578125 158.1687469482421875 160.8312530517578125 155.693756103515625 146.6999969482421875 140.412506103515625 149.15625 158.625 157.524993896484375 155.4250030517578125 149.25 149.693756103515625 150.9375 151.2062530517578125 149.5187530517578125 144.4875030517578125 143.6999969482421875 142.125 140.96875 136.037506103515625 137.162506103515625 132.943756103515625 127.16249847412109375 121.66249847412109375 118.78749847412109375 108.47499847412109375
244.59375 238.850006103515625 235.875 237.587493896484375 237.693756103515625 237.600006103515625 234.725006103515625 222.7624969482421875 206.243743896484375 192.149993896484375 182.9375 176.556243896484375 161.024993896484375 154.037506103515625 153.024993896484375 146.475006103515625 144.6750030517578125 146.306243896484375 148.15625 154.212493896484375 162.600006103515625 160.5437469482421875 156.993743896484375 147.8937530517578125 147.443756103515625 144.5812530517578125 144.4250030517578125 146.2375030517578125 143.78125 142.975006103515625 140.0500030517578125 140.131256103515625 140.5749969482421875 139.2624969482421875 140.7062530517578125 141.3312530517578125 138.1750030517578125 137.7312469482421875 130.431243896484375 126.34375 119.8249969482421875 117.13124847412109375 109.33750152587890625 98.11875152587890625
228.7062530517578125 227.337493896484375 227.2624969482421875 225.943756103515625 223.875 224.1374969482421875 218.75 206.03125 191.6374969482421875 182.5625 175.412506103515625 166.287506103515625 158.837493896484375 142.6125030517578125 137.131256103515625 137.5187530517578125 136.037506103515625 139.28125 141.96875 145.506256103515625 151.25 150.8625030517578125 151.3625030517578125 145.78125 138.0437469482421875 135.556243896484375 137.087493896484375 139.78125 138.6875 136.287506103515625 132.9187469482421875 128.899993896484375 132.024993896484375 132.4250030517578125 133.587493896484375 135.5749969482421875 137.7750091552734375 140.5437469482421875 138.681243896484375 127.99375152587890625 116.30625152587890625 110.6687469482421875 99.55625152587890625 91.84375
215.7687530517578125 214.162506103515625 214.600006103515625 212.3625030517578125 209.0625 205.975006103515625 199.84375 189.6187591552734375 182.15625 170.9499969482421875 163.40625 156.6875 146.806243896484375 135.681243896484375 122.5124969482421875 125.47499847412109375 123.34375 127.77500152587890625 129.256256103515625 133.662506103515625 137.9375 141.037506103515625 142.774993896484375 140.443756103515625 134.0187530517578125 130.149993896484375 129.399993896484375 128.0749969482421875 126.9562530517578125 125.19374847412109375 127.1125030517578125 125.28125 124.1125030517578125 124.7062530517578125 126.8625030517578125 133.7375030517578125 141.75 149.375 149.975006103515625 137.399993896484375 114.3874969482421875 101.7937469482421875 99.5124969482421875 104.4812469482421875
206.5187530517578125 202.3000030517578125 200.3625030517578125 199.306243896484375 193.962493896484375 188.96875 187.1437530517578125 177.5437469482421875 168.631256103515625 158.6437530517578125 151.212493896484375 143.431243896484375 136.4499969482421875 128.5749969482421875 112.15000152587890625 110.8874969482421875 110.0749969482421875 113.4187469482421875 115.875 121.03125 127.9375 131.193756103515625 133.899993896484375 136.0437469482421875 134.787506103515625 133.037506103515625 131.5 127.90625 127.4812469482421875 126.88124847412109375 122.41249847412109375 121.9250030517578125 125.7375030517578125 124.25 120.4250030517578125 125.7624969482421875 141.65625 158 161.65625 148.6750030517578125 132.6062469482421875 121.09999847412109375 123.5500030517578125 117.6062469482421875
193.0124969482421875 189.5124969482421875 188.3312530517578125 184.774993896484375 180.7687530517578125 179.1875 171.625 163.287506103515625 155.931243896484375 149.5749969482421875 140.943756103515625 134.3000030517578125 128.318756103515625 121.0437469482421875 108.33750152587890625 93.33750152587890625 95.33750152587890625 100.47499847412109375 102.44374847412109375 108.0812530517578125 114.06874847412109375 120.8125 126.46875 135.40625 137.1687469482421875 135.212493896484375 130.756256103515625 124.27500152587890625 124.21875 124.21875 127.3625030517578125 121.7062530517578125 118.8249969482421875 115.9250030517578125 114.1062469482421875 130.6125030517578125 144.40625 159.3937530517578125 169.375 170.28125 162.2937469482421875 149.15625 138.381256103515625 124.6062469482421875
180.443756103515625 177.4812469482421875 177.087493896484375 175.3312530517578125 172.6125030517578125 166.2375030517578125 161.306243896484375 153.7687530517578125 147.1687469482421875 141.25 133.96875 126.21875 118.91249847412109375 113.91249847412109375 108.96250152587890625 98.2312469482421875 87.61875152587890625 87.72499847412109375 94.40625 99.14374542236328125 104.61875152587890625 112.24375152587890625 122.3000030517578125 134.7624969482421875 141.53125 131.337493896484375 122.0812530517578125 116.78125 119.4250030517578125 123.0749969482421875 126.77500152587890625 128.9562530517578125 125.3312530517578125 123.53749847412109375 134.78125 144.7062530517578125 162.568756103515625 185.212493896484375 201.9875030517578125 189.3125 177.493743896484375 158.556243896484375 138.881256103515625 126.90000152587890625
168.5437469482421875 168.2312469482421875 166.087493896484375 166.006256103515625 163.1437530517578125 155.3625030517578125 149.4812469482421875 143.9250030517578125 137.90625 128.881256103515625 122.6687469482421875 118.75624847412109375 112.5 107.8312530517578125 105.4499969482421875 100.1374969482421875 91.13124847412109375 80.2312469482421875 88.03749847412109375 91.5625 96.80625152587890625 103.7687530517578125 117.375 128.4124908447265625 133.7062530517578125 123.9812469482421875 114.4812469482421875 112.15000152587890625 116.15000152587890625 117.15000152587890625 114.77500152587890625 115.4375 133.5124969482421875 141.443756103515625 142.431243896484375 159.350006103515625 181.8125 196.4250030517578125 204.3312530517578125 194.8125 172.681243896484375 154.3937530517578125 136.3312530517578125 124.875
157.6062469482421875 157.368743896484375 153.84375 152.4562530517578125 151.743743896484375 146.243743896484375 138.868743896484375 134.9187469482421875 130.4499969482421875 122.66249847412109375 116.53749847412109375 110.0437469482421875 105.5749969482421875 103.1999969482421875 97.7687530517578125 95.5812530517578125 90.90625 83.3249969482421875 78.68125152587890625 80.34999847412109375 89.66249847412109375 103.72499847412109375 99.18125152587890625 111.28749847412109375 117.7312469482421875 118.34999847412109375 113.6687469482421875 109.625 114.0749969482421875 116.72499847412109375 116.9875030517578125 120.33750152587890625 133.881256103515625 138.662506103515625 144.40625 158.4875030517578125 170.3562469482421875 179.600006103515625 186.850006103515625 174.600006103515625 161.6875 143.631256103515625 130.5187530517578125 120.5124969482421875
