data/historical-monthly-weather-data/wc2.1_cruts4.09_10m_prec_2004-09.asc
ncols        45
nrows        45
xllcorner    -63.500000000000
yllcorner    -7.500000000000
cellsize     0.166666666667
NODATA_value -9999
[rows 0 to 18 of 45, columns 0 to 43 of 45]
98.31874847412109375 95.8249969482421875 99.25624847412109375 105.34999847412109375 110.5124969482421875 117.4562530517578125 121.625 124.08750152587890625 128.162506103515625 132.4812469482421875 138.243743896484375 143.868743896484375 149.274993896484375 152.475006103515625 154.631256103515625 155.3937530517578125 157.381256103515625 155.1125030517578125 153.9375 151.5625 150.318756103515625 146.774993896484375 144.1687469482421875 139.993743896484375 135.03125 131.993743896484375 128.056243896484375 123.8125 118.1374969482421875 113.3625030517578125 107.78125 103.6125030517578125 102.21250152587890625 99.2312469482421875 97.28125 96.8562469482421875 97.77500152587890625 98.5187530517578125 98.83750152587890625 99.4875030517578125 100.381256103515625 100.88750457763671875 100.25624847412109375 100.0187530517578125
91.05625152587890625 87.2687530517578125 90.99375152587890625 97.2624969482421875 104.69374847412109375 109.2375030517578125 112.38124847412109375 117.4375 122.56874847412109375 127.55625152587890625 133.618743896484375 138.881256103515625 144.1125030517578125 146.7750091552734375 148.9812469482421875 151.3874969482421875 152.2375030517578125 150.4875030517578125 148.4375 146.256256103515625 143.943756103515625 142.5812530517578125 139.881256103515625 136.912506103515625 131.4875030517578125 128.21875 125.3625030517578125 121.93125152587890625 115.9187469482421875 111.6125030517578125 107.15000152587890625 104.4187469482421875 102.38124847412109375 101.0812530517578125 99.6687469482421875 99.2062530517578125 99.9187469482421875 100.96250152587890625 101.125 101.79375457763671875 102.8937530517578125 103.61875152587890625 103.93125152587890625 102.81874847412109375
85.6374969482421875 83.47499847412109375 87.3249969482421875 93.875 100.71250152587890625 106.30625152587890625 109.9875030517578125 114.28125 119.9375 125.3000030517578125 131.1062469482421875 135.8625030517578125 140.6374969482421875 142.90625 144.193756103515625 146.875 147.4875030517578125 146.3937530517578125 144.8249969482421875 143.4812469482421875 141.850006103515625 140.2937469482421875 138.8625030517578125 136.3937530517578125 131.6999969482421875 127.69374847412109375 126.46250152587890625 122.25 116.77500152587890625 112.22499847412109375 107.3874969482421875 104.53749847412109375 103.91249847412109375 102.59999847412109375 101.3125 100.24375152587890625 100.55625152587890625 101.61875152587890625 102.43125152587890625 103.75 105.375 105.66875457763671875 106.69374847412109375 106.24375152587890625
79.2375030517578125 78.1374969482421875 84.6062469482421875 90.13124847412109375 96.1999969482421875 101.6750030517578125 106.5187530517578125 112.53749847412109375 118.8000030517578125 124.6687469482421875 129.4812469482421875 133.6687469482421875 136.1125030517578125 138.8874969482421875 140.125 142.056243896484375 143.3562469482421875 142.96875 143.4562530517578125 143.6374969482421875 142.5 139.8874969482421875 137.618743896484375 135.431243896484375 130.6437530517578125 127.44374847412109375 125.15000152587890625 119.65000152587890625 115.3125 111.7312469482421875 108.0187530517578125 104.30625152587890625 102.80625152587890625 101.52500152587890625 99.7687530517578125 100.66249847412109375 101.65625 102.40000152587890625 104 104.9375 106.09375 106.5124969482421875 107.4250030517578125 107.8625030517578125
81.1687469482421875 78.09999847412109375 80.11249542236328125 85.1750030517578125 92.625 98.53125 103.4499969482421875 109.78125 117.16249847412109375 123.05625152587890625 127.59999847412109375 129.8562469482421875 132.84375 136.65625 138.0124969482421875 139.3562469482421875 140.149993896484375 140.1999969482421875 141.100006103515625 141.024993896484375 141.743743896484375 137.90625 136.6437530517578125 134.5 130.100006103515625 126.84375 122.4499969482421875 118.40625 114.0749969482421875 109.8874969482421875 106.7687530517578125 102.59999847412109375 100.59999847412109375 99.875 99.18125152587890625 99.2687530517578125 100.03125 101.6687469482421875 103.88124847412109375 105.3874969482421875 106.65000152587890625 106.75624847412109375 107.0187530517578125 108.3249969482421875
83.4499969482421875 80.33750152587890625 80.9499969482421875 81.7312469482421875 89.15625 98.46875 105.2312469482421875 111.1750030517578125 118.1687469482421875 124.9812469482421875 128.837493896484375 130.556243896484375 133.4187469482421875 137.1750030517578125 137.84375 139.8562469482421875 140.75 140.524993896484375 141.4187469482421875 142.399993896484375 141.068756103515625 138.2624969482421875 136.287506103515625 132.881256103515625 129.743743896484375 125.86875152587890625 121.25 117.7687530517578125 113.09999847412109375 108.36875152587890625 104.8562469482421875 103.1875 100.84375 99.28749847412109375 97.69374847412109375 98.6687469482421875 99.28125 101.5500030517578125 104.71875 106.30625152587890625 104.86875152587890625 105.02500152587890625 105.4562530517578125 107.40625
87.125 84.56874847412109375 85.05625152587890625 85.78125 90.2062530517578125 96.65625 104.78125 112.3625030517578125 118.1062469482421875 123.1374969482421875 128.068756103515625 130.806243896484375 134.212493896484375 137.274993896484375 138.5812530517578125 140.5500030517578125 141.9562530517578125 143.28125 143.693756103515625 143.524993896484375 141.118743896484375 138.256256103515625 134.5124969482421875 130.9187469482421875 128.5 125.43125152587890625 121.0812530517578125 117.33750152587890625 111.9375 106.6875 103.375 100.4187469482421875 98.5749969482421875 97.40625 96.0187530517578125 95.625 96.26874542236328125 99.5625 104.73125457763671875 104.3312530517578125 102.4875030517578125 101.61875152587890625 102.1437530517578125 104.6999969482421875
91.27500152587890625 88.9375 89.59375 92.11875152587890625 96.5749969482421875 103.66249847412109375 108.97499847412109375 111.78125 114.61875152587890625 119.9375 126.6999969482421875 130.5437469482421875 134.3625030517578125 137.1437530517578125 139.837493896484375 140.556243896484375 142.100006103515625 144.6437530517578125 145.8625030517578125 143.46875 141.4187469482421875 137.8312530517578125 133.9187469482421875 129.5124969482421875 126.5749969482421875 123.5812530517578125 118.6999969482421875 114.08750152587890625 109.7624969482421875 104.5625 101.05625152587890625 97.78125 95.56874847412109375 94.5812530517578125 92.09999847412109375 91.1687469482421875 91.28749847412109375 93.05625152587890625 95.7375030517578125 96.125 94.6125030517578125 93.74375152587890625 94.50624847412109375 96.2312469482421875
96.13124847412109375 94.69374847412109375 96.2687530517578125 98.8937530517578125 103.1750030517578125 109.21250152587890625 114.46875 117.3312530517578125 118.0500030517578125 119.81874847412109375 126.08750152587890625 130.0187530517578125 135.2937469482421875 137.743743896484375 140.2375030517578125 141.412506103515625 142.9250030517578125 145.4875030517578125 147.787506103515625 145.25 141.287506103515625 138.4499969482421875 132.381256103515625 129.5124969482421875 125.25 120.93125152587890625 116.06874847412109375 112.3125 109 103.49375152587890625 100.53749847412109375 94.9187469482421875 90.68125152587890625 87.2312469482421875 84.7312469482421875 84.93125152587890625 85.24375152587890625 85.5124969482421875 86.3000030517578125 86.34999847412109375 85.0500030517578125 84.00624847412109375 84.65625 86.19374847412109375
100.09999847412109375 99.5 101.6374969482421875 104.5437469482421875 109.53125 115.6875 120.8312530517578125 123.22499847412109375 124.6687469482421875 126.94374847412109375 130.53125 132.399993896484375 136.2312469482421875 139.5812530517578125 140.65625 142.631256103515625 142.90625 145.125 147.28125 147.0625 143.318756103515625 138.1062469482421875 131.287506103515625 127.0625 121.40000152587890625 117.09375 112.8000030517578125 109.2375030517578125 106.09999847412109375 101.7312469482421875 96.47499847412109375 90.3625030517578125 85.375 82.08750152587890625 79.19374847412109375 78.50624847412109375 78.5625 78.09375 77.33750152587890625 76.83750152587890625 75.52500152587890625 74.9250030517578125 73.25 73.9375
105.5812530517578125 105.3562469482421875 107.78749847412109375 110.71875 115.3874969482421875 122.58750152587890625 127.94374847412109375 128.65625 129.162506103515625 131.431243896484375 135.0124969482421875 137.256256103515625 138.443756103515625 139.6875 139.868743896484375 140.8000030517578125 140.337493896484375 142.5124969482421875 144.7312469482421875 146.118743896484375 145.287506103515625 140.1437530517578125 132.28125 122.16249847412109375 117.81874847412109375 116.66249847412109375 112.7062530517578125 107.56874847412109375 102.78749847412109375 97.90625 92.7312469482421875 86.47499847412109375 81.2375030517578125 76.8625030517578125 73.41249847412109375 72.0124969482421875 71.28749847412109375 70.1999969482421875 69.8312530517578125 68.09375 65.78125 64.47499847412109375 64.11875152587890625 63.0625
109.6062469482421875 109.56874847412109375 112.21250152587890625 116.1125030517578125 120.74375152587890625 127.4375 133.4812469482421875 134.3249969482421875 133.431243896484375 134.068756103515625 137.1750030517578125 139.462493896484375 138.068756103515625 137.056243896484375 138.600006103515625 138.5500030517578125 138.431243896484375 139.1062469482421875 141.3312530517578125 145.287506103515625 147.0500030517578125 142.131256103515625 133.25 121.56874847412109375 115.52500152587890625 112.3125 107.5437469482421875 102.63124847412109375 97.1437530517578125 92.28749847412109375 86.8000030517578125 80.81874847412109375 75.6374969482421875 71.84375 69.19374847412109375 67.59999847412109375 66.2937469482421875 65.0437469482421875 62.643749237060546875 59.65625 56.737499237060546875 54.887500762939453125 54.387500762939453125 53.112499237060546875
112.83750152587890625 112.8625030517578125 115.22499847412109375 118.1999969482421875 122.03749847412109375 127.94374847412109375 132.462493896484375 133.693756103515625 134.46875 135.59375 137.1687469482421875 139.1374969482421875 138.2312469482421875 133.6374969482421875 132.96875 134.0749969482421875 133.931243896484375 135.1374969482421875 137.6687469482421875 141.149993896484375 144.118743896484375 141.2062530517578125 132.75 121.96875 112.1062469482421875 107.3000030517578125 103.4250030517578125 98.9375 93.83750152587890625 88.09375 81.3937530517578125 75.1687469482421875 70.49375152587890625 65.97499847412109375 63.081249237060546875 62.41249847412109375 62.637500762939453125 62.11875152587890625 60.418750762939453125 55.13124847412109375 49.96250152587890625 48.768749237060546875 47.40625 42.40625
114.99375152587890625 114.7312469482421875 116.1999969482421875 118.6437530517578125 122.28125 126.25 129.6437530517578125 132.2062530517578125 133.1687469482421875 134.875 135.162506103515625 134.1999969482421875 133.037506103515625 129.4250030517578125 126.05625152587890625 127.6125030517578125 127.80625152587890625 128.506256103515625 129.850006103515625 133.1374969482421875 135.6999969482421875 133.131256103515625 128 121.41249847412109375 113.21250152587890625 106.6687469482421875 101.2937469482421875 95.5749969482421875 89.4250030517578125 83.5 78.02500152587890625 71.19374847412109375 65.75624847412109375 61.137500762939453125 58.512500762939453125 59.34375 61.25624847412109375 63.262500762939453125 62.43125152587890625 58.137500762939453125 48.90000152587890625 43.643749237060546875 42.293750762939453125 40.825000762939453125
115.11875152587890625 114.13124847412109375 115.2375030517578125 117.53125 120.93125152587890625 122.72499847412109375 126.61875152587890625 128.6437530517578125 129.4375 131.712493896484375 130.881256103515625 129.1687469482421875 126.90000152587890625 123.38124847412109375 118.8312530517578125 118.08750152587890625 118.9875030517578125 120.7312469482421875 121.25624847412109375 124.25624847412109375 127.1374969482421875 127.13124847412109375 125.06874847412109375 121.8312530517578125 117.7312469482421875 111.9250030517578125 104.3874969482421875 95.75624847412109375 87.7624969482421875 81.53125 73.7375030517578125 66.8625030517578125 62.19374847412109375 57.40000152587890625 53.46250152587890625 56.02500152587890625 61.81874847412109375 68.66249847412109375 71.28125 66.3562469482421875 58.40000152587890625 51.40625 48.09999847412109375 44.77500152587890625
113.8125 112.4499969482421875 114.03749847412109375 115.9499969482421875 117.8937530517578125 120.7687530517578125 123.49375152587890625 125.0437469482421875 126.46250152587890625 128.537506103515625 127.3312530517578125 124.28125 121.0437469482421875 117.66249847412109375 113.36875152587890625 109.5500030517578125 109.91249847412109375 112.81874847412109375 113.6062469482421875 116.8562469482421875 119.1750030517578125 121.96250152587890625 124.21875 124.69374847412109375 122.3937530517578125 115.78125 106.125 97.00624847412109375 88.6875 80.84375 74.3000030517578125 66.1875 60.08750152587890625 55.75 50.981250762939453125 56.21875 65.65625 73.8249969482421875 80.09999847412109375 77.81874847412109375 72.38124847412109375 62.606250762939453125 54.112499237060546875 47.5
110.86875152587890625 110.0625 112.16249847412109375 114.25 115.8625030517578125 118.78125 121.15625 123.1437530517578125 124.25624847412109375 125.0437469482421875 124.43125152587890625 120.78749847412109375 116.08750152587890625 111.90000152587890625 109.47499847412109375 106.4812469482421875 102.7312469482421875 104.46875 107.1999969482421875 109.93125152587890625 112.1374969482421875 116.25 122.33750152587890625 127.13124847412109375 127.21875 118.30625152587890625 107.77500152587890625 98.25 89.86875152587890625 82.34375 76.8312530517578125 71.36875152587890625 64.19374847412109375 58.74375152587890625 58.293750762939453125 62.643749237060546875 70.7624969482421875 84.2687530517578125 96.68125152587890625 89.69374847412109375 79.0500030517578125 67.53749847412109375 56.40625 49.97499847412109375
107.4812469482421875 107.15000152587890625 108.56874847412109375 110.8562469482421875 113.6437530517578125 116.75624847412109375 118.7375030517578125 120.1999969482421875 121.8000030517578125 121.7062530517578125 120.72499847412109375 117.0625 112.2312469482421875 107.96875 105.3125 103.1062469482421875 99.9187469482421875 96.83750152587890625 100.86875152587890625 102.90625 105.9812469482421875 109.36875152587890625 116.19374847412109375 122.81874847412109375 124.94374847412109375 117.55625152587890625 108.74375152587890625 99.5437469482421875 90.3562469482421875 81.72499847412109375 75.4187469482421875 70.0749969482421875 70.2937469482421875 70.54999542236328125 67.4250030517578125 67.3874969482421875 77.5124969482421875 89.4250030517578125 95.0749969482421875 90.13124847412109375 77.0625 65.8312530517578125 56.3125 51.768749237060546875
103.7312469482421875 103.1750030517578125 104.6374969482421875 107.6875 110.44374847412109375 113.84999847412109375 116.0187530517578125 118.7062530517578125 119.78749847412109375 119.59375 118.1750030517578125 113.8937530517578125 108.6062469482421875 104.52500152587890625 101.2062530517578125 100.0749969482421875 98.0812530517578125 94.25624847412109375 94.27500152587890625 96.15625 101.19374847412109375 110.18125152587890625 108.30625152587890625 113.875 117.84375 117.09375 110.6437530517578125 101.2062530517578125 94.13124847412109375 84.34375 76.4250030517578125 76.2312469482421875 82.44374847412109375 82.9562530517578125 81.2687530517578125 81.31874847412109375 84.88124847412109375 88.4812469482421875 88.8125 82.6437530517578125 72.1437530517578125 62.950000762939453125 55.637500762939453125 52.11875152587890625
