data/historical-monthly-weather-data/wc2.1_cruts4.09_10m_tmax_1989-12.asc
ncols        51
nrows        45
xllcorner    -63.500000000000
yllcorner    -7.500000000000
cellsize     0.166666666667
NODATA_value -9999
32.0 32 32 32 31.9375 32 32 32 32 32 32 32 32.0625 32 32 32 32.125 32 32 32 32 31.8125 31.5625 32 31.625 31.9375 31.625 31.0625 30.9375 30.9375 30.9375 31 31 30.9375 30.9375 31 31 31 31 31 31 31 30.625 30 30.3125 30 30 29.9375 30 29.0625 29 
32 32 31.9375 31.375 31 31.625 31.8125 31.9375 32 32 32 32 32 32 32 32 32 32 32 32 32 31.5625 31.3125 31.375 31.5 31.9375 31.6875 31 30.9375 31 31 31 31 30.625 30.875 30.25 30.75 31 31 31 31 31 30.9375 30.125 30 30 30 30 29.8125 29 29 
32 32 31.6875 31.0625 31 31 31.25 31.8125 32 32 32 32 32 32 32 32 32 32 32 31.875 31.6875 31.1875 31 31 31 31.6875 31.625 30.875 31 31.0625 31 31 31 30.9375 30.625 31 31 31 31 31 31 31 31 30.5625 30.3125 30 30 30 29.8125 29 29 
31.6875 31.5 31.625 31.1875 31.375 31.125 31.0625 32 32 32 32 32 32 32 32 32 32 32 32 31.5 31 31 31 31 31 31.3125 31.25 31.0625 31 31.4375 31.125 31 31.0625 31.1875 31 31 31 31 31 31 31 31 31 31 30.125 30.375 30 30 30 29.4375 29 
31.875 31.5625 31 31 31.1875 31.625 31.6875 32 32 32 32 32 32 32 32 32 32 32 32 32 31.25 31 31 31 31 31.5625 31.9375 31.3125 31 31.5625 31.375 31.0625 31.0625 31.375 31 31 31.0625 31 31 31 31 31 31 30.9375 30.875 30.4375 30 30 30 29.75 29.0625 
31.25 31.1875 31 31 31 31.0625 31.8125 32 32 32 32 32 32 32 32 32 32 32 32 32 31.125 31 31 31.1875 31.1875 31.0625 31.25 31.5 31 31.1875 31.6875 31.25 31.3125 30.9375 30.8125 31 31 31.125 31.1875 31 30.9375 31 31 31 31 30.5 30 30 30 30 30 
31 31 31 31 31 31 31.0625 31.4375 32 32 32 32 32 32 31.9375 31.4375 31.1875 32 32 32 31.6875 31.0625 31.375 31.4375 31.0625 31 31 31.125 31.5 31.3125 31 31 31.5 31.1875 31 31 31 31.125 31.375 31.25 31.1875 31.0625 31.125 31.0625 31 31 30.5625 30.1875 30.375 30.1875 30 
31 31 31 31 31 31 31 31.125 31.875 31.9375 32 32 32 31.9375 31.3125 31 31.375 32 31.9375 31.875 32 31.75 31.5625 31.4375 31 31 31.1875 31.625 31.8125 31.625 31.3125 31 31.25 31.1875 31.125 31.125 31.125 31.75 31.6875 31.875 31.625 31.375 31 31.25 31.3125 31.5625 31.3125 31 30.8125 30.625 30.5625 
31 31 31 31 31 31 31 31 31.125 31.625 32 32 31.9375 31.3125 31 31 31.1875 31.8125 31.8125 31.6875 32 31.8125 31.8125 31.375 31 31 31.5 32 31.3125 31.0625 31.0625 31 31 31.8125 31.6875 31.1875 31 31 31 31.3125 31.125 31.0625 31 31 31.375 31.75 31.6875 31 31 31 31 
31 31 31 31 31 31 31 31 31 31.125 32 32 31.5625 31.3125 31 31 31 31.125 31 31.375 31.75 31.8125 31.875 31.1875 31.5 31.1875 31 31.375 31.25 31.25 31.0625 31 31 31 31.375 31.3125 31.125 31 31 31 31 31 31 31.0625 31.25 31.375 31.1875 31 31 31 31 
31 31 31 31 31 31 31 31 31 31 31.8125 32 31.5 31.4375 31.125 31 31 31 31 31.0625 31 31.0625 31.125 31.5625 31.125 31 31 31 31 31.3125 31.1875 31.0625 31 31 31 31 31.3125 31.4375 31.3125 31 31 31 31 31.375 31.25 31.75 31.3125 31.0625 31 31 31 
31 31 31 31 31 31 31 31 31 31 31.4375 31.6875 31.5 31.125 31 31 31 31 31 31 31 31 31 31.0625 31 31 31 31 31 31 31.625 31.75 31.125 31 31 31 31 31 31.25 31.3125 31.25 31.125 31.5625 32 31.6875 31.4375 31.125 31.0625 31 31 31 
31 31 31 31 31 31 31 31 31 31 31.125 31.1875 31 31 31 31 31 31 31 31 31 31 31 31 31 31.1875 31 31 31.0625 31 31 31.5625 31.6875 31 31 31 31.0625 31.0625 31.1875 31 31.375 31.6875 31.75 31.5625 31.1875 31.375 31.0625 31 31 31 31 
31 31 31 31 31 31 31 31 31 31 31 31 31 31 31 31 31 31 31 31 31 31 31 31 31 31.125 31.5 31.625 31.8125 31.875 31.8125 31.75 31.9375 31.3125 31 31 31.125 31.0625 31 31.25 31.6875 31.375 31.0625 31 31 31.1875 31.4375 31.125 31 31 30.8125 
31.625 31.75 31.25 31.3125 31.375 31.1875 31 31.0625 31 31 31 31 31 31 31 31 31 31 31 31 31 31 31 31 31 31 31 31 31.0625 31.0625 31.8125 31.9375 32 31.875 31.5625 31.9375 31.75 31.4375 31.75 32 31.3125 31 31.0625 31 31 31 30.75 30.8125 30.9375 31 30.375 
32 32 32 32 32 31.5 31 31 31 31 31 31 31 31 31 31 31 31 31 31 31 31 31 31 31 31 31 31 31 31.0625 31 31.1875 31.9375 32 32 32 32 32 31.9375 31.1875 31 31 31 31 31 31 31 31 30.75 30.3125 30.1875 
32 32 32 32 32 31.9375 31.9375 31.125 31 31 31 31 31 31 31 31 31 31 31 31 31 31 31 31 31 31.0625 31 31 31.0625 31.1875 31.0625 31.5625 31.8125 32 32 32 32 32 32 31.8125 31 31 31 31 30.875 30.6875 31 30.625 30 30.1875 30.0625 
32 32 32 32 32 32 32 31.25 31.0625 31.0625 31.0625 31 31 31 31 31 31 31 31 31 31 31 31 31 31 31 31.3125 31.125 31.0625 31.8125 31.8125 32 32 32 32 32 32 31.9375 31.375 31 31 31 31 31 30.9375 30.875 30.6875 30.3125 30 30.1875 30 
32 32 32 32 32 32 31.9375 31.125 31 31 31 31 31 31 31 31 31 31 31 31 31.125 31.1875 31 31 31 31.3125 31.625 31.875 31.8125 32 32 32 32 32 32 32 31.9375 31.75 31.125 31 31 31 31 31 31 31 30.375 30 30 30.4375 30 
32 32 32 32 32 32 32 31.0625 31 31 31 31 31 31.5 31.25 31.1875 31 31 31 31 31 31 31 31 31.25 31.75 31.6875 32 32 32 32 32 32 32 32 31.8125 31.3125 31.1875 31 31 31 31 31 31 31 31 30.5 30 30 30.6875 29.9375 
32 32 32 32 32 32 32 31.0625 31 31 31 31 31.25 32 31.75 31.0625 31 31 31 31 31 31 31 31 31.25 32 32 32 32 32 32 32 32 32 32 31.9375 31.125 31 31 31 31 31 31 31 30.9375 30.625 30.0625 30 30.0625 30.5 29.875 
32 32 32 32 32 32 32 32 31.4375 31 31 31.1875 31.5 31.375 31.125 31 31 31 31 31 31 31 31 31 31.3125 32 32 32 32 32 32 32 32 32 32 31.6875 31.125 31 31 31 31 31 31 31 30.375 30.25 30 30 30.5 30.125 30 
32 32 32 32 32 32 32 31.6875 31.3125 31.1875 31.0625 31.1875 31.8125 31.9375 31.375 31 31 31 31 31 31 31 31 31.1875 31.125 31.3125 31.875 32 32 32 32 31.625 31.9375 31.9375 31.875 31.375 31.0625 31 31 31 31 31 31 31 30.25 30 30 30.125 30.5 30 29.8125 
32 32 32 32 32 32 32 32 31.8125 31.0625 31 31.5625 31.6875 31.6875 31.0625 31 31 31 31 31 31 31 31 31 31 31.4375 31.8125 32 31.875 31.9375 32 31.125 31.0625 31.1875 31.0625 31 31 31 31 31 31 31 31 31 30.5625 30.25 30.3125 31 30.5 30.1875 30 
32 32 32 32 32 32 32 32 32 32 31.9375 31.6875 31.5 32 31.875 31.5625 31.375 31 31 31 31 31 31 31 31 31.125 31.1875 31.9375 31.375 31.5625 32 31.1875 31 31 31 31 31 31 31 31 31 31 31 30.9375 31 31 31 31 30.875 30.375 30 
32 32 32 32 32 32 32 32 32 32 31.8125 31.375 31.8125 32 32 32 32 31.5625 31.4375 31.25 31.25 31 31 31 31 31.125 31.625 32 31.875 31.1875 31.5625 31.25 31 31 31 31 31 31 31 31 31 31 31 31 31 31 31 30.6875 30.25 30 29.6875 
32 32 32 32 32 32 32 32 32 31.9375 31.375 32 32 32 32 32 31.8125 31.8125 31.9375 31.4375 31 31 31 31 31 31.0625 31.3125 31.625 31.9375 31.4375 31 31 31 31 31 31 31 31 31 31 31 31 31 31 31 31 30.5625 30 29.6875 29.8125 29.0625 
32 32 32 32 32 32 32 32 32 32 32 32 32 32 32 32 32 32 31.9375 31.9375 31.3125 31.0625 31 31.1875 31 31.1875 31.0625 31.625 31.25 31.1875 31.0625 31 31 31 31 31 31 31 31 31 31 30.875 31 30.9375 30.8125 30.9375 30.25 30 29.25 29.875 29.5 
32 32 32 32 32 32 32 32 32 32 32 32 32 32 32 32 32 32 32 32 31.5625 31.375 31 31 31.3125 31.4375 31.375 31.5625 31.625 31.0625 31 31.0625 31 31 31 31 31 31 30.9375 31 31 31 31 30.8125 30.125 30.4375 30.25 29.4375 29.6875 29.8125 30 
32 32 32 32 32 32 32 32 32 32 32 32 32 32 32 32 32 32 32 32 31.5625 31.125 31.25 31.375 31.625 31.5 31 31.0625 31 31 31 31 31 31 30.8125 30.9375 31 30.625 30.75 31 30.875 30.8125 31 30.5625 30.8125 30.25 29.9375 29.9375 29.875 29.8125 30 
32 32 32 32 32 32 32 32 32 32 32 32 32 32 32 32 32 32 32 32 31.5 31.1875 31.25 31.0625 31.125 31 31 31 31 31.0625 31.125 31 31 30.9375 30 30.8125 31 30.375 30.5625 31 31 30.9375 30.8125 30.9375 30.8125 30.0625 30 30 30 30 29.75 
32 32 32 32 32 32 32 32 32 32 32 32 32 32 32 32 32 32 31.9375 32 31.75 31.5 31.8125 31.6875 31.5625 31 31 31 31.1875 31.0625 31 31 31 31 30.0625 30.75 30.9375 30.5 31 31 30.9375 30.8125 30.8125 30.4375 31 30.375 30 29.9375 29.9375 30 29.5 
32 32 32 32 32 32 32 32 32 32 32 32 32 32 32 32 32 32 32 32 31.9375 31.5625 31.5 31.3125 31.5 31.125 31 31 31.0625 31 31 31 31 30.9375 30.125 30.125 30.4375 30.8125 31 31 30.5625 30.375 30.5 30.875 30.9375 30.9375 29.875 29.875 29.6875 29.8125 29.6875 
32 32 32 32 32 32 32 32 32 32 32 32 32 32 32 32 32 32 32 31.8125 32 31.6875 31.25 31.5625 31.25 31 31 31 31 31 31 31 31 30.875 30.125 30.125 30.875 30.9375 31 30.5625 30.875 30.5625 30.1875 30.625 30.5625 30.1875 30 30 30 30 29.5625 
32 32 32 32 32 32 32 32 32 32 32 32 32 32 32 32 32 32 32 31.5625 32 31.5625 31.1875 31.6875 31.5 31.25 31 31 31 31 31 31 31 30.625 30.1875 31 31 30.8125 31 30.9375 30.5 30.875 30.4375 30.5625 30.1875 30 30 30 29.75 30 29.8125 
32 32 32 32 32 32 32 32 32 32 32 32 32 32 32 32 32 32 32 32 32 31.375 31.0625 31.375 31.3125 31.1875 31.125 31 31 31 31 31 31 30.3125 30.375 30.875 30.9375 30.8125 31 30.8125 30.25 30.25 30.3125 30.0625 30 30 30 29.875 29.625 29.8125 29.8125 
32 32 32 32 32 32 32 32 31.9375 32 32 32 32 32 32 32 32 32 32 32 31.8125 31.4375 31 31.125 31.375 31 31.0625 31 31 31 31 31 30.9375 30.0625 30.5625 30.625 30.9375 30.5 30.0625 30.3125 30 30.1875 30 30 29.9375 29.9375 30 29.1875 29.5625 29.1875 29.3125 
32 32 32 32 32 32 32 31.9375 31.9375 32 32 32 32 32 32 32 32 32 32 31.625 31.875 31.5625 31 31 31.0625 31.0625 31 31 31 31 31 31 31 30.9375 30.9375 30.9375 31 30.9375 30 30 30 30 30 30 30 30 30 29.6875 29.25 29.625 29.4375 
32 32 32 32 32 32 32 32 32 32 32 32 32 32 32 32 31.625 31.9375 31.6875 31 31.3125 31.0625 31 31 31 31 31 31 31 31 31 31 31 31 30.5625 30.875 31 30.25 30 30 30 30 30 30 30 30 30 30 30 29.9375 29.9375 
32 32 31.5625 32 32 32 32 31.8125 32 32 31.5625 31.875 31.9375 31.3125 31.8125 31.4375 31.125 31.375 31.25 31 31 31 31 31 31 31 31 31 31 31 31 30.9375 30.625 30.75 30.125 30.1875 31 30.6875 30 30 30 29.875 30 30 30 30 30 30 30 30 30 
31.625 31.5 31.75 32 32 31.875 32 32 32 31.75 31.375 31.375 31.5625 31 31.125 31.1875 31 31 31.125 31 31 31 31 31 31 31 31 31 31 31 31 30.1875 30.125 30.3125 30 30 30.6875 30.4375 30 30 30 29.9375 30 30 30 30 30 30 30 29.5625 29.75 
31 31.0625 32 32 31.9375 31.9375 31.8125 31.8125 31.875 31.625 31.4375 31.125 31 31 31 31 31 31 31 31 31 31 31 31 31 31 31 31 31 30.6875 30.875 30.25 30 30 30 30.3125 30.9375 30.5625 30 30 30 30 30 30 30 29.875 30 30 30 30 30 
31 31.375 31.75 31.375 31.875 31.375 31 31 31 31 31.3125 31 31 31 31 31 31 31 31 31 31 31 31 31 31 31 31 31 31 30.9375 30.9375 30.875 30.625 30.1875 30 30.0625 30.5 30.5 30 30 30 29.9375 30 30 29.9375 30 30 30 30 29.5625 30 
31 31 31 31.125 31.5625 31 31 31 31 31 31 31.0625 31 31 31 31 31 31 31 31 31 31 31 31 31 31 31 31 31 30.8125 31 31 31 30.8125 30.1875 30 30.25 30.125 30 30 30 30 30 30 30 30 29.9375 29.75 30 29.6875 29.6875 
31 31 31.1875 31 31 31.25 31 31 31 31 31 31 31 31 31 31 31 31 31 31 30.9375 30.9375 31 31 30.9375 31 31 31 31 30.6875 31 31 31 31 30.8125 30.375 30 30 30 30 30 30 30 30 30 30 30 29.875 30 29.8125 29.3125 
