data/historical-monthly-weather-data/wc2.1_cruts4.09_10m_prec_1989-01.asc
ncols        45
nrows        45
xllcorner    -63.500000000000
yllcorner    -7.500000000000
cellsize     0.166666666667
NODATA_value -9999
[rows 0 to 19 of 45, columns 0 to 44 of 45]
111.58750152587890625 103.75 97.94374847412109375 94.3312530517578125 90.15625 89.6687469482421875 88.34375 85.80625152587890625 84.44374847412109375 84.3937530517578125 85.2937469482421875 86.84999847412109375 87.78749847412109375 86.59375 86.91249847412109375 88.47499847412109375 90.09375 89.83750152587890625 93.6062469482421875 97.43125152587890625 101.97499847412109375 107.7375030517578125 113.7687530517578125 119.7375030517578125 127.375 134.556243896484375 142.4187469482421875 151.649993896484375 162.03125 171.71875 182.3125 193.3874969482421875 203.306243896484375 215.399993896484375 225.931243896484375 235.712493896484375 242.25 247.0749969482421875 250.6999969482421875 253.3937530517578125 254.90625 255.6687469482421875 254.931243896484375 254.975006103515625 257.337493896484375
118.44374847412109375 109.7687530517578125 104.52500152587890625 100.33750152587890625 97.09999847412109375 97.22499847412109375 96.40625 95.78125 96.2624969482421875 96.96875 97.25 97.6437530517578125 97.375 97.2375030517578125 97.09999847412109375 97.4187469482421875 97.875 99.15625 102.78125 107.96250152587890625 113.97499847412109375 120.3249969482421875 127.5812530517578125 135.4812469482421875 142.8249969482421875 150.274993896484375 158.7937469482421875 167.693756103515625 177.09375 188.4250030517578125 199.537506103515625 210.4250030517578125 220.5187530517578125 234.306243896484375 244.6687469482421875 251.837493896484375 261.131256103515625 266.07501220703125 268.21875 269.95001220703125 271.76251220703125 271.774993896484375 269 268.01873779296875 268.975006103515625
125.2624969482421875 117.18125152587890625 112.65625 109.5 107.36875152587890625 108.16249847412109375 108.9499969482421875 110.1062469482421875 111.53749847412109375 112.77500152587890625 112.96875 112.5187530517578125 111.90625 110.6125030517578125 109.66249847412109375 108.4499969482421875 108.25624847412109375 109.625 112.7624969482421875 118.96250152587890625 126.5124969482421875 135.1999969482421875 143.6750030517578125 151.84375 159.9562530517578125 167.931243896484375 176.725006103515625 185.53125 193.587493896484375 203.8000030517578125 216.212493896484375 228.1312408447265625 240.212493896484375 250.0749969482421875 262.5 269.58123779296875 277.862518310546875 284.36248779296875 286.09375 286.35626220703125 288.42498779296875 286.850006103515625 283.82501220703125 281.29376220703125 279.20001220703125
131.1750030517578125 123.90000152587890625 122.05625152587890625 120.2687530517578125 120.15000152587890625 119.9375 122.47499847412109375 125.9562530517578125 129.40625 132.056243896484375 131.381256103515625 129.5500030517578125 127.66249847412109375 125.46250152587890625 123.81874847412109375 121.63124847412109375 119.78749847412109375 119.65000152587890625 123.3625030517578125 131.5 142.03125 152.3312530517578125 160.3000030517578125 169.9875030517578125 179.4562530517578125 188.493743896484375 197.625 204.1437530517578125 211.65625 222.1875 233.9812469482421875 247.5812530517578125 258.88751220703125 269.04376220703125 279.243743896484375 288.48126220703125 295.28125 302.10626220703125 304.34375 305.78125 304.83123779296875 303.556243896484375 299.66876220703125 294.631256103515625 291.25
141.712493896484375 133.037506103515625 130.868743896484375 131.0187530517578125 131.8625030517578125 133.600006103515625 136.149993896484375 141.381256103515625 147.5625 152.0812530517578125 150.1374969482421875 147.118743896484375 145.0437469482421875 142.75 140.21875 136.9187469482421875 133.443756103515625 130.78125 136.212493896484375 147.087493896484375 160.287506103515625 171.149993896484375 180.256256103515625 190.181243896484375 200.131256103515625 211.306243896484375 217.3125 223.21875 232.756256103515625 242.662506103515625 254.25 264.01251220703125 276.85626220703125 288.95623779296875 299.39373779296875 307.868743896484375 316.20623779296875 320.20001220703125 322.381256103515625 322.82501220703125 324.087493896484375 320.256256103515625 315.9375 308.95001220703125 303.662506103515625
150.149993896484375 142.8937530517578125 141.0749969482421875 140.5500030517578125 141.5437469482421875 144.1125030517578125 147.787506103515625 152.7312469482421875 159.4562530517578125 165.375 163.4812469482421875 161.806243896484375 160.2062530517578125 158.881256103515625 156.193756103515625 154.90625 151.40625 148.7687530517578125 156.7312469482421875 168.7624969482421875 181.28125 191.65625 202.0500030517578125 210.743743896484375 221.056243896484375 231.7312469482421875 238.0749969482421875 243.28125 251.506256103515625 262.506256103515625 272.70623779296875 282.66876220703125 292.17498779296875 304.20623779296875 317.57501220703125 324.962493896484375 332.03125 337.01873779296875 339.3125 341.1875 339.131256103515625 335.712493896484375 329.774993896484375 322.60626220703125 316.381256103515625
158.71875 152.537506103515625 151.431243896484375 149.962493896484375 149.75 151.3000030517578125 154.9250030517578125 159.3125 164.193756103515625 167.9250030517578125 171.375 173.2937469482421875 175.368743896484375 176.1875 175.787506103515625 176.4812469482421875 177.506256103515625 181.8874969482421875 190.5124969482421875 198.537506103515625 205.3625030517578125 214.75 222.4187469482421875 231.243743896484375 242.274993896484375 251.837493896484375 257.881256103515625 263.48126220703125 269.756256103515625 279.875 291.875 301.75 309.92498779296875 319.568756103515625 330.61248779296875 340 346.725006103515625 352.8125 357.98126220703125 357.16876220703125 353.45001220703125 349.131256103515625 342.993743896484375 335.787506103515625 328.41876220703125
168.4875030517578125 161.243743896484375 159.9875030517578125 159.375 158.837493896484375 160.818756103515625 162.5812530517578125 162.649993896484375 163.806243896484375 169.9875030517578125 178.743743896484375 185.3625030517578125 191.100006103515625 193.712493896484375 196.462493896484375 199.75 205.1687469482421875 214.962493896484375 227.725006103515625 230.1437530517578125 231 237.03125 243.725006103515625 252.837493896484375 264.350006103515625 273.125 277.78125 282.443756103515625 290.0625 300.33123779296875 309.875 319.64373779296875 326.76873779296875 335.131256103515625 344.46875 353.13751220703125 360.375 366.63751220703125 370.368743896484375 371.60626220703125 369.506256103515625 365.181243896484375 359.106231689453125 350.850006103515625 344.756256103515625
177.6062469482421875 170.931243896484375 170 168.649993896484375 168.625 169.5625 170.568756103515625 170.462493896484375 169.53125 174.0187530517578125 187.78125 197.8312530517578125 206.71875 211.4250030517578125 215.649993896484375 219.975006103515625 226.068756103515625 236.725006103515625 248.71875 249.625 248.118743896484375 254.181243896484375 260.46875 272.73748779296875 283.82501220703125 292.01873779296875 296.287506103515625 299.131256103515625 306.42498779296875 316.806243896484375 326.818756103515625 333.587493896484375 340.212493896484375 346.61248779296875 354.475006103515625 361.600006103515625 369.86248779296875 376.10626220703125 380.01873779296875 382.193756103515625 380.274993896484375 376.08123779296875 373.54376220703125 368.38751220703125 361.556243896484375
186.6750030517578125 180.7312469482421875 178.90625 178.087493896484375 178.443756103515625 180.0625 181.4187469482421875 183.0625 185.7624969482421875 193.375 205.09375 215.431243896484375 224.4187469482421875 230.2375030517578125 234.806243896484375 239.3312530517578125 243.693756103515625 250.725006103515625 256.76873779296875 259.181243896484375 259.79376220703125 266.84375 275.54376220703125 290.774993896484375 300.524993896484375 307.48126220703125 311.39373779296875 314.712493896484375 320.100006103515625 329.46875 337.82501220703125 344.60626220703125 351.381256103515625 358.03125 365.41876220703125 370.98126220703125 377.61248779296875 384.149993896484375 388.14373779296875 390.899993896484375 392.35626220703125 389.649993896484375 387.26873779296875 381.1875 376.15625
196.8625030517578125 191.7312469482421875 189.193756103515625 188.0812530517578125 187.90625 190.5625 193.4187469482421875 198.2062530517578125 204.21875 213.6687469482421875 226.9250030517578125 237.5187530517578125 244.287506103515625 249.1125030517578125 252.66876220703125 255.662506103515625 257.46875 260.64373779296875 262.600006103515625 263.51251220703125 268.17498779296875 276.17498779296875 289.5625 303.23126220703125 317.037506103515625 321.962493896484375 324.42498779296875 327.5 331.98126220703125 338 345.42498779296875 352.75 360.04376220703125 366.95001220703125 373.412506103515625 379.868743896484375 385.51873779296875 389.95001220703125 395.587493896484375 400.162506103515625 402.350006103515625 398.725006103515625 397.13751220703125 392.57501220703125 387.962493896484375
205.431243896484375 200.4875030517578125 198.556243896484375 198.6750030517578125 199.212493896484375 201.9375 206.399993896484375 214.3562469482421875 222.868743896484375 233.318756103515625 247.7937469482421875 261.0625 265.66876220703125 268.100006103515625 270.350006103515625 270.57501220703125 270.975006103515625 269.70001220703125 269.48126220703125 267.71875 271.26251220703125 281.037506103515625 298.725006103515625 317.88751220703125 329.26873779296875 329.375 331.10626220703125 333.60626220703125 338.70001220703125 346.225006103515625 353.09375 358.962493896484375 366.10626220703125 372.71875 379.149993896484375 385.41876220703125 390.962493896484375 394.71875 400.36248779296875 406.100006103515625 408.79998779296875 405.08123779296875 398.95623779296875 391.912506103515625 384.181243896484375
215.068756103515625 210.943756103515625 209.6750030517578125 209.681243896484375 210.5124969482421875 215.475006103515625 221.125 228.962493896484375 239.0187530517578125 251.2062530517578125 266.11248779296875 280.0625 285.36248779296875 284.081268310546875 285.225006103515625 284.681243896484375 282.837493896484375 281.618743896484375 279.26251220703125 275.28125 272.48126220703125 284.649993896484375 305.73748779296875 321.28125 324.975006103515625 326.162506103515625 333.306243896484375 340.04376220703125 345.57501220703125 353.48126220703125 360 364.76873779296875 370.34375 376.26873779296875 382.15625 387.95623779296875 392.337493896484375 395.6875 400.631256103515625 406.368743896484375 411.274993896484375 406.162506103515625 392.256256103515625 378.48126220703125 368.38751220703125
223.181243896484375 220.2687530517578125 219.493743896484375 220.0187530517578125 221.806243896484375 226.193756103515625 232.993743896484375 243.287506103515625 254.256256103515625 267.15625 279.975006103515625 291.78125 296.287506103515625 297.78125 296.79998779296875 297.100006103515625 294.212493896484375 293.33123779296875 289.91876220703125 286.64373779296875 287.568756103515625 298.306243896484375 312.806243896484375 324.08123779296875 326.475006103515625 330.381256103515625 337.84375 344.82501220703125 352.975006103515625 359.95623779296875 365.9375 370.068756103515625 374.09375 377.90625 383.774993896484375 388.375 392.837493896484375 397.04998779296875 400.087493896484375 402.8125 403.006256103515625 387.662506103515625 375.818756103515625 368.600006103515625 362.931243896484375
229.8625030517578125 227.412506103515625 227.71875 228.9250030517578125 232.2687530517578125 237.899993896484375 246.3625030517578125 256.32501220703125 267.087493896484375 278.662506103515625 291.475006103515625 301.681243896484375 307.475006103515625 310.29376220703125 309.1875 308.53125 305.537506103515625 302.943756103515625 300.587493896484375 300.09375 303.84375 311.29998779296875 323.23748779296875 330.443756103515625 336.087493896484375 341.13751220703125 346.90625 354.13751220703125 361.01251220703125 368.337493896484375 372.46875 373.48748779296875 378.21875 380.118743896484375 383.78125 386.35626220703125 391.256256103515625 396.64373779296875 397.518768310546875 388.462493896484375 374.48748779296875 365.912506103515625 364.5625 362.71875 354.618743896484375
235.3125 232.962493896484375 234.2312469482421875 236.2687530517578125 240.6687469482421875 247.34375 256.73126220703125 266.881256103515625 276.850006103515625 288.912506103515625 301.54998779296875 311.868743896484375 318.58123779296875 322.100006103515625 322.125 317.82501220703125 315.618743896484375 313.556243896484375 310.76251220703125 311.29998779296875 318.868743896484375 327.29376220703125 337.11248779296875 342.23748779296875 346.493743896484375 351.056243896484375 355.0625 363.29998779296875 371.29376220703125 378.837493896484375 381.881256103515625 380.29998779296875 378.83123779296875 378.83123779296875 379.71875 384.975006103515625 390.07501220703125 393.149993896484375 390.53125 376.01251220703125 355.149993896484375 349.98748779296875 353.537506103515625 352.32501220703125 346.131256103515625
238.743743896484375 237.15625 238.4499969482421875 241.806243896484375 247.6374969482421875 255.193756103515625 265.53125 276.01873779296875 286.3125 297.5625 310.76251220703125 322.350006103515625 329.756256103515625 333.88751220703125 334.40625 330.868743896484375 321.931243896484375 319.318756103515625 319.243743896484375 323.337493896484375 331.73748779296875 341.943756103515625 351.0625 353.556243896484375 357.86248779296875 360.04998779296875 362.300018310546875 370.23748779296875 380.693756103515625 389.39373779296875 393.087493896484375 389.506256103515625 383.381256103515625 378.01873779296875 380.64373779296875 385.75 388.73748779296875 393.5 395.287506103515625 375.01873779296875 353.681243896484375 346.79376220703125 345.131256103515625 344.118743896484375 338.787506103515625
241.6062469482421875 240.3249969482421875 242.149993896484375 246.8249969482421875 252.7937469482421875 261.818756103515625 272.91876220703125 283.98748779296875 294.17498779296875 305.78125 317.26251220703125 331.40625 340.51873779296875 345.368743896484375 345.32501220703125 339.76251220703125 330.01873779296875 322.662506103515625 327.20001220703125 332.625 343.84375 354.1875 362.618743896484375 363.79998779296875 365.587493896484375 367.70623779296875 367.006256103515625 377.01251220703125 390.618743896484375 401.03125 401.76873779296875 387.493743896484375 379.337493896484375 375.606231689453125 375.17498779296875 379.443756103515625 386.975006103515625 392.08123779296875 389.337493896484375 377.08123779296875 356.70623779296875 345.61248779296875 340.631256103515625 338.26873779296875 333.068756103515625
241.5 240.868743896484375 243.837493896484375 250.0500030517578125 257.506256103515625 267.53125 277.837493896484375 290.42498779296875 301.28125 312.818756103515625 323.931243896484375 335.818756103515625 347.443756103515625 357.40625 355.36248779296875 345.73126220703125 333.587493896484375 325.53125 325.79998779296875 334.899993896484375 351.100006103515625 364.818756103515625 367.01251220703125 370.243743896484375 371.82501220703125 374.975006103515625 377.993743896484375 384.96875 398.60626220703125 409.46875 410.82501220703125 390.399993896484375 376.39373779296875 363.67498779296875 359.375 368.0625 378.712493896484375 383.8125 385.087493896484375 375.162506103515625 358.46875 344.63751220703125 336.8125 333.54998779296875 328.131256103515625
240.53125 240.1374969482421875 244.068756103515625 249.9375 258.79998779296875 271.193756103515625 283.006256103515625 294.84375 305.53125 316.70001220703125 326.743743896484375 338.943756103515625 354.46875 369.85626220703125 362.524993896484375 345.087493896484375 329.70623779296875 326.61248779296875 328.29998779296875 336.274993896484375 349.23748779296875 359.01251220703125 368.51873779296875 371.65625 374.537506103515625 380.212493896484375 383.48126220703125 390.90625 398.149993896484375 401.962493896484375 398.59375 381.350006103515625 363.899993896484375 345.76251220703125 337.618743896484375 349.36248779296875 368.993743896484375 383.0625 385.956268310546875 378.3125 362.162506103515625 344.23748779296875 336.61248779296875 331.78125 325.63751220703125
