data/historical-monthly-weather-data/wc2.1_cruts4.09_10m_prec_1973-12.asc
ncols        45
nrows        45
xllcorner    -63.500000000000
yllcorner    -7.500000000000
cellsize     0.166666666667
NODATA_value -9999
[rows 0 to 19 of 45, columns 0 to 43 of 45]
207.368743896484375 204.4875030517578125 199.837493896484375 197.850006103515625 193.899993896484375 191.5812530517578125 188.2687530517578125 183.3874969482421875 178.9250030517578125 175.09375 173.787506103515625 170.7624969482421875 168.7624969482421875 164.7624969482421875 160.306243896484375 155.8312530517578125 152.03125 147.337493896484375 144.2937469482421875 141.725006103515625 142.1374969482421875 142.4875030517578125 142.6687469482421875 141.868743896484375 140.7312469482421875 139.087493896484375 137.6875 136.225006103515625 135.375 138.681243896484375 142.0124969482421875 146.4562530517578125 151.0749969482421875 155.556243896484375 160.0500030517578125 167.274993896484375 173.243743896484375 178.8937530517578125 182.618743896484375 186.631256103515625 189.9375 191.6062469482421875 192.9812469482421875 192.9562530517578125
208.6687469482421875 204.475006103515625 202.181243896484375 201.118743896484375 199.3874969482421875 195.8937530517578125 191.1125030517578125 188.4562530517578125 186.0812530517578125 183.25 181.0187530517578125 176.6125030517578125 173.65625 169.993743896484375 165.0187530517578125 160.40625 156.1999969482421875 150.9499969482421875 146.1374969482421875 143.1125030517578125 142.625 142.3562469482421875 142.8312530517578125 142.7312469482421875 142.5124969482421875 141.9499969482421875 141.4187469482421875 140.6062469482421875 140.462493896484375 144.443756103515625 148.0500030517578125 152.912506103515625 157.774993896484375 163.743743896484375 170.4187469482421875 176.399993896484375 185.09375 192.243743896484375 195.256256103515625 198.6999969482421875 201.4875030517578125 202.4250030517578125 203.1125030517578125 200.756256103515625
207.46875 204.09375 201.9562530517578125 200.3125 198.5812530517578125 194.975006103515625 192.118743896484375 190.90625 189.46875 187.068756103515625 183.993743896484375 179.618743896484375 176.774993896484375 173.1687469482421875 168.4562530517578125 163.318756103515625 159.399993896484375 154.6875 150.8000030517578125 147.881256103515625 147.4875030517578125 147.75 148.21875 147.53125 146.8625030517578125 146.975006103515625 146.9499969482421875 146.5124969482421875 147.2937469482421875 150.8000030517578125 155.3125 160.868743896484375 168.5437469482421875 174.7624969482421875 182.350006103515625 191.3874969482421875 200.3125 208.4875030517578125 213.1374969482421875 216.993743896484375 219.649993896484375 219.1687469482421875 217.274993896484375 215.443756103515625
204.056243896484375 202.4812469482421875 201.462493896484375 198.0187530517578125 196.337493896484375 193.524993896484375 191.8625030517578125 191.3937530517578125 190.443756103515625 189.4562530517578125 186.53125 182.46875 178.8249969482421875 175.431243896484375 170.4562530517578125 165.96875 162.100006103515625 157.5625 154.90625 154.1875 154.287506103515625 154.3874969482421875 153.693756103515625 152.756256103515625 151.1875 151.2624969482421875 151.875 151.5749969482421875 153.2937469482421875 158.274993896484375 163.21875 168.649993896484375 178.1374969482421875 187.3625030517578125 195.9875030517578125 206.337493896484375 216.03125 226.118743896484375 232.743743896484375 236.9562530517578125 238.818756103515625 236.881256103515625 233.375 230.631256103515625
209.4250030517578125 203.8000030517578125 198.225006103515625 195.556243896484375 194.09375 192.5500030517578125 190.9812469482421875 190.725006103515625 191.6062469482421875 191.493743896484375 187.975006103515625 183.3625030517578125 180.625 177.681243896484375 172.787506103515625 168.3312530517578125 164.368743896484375 161.03125 159.90625 160.899993896484375 161.2687530517578125 160.243743896484375 159.100006103515625 157.6374969482421875 155.681243896484375 155.5812530517578125 155.537506103515625 156.03125 158.381256103515625 164.537506103515625 170.6374969482421875 176.431243896484375 186.6687469482421875 197.600006103515625 208.0812530517578125 220.6437530517578125 233.412506103515625 244.8249969482421875 252.375 256.89373779296875 258.725006103515625 255.03125 250.537506103515625 244.631256103515625
213.118743896484375 208.1437530517578125 200.9250030517578125 194.53125 193.806243896484375 194.443756103515625 194.125 193.5187530517578125 193.7937469482421875 193.65625 190.3312530517578125 186.625 184.899993896484375 182.381256103515625 179.2062530517578125 175.556243896484375 172.59375 169.0625 169.681243896484375 170.125 168.7937469482421875 167.818756103515625 165.912506103515625 164.2937469482421875 162.506256103515625 161.59375 162.9499969482421875 163.712493896484375 165.537506103515625 171.524993896484375 178.006256103515625 184.993743896484375 194.1125030517578125 204.5187530517578125 218.225006103515625 232.568756103515625 246.537506103515625 261.79998779296875 270.912506103515625 274.443756103515625 273.20623779296875 268.98126220703125 261.95623779296875 256.506256103515625
218.7312469482421875 213.46875 206.5 199.3249969482421875 195.7624969482421875 195.1125030517578125 195.287506103515625 194.412506103515625 193.125 190.975006103515625 190.6062469482421875 188.837493896484375 189.087493896484375 187.443756103515625 185.368743896484375 183.375 182.53125 182.6687469482421875 183.71875 182.2375030517578125 178.5 176.2375030517578125 173 170.65625 169.6437530517578125 168.3249969482421875 169.1999969482421875 171.568756103515625 173.6125030517578125 178.8312530517578125 184.9812469482421875 191.6999969482421875 202.3874969482421875 213.1437530517578125 225.9812469482421875 241.1999969482421875 257.96875 274.78125 288.14373779296875 290.462493896484375 287.0625 280.375 273.818756103515625 266.64373779296875
224.350006103515625 218.3874969482421875 211.912506103515625 206.75 203.3000030517578125 200.6374969482421875 197.337493896484375 192.7375030517578125 188.5625 187.931243896484375 190.5187530517578125 192.1062469482421875 192.8125 193.4875030517578125 192.2375030517578125 191.8000030517578125 192.024993896484375 194.806243896484375 196.8000030517578125 192.318756103515625 186.8125 182.274993896484375 178.125 175.3125 175.0812530517578125 174.7312469482421875 175.3562469482421875 177.53125 181.3000030517578125 186.9375 191.3937530517578125 197.712493896484375 209.2687530517578125 220.4250030517578125 234.5437469482421875 248.774993896484375 266.25 282.975006103515625 293.962493896484375 297.743743896484375 296.774993896484375 289.78125 282.83123779296875 274.8125
231.287506103515625 225.5 219.875 215.1999969482421875 211.100006103515625 208.806243896484375 205.100006103515625 199.193756103515625 191.899993896484375 189.5 194.131256103515625 197.568756103515625 199.600006103515625 200.399993896484375 200.2062530517578125 200.4375 201.3312530517578125 204.0437469482421875 205.5187530517578125 200.03125 192.131256103515625 187.0625 183.1062469482421875 182.0625 181.1750030517578125 180.4250030517578125 181.1062469482421875 183.681243896484375 186.7937469482421875 191.756256103515625 197.681243896484375 202.931243896484375 213.899993896484375 226.1062469482421875 239.1062469482421875 253.78125 269.068756103515625 283.42498779296875 292.600006103515625 298.256256103515625 297.75 291.9375 286.91876220703125 280.368743896484375
236.6062469482421875 231.537506103515625 226.850006103515625 223.3874969482421875 219.5500030517578125 217.274993896484375 214.056243896484375 209.1687469482421875 204.7937469482421875 202.681243896484375 204.34375 205.28125 207.899993896484375 207.625 208.431243896484375 208.8937530517578125 209.2937469482421875 209.25 208.068756103515625 203.5500030517578125 196.3874969482421875 191.125 187.493743896484375 187.287506103515625 186.068756103515625 185.068756103515625 186.024993896484375 188.3125 191.8937530517578125 196.787506103515625 201.4875030517578125 206.7062530517578125 217.1687469482421875 228.337493896484375 241.5749969482421875 257.481231689453125 271.51873779296875 284.537506103515625 291.5 296.82501220703125 298.76873779296875 295.33123779296875 289.38751220703125 283.59375
243.243743896484375 238.15625 233.3312530517578125 229.350006103515625 227.0437469482421875 226.40625 224.1125030517578125 219.318756103515625 215.6125030517578125 214.318756103515625 215.100006103515625 215.8249969482421875 216.4562530517578125 216.212493896484375 216.118743896484375 216.431243896484375 215.7375030517578125 213.6062469482421875 210.006256103515625 205.0812530517578125 199.8937530517578125 195 191.7687530517578125 189.649993896484375 191.1687469482421875 190.5625 190.84375 191.6999969482421875 193.5749969482421875 198.4375 203.1437530517578125 209.0500030517578125 219.412506103515625 230.5500030517578125 243.0187530517578125 257.462493896484375 271.337493896484375 283.96875 292.76873779296875 297.850006103515625 300.48126220703125 297.21875 293.350006103515625 289.087493896484375
248.6125030517578125 243.3000030517578125 239.0625 236.318756103515625 234.21875 233.943756103515625 232.912506103515625 228.9875030517578125 225.59375 225.2062530517578125 226.0749969482421875 227.306243896484375 225.943756103515625 224.712493896484375 224.1125030517578125 222.443756103515625 220.493743896484375 215.96875 211.256256103515625 206.4375 200.5500030517578125 196.631256103515625 195.225006103515625 194.381256103515625 195.6374969482421875 195.2687530517578125 194.524993896484375 194.1750030517578125 194.7375030517578125 199.1125030517578125 203.4187469482421875 209.181243896484375 219.1875 230.5187530517578125 242.962493896484375 257.10626220703125 270.32501220703125 283.006256103515625 291.26873779296875 297.100006103515625 300.36248779296875 297.75 294.11248779296875 289.5625
253.2375030517578125 248.618743896484375 245.09375 242.0749969482421875 240.6374969482421875 239.7375030517578125 238.21875 235.8937530517578125 233.462493896484375 233.84375 235.2062530517578125 236.7687530517578125 235.431243896484375 232.3000030517578125 231.1062469482421875 228.368743896484375 224.875 220.162506103515625 214.53125 208.3249969482421875 200.3562469482421875 197.5749969482421875 198.375 198.7937469482421875 198.3874969482421875 196.9250030517578125 196.1374969482421875 195.912506103515625 196.3000030517578125 198.71875 202.3249969482421875 207.2624969482421875 216.556243896484375 227.9875030517578125 240.4499969482421875 255.4250030517578125 269.556243896484375 282.25 290.53125 295.4375 298.36248779296875 297.668731689453125 292.625 282.850006103515625
256.149993896484375 251.8249969482421875 248.412506103515625 245.943756103515625 244.0625 243.056243896484375 241.5500030517578125 240.96875 240.631256103515625 240.475006103515625 240.28125 241.537506103515625 241.6062469482421875 239.568756103515625 236.256256103515625 234.1687469482421875 229.78125 223.875 217.6374969482421875 211.368743896484375 204.9875030517578125 201.881256103515625 201.399993896484375 200.9499969482421875 200.256256103515625 199.100006103515625 198.8562469482421875 196.912506103515625 195.875 197.1687469482421875 199.943756103515625 203.6999969482421875 213.3312530517578125 224.2062530517578125 237.4562530517578125 252.475006103515625 267.649993896484375 282.65625 292.931243896484375 300.318756103515625 299.431243896484375 292.03125 285.48748779296875 279.943756103515625
259.274993896484375 254.875 252.1875 249.6187591552734375 248.024993896484375 246.7624969482421875 246.5187530517578125 246.15625 245.8625030517578125 245.131256103515625 244.6999969482421875 246.037506103515625 245.65625 244.462493896484375 240.587493896484375 238.0625 232.6125030517578125 226.3562469482421875 220.006256103515625 215.337493896484375 209.6374969482421875 206.274993896484375 204.381256103515625 203.431243896484375 202.9562530517578125 201.7062530517578125 200.818756103515625 198.631256103515625 196.337493896484375 195.0437469482421875 195.5187530517578125 198.8874969482421875 208.2687530517578125 219.693756103515625 233.306243896484375 247.006256103515625 264.181243896484375 283.212493896484375 298.45623779296875 304.53125 300.431243896484375 292.774993896484375 286.76251220703125 281.649993896484375
260.631256103515625 256.774993896484375 254.4187469482421875 252.78125 251.225006103515625 250.5187530517578125 250.256256103515625 249 248.837493896484375 249.4375 248.7062530517578125 249.506256103515625 249.4562530517578125 248.225006103515625 244.7375030517578125 239.7375030517578125 234.056243896484375 228.9499969482421875 222.7750091552734375 218.03125 213.787506103515625 209.962493896484375 207.662506103515625 206.3125 206.125 206.243743896484375 204.712493896484375 201.4499969482421875 197.0812530517578125 192.71875 191.0812530517578125 192.1750030517578125 199.568756103515625 210.3125 222.443756103515625 237.1687469482421875 256.943756103515625 280.462493896484375 300.84375 307.73126220703125 302.662506103515625 294.16876220703125 286.868743896484375 277.381256103515625
261.056243896484375 257.95623779296875 254.568756103515625 253.693756103515625 253.1374969482421875 251.9875030517578125 252.1875 252.375 253.1750030517578125 253.09375 252.431243896484375 252.506256103515625 252.34375 251.03125 247.59375 241.837493896484375 234.087493896484375 229.21875 224.78125 220.306243896484375 216.725006103515625 213.3937530517578125 211.181243896484375 209.59375 209.8874969482421875 211.181243896484375 210.087493896484375 204.8937530517578125 196.475006103515625 189.34375 185.5812530517578125 186.0625 190.9562530517578125 196.993743896484375 206.1125030517578125 221.8312530517578125 245.7312469482421875 278.13751220703125 311.6875 312.48126220703125 302.306243896484375 292.21875 281.618743896484375 274.5625
260.29376220703125 257.8125 254.993743896484375 254.71875 254.59375 254.8562469482421875 255.0749969482421875 254.7312469482421875 255.318756103515625 256.3125 256.26251220703125 255.899993896484375 254.368743896484375 252.6437530517578125 248.443756103515625 242.1750030517578125 234.4812469482421875 226.5500030517578125 224.4250030517578125 220.5 218.71875 216.3125 214.34375 213.6374969482421875 214.3625030517578125 216.2312469482421875 216.6062469482421875 207.9812469482421875 195.4375 184.4562530517578125 177.912506103515625 176.84375 182.84375 189.6999969482421875 194.2687530517578125 200.899993896484375 232.6062469482421875 270.056243896484375 298.11248779296875 305.056243896484375 295.875 286.037506103515625 278.243743896484375 272.54376220703125
257.9375 255.962493896484375 254.4937591552734375 254.6687469482421875 255.15625 256.14373779296875 256.54376220703125 257.63751220703125 258.64373779296875 259.67498779296875 258.45623779296875 256.662506103515625 255.568756103515625 254.1875 249.037506103515625 242.162506103515625 234.587493896484375 226.71875 221.125 218.3937530517578125 219.2062530517578125 220.212493896484375 216.4375 217.03125 219.0500030517578125 220.8562469482421875 219.2687530517578125 210.7937469482421875 196.743743896484375 181.962493896484375 171.125 173.7624969482421875 183.024993896484375 189.2687530517578125 192.743743896484375 203.0625 229.4250030517578125 258.668731689453125 281.78125 289.556243896484375 285.6875 278.493743896484375 272.76873779296875 269.381256103515625
254.181243896484375 253.09375 251.5500030517578125 252.2937469482421875 253.8874969482421875 256.306243896484375 258.07501220703125 259.73126220703125 261.48748779296875 261.350006103515625 260.556243896484375 259.899993896484375 258.73748779296875 255.6999969482421875 248.9875030517578125 240.1999969482421875 231.7312469482421875 225.774993896484375 220.7687530517578125 217.75 217.40625 217.28125 218.1437530517578125 220.0749969482421875 222.4250030517578125 223.9375 221.4812469482421875 214.962493896484375 202.225006103515625 187.1437530517578125 177.9812469482421875 180.7312469482421875 188.7062530517578125 196.993743896484375 205.350006103515625 216.25 235.4812469482421875 257.04376220703125 273.274993896484375 280.53125 278.631256103515625 270.45623779296875 268.587493896484375 267.850006103515625
