data/historical-monthly-weather-data/wc2.1_cruts4.09_10m_prec_1969-10.asc
ncols        45
nrows        45
xllcorner    -63.500000000000
yllcorner    -7.500000000000
cellsize     0.166666666667
NODATA_value -9999
[rows 19 to 37 of 45, columns 0 to 43 of 45]
104.0187530517578125 102.9499969482421875 104.0187530517578125 105.36875152587890625 106.7312469482421875 109.03749847412109375 110.875 111.8249969482421875 112.15625 111.4250030517578125 108.78125 103.1374969482421875 97.27500152587890625 91.83750152587890625 88.65000152587890625 86.3000030517578125 82.90625 81.15625 80.125 79.3000030517578125 74.77500152587890625 71.3249969482421875 70.0500030517578125 71.75 72.3125 70.86875152587890625 69.5124969482421875 67.2375030517578125 62.65625 58.137500762939453125 55.55625152587890625 58.075000762939453125 59.68125152587890625 60.924999237060546875 61.3125 59.8125 59.77500152587890625 61.112499237060546875 61.799999237060546875 61.481250762939453125 60.237499237060546875 57.71875 53.15000152587890625 48.88124847412109375
101.4875030517578125 101.63124847412109375 104.11875152587890625 106.61875152587890625 108.875 111.50624847412109375 114.0500030517578125 115.47499847412109375 115.94374847412109375 114.4812469482421875 111.4250030517578125 105.3249969482421875 99.13124847412109375 92.8937530517578125 89.28125 86.1875 82.8937530517578125 80.72499847412109375 80.5749969482421875 79.6062469482421875 76.5500030517578125 73.69374847412109375 71.33750152587890625 72.2624969482421875 73.13124847412109375 72.68125152587890625 71.99375152587890625 69.2624969482421875 66.40625 65.15625 65.0124969482421875 66.94374847412109375 68.11875152587890625 69.94374847412109375 72.03125 69.6687469482421875 66.90000152587890625 65.9250030517578125 64.8874969482421875 63.78125 62.28749847412109375 59.887500762939453125 56.262500762939453125 52.75
99.2937469482421875 100.80625152587890625 104.34999847412109375 107.7624969482421875 111.03749847412109375 114.4875030517578125 117.4499969482421875 119.6374969482421875 120.72499847412109375 118.74375152587890625 114.61875152587890625 108.1437530517578125 101.88124847412109375 96.46875 92.21250152587890625 88.93125152587890625 86.1374969482421875 83.9812469482421875 83 82.0124969482421875 78.1999969482421875 75.18125152587890625 73.24375152587890625 73.66249847412109375 73.81874847412109375 73.50624847412109375 74.0625 73.11875152587890625 72.2937469482421875 72.77500152587890625 73.8312530517578125 75.8312530517578125 76.4562530517578125 77.6875 77.9875030517578125 76.06874847412109375 72.8562469482421875 70.22499847412109375 68.05625152587890625 66.4187469482421875 64.53749847412109375 62.262500762939453125 59.493747711181640625 56.33750152587890625
98.84375 101.84999847412109375 106.21875 110.21250152587890625 113.3937530517578125 117.1125030517578125 120.68125152587890625 123.97499847412109375 126.46875 123.25 118.08750152587890625 110.99375152587890625 105.33750152587890625 100.8125 96.2624969482421875 92.4875030517578125 89.4875030517578125 87.5749969482421875 86.09999847412109375 84.52500152587890625 81.21875 77.6999969482421875 75.21875 75.4187469482421875 75.31874847412109375 74.31874847412109375 75.7687530517578125 77.1437530517578125 77.4499969482421875 79.3874969482421875 82.09999847412109375 84.9499969482421875 84.71875 84.875 84.11249542236328125 81.56874847412109375 78.0187530517578125 74.18125152587890625 71.3874969482421875 70.09999847412109375 68.28125 66.1062469482421875 63.50624847412109375 60.40000152587890625
101.65625 105.9812469482421875 111.15000152587890625 114.03749847412109375 116.43125152587890625 119.8312530517578125 122.9250030517578125 126.3312530517578125 128.287506103515625 125.3249969482421875 119.7687530517578125 113.78125 108.80625152587890625 104.6687469482421875 100.4187469482421875 96.53749847412109375 93.5437469482421875 91.40000152587890625 89.5625 87.6125030517578125 84.5437469482421875 81.5124969482421875 78.5187530517578125 78.28125 77.7375030517578125 76.13124847412109375 76.96875 79.78749847412109375 82.44374847412109375 85.8000030517578125 89.43125152587890625 92.6437530517578125 92.34999847412109375 91.6062469482421875 90.46250152587890625 88.03125 84.31874847412109375 79.8874969482421875 76.96250152587890625 74.88124847412109375 72.71250152587890625 70.34375 67.38124847412109375 63.91249847412109375
108.19374847412109375 112.28749847412109375 117.28125 118.38124847412109375 119.5437469482421875 122.1437530517578125 124.4187469482421875 126.34375 127.2375030517578125 125.4812469482421875 121.7937469482421875 116.96875 112.9562530517578125 109.3937530517578125 105.02500152587890625 101.28749847412109375 98.0187530517578125 95.71875 93.61875152587890625 91.55625152587890625 88.50624847412109375 84.9812469482421875 82.4499969482421875 81.9562530517578125 81.4812469482421875 81.08750152587890625 82.2937469482421875 85.03749847412109375 88.1437530517578125 92.0187530517578125 95.94374847412109375 98.8937530517578125 99.0625 97.99375152587890625 96.80625152587890625 93.8249969482421875 90.66249847412109375 87.22499847412109375 83.75624847412109375 81.3000030517578125 78.59375 75.58750152587890625 72.07500457763671875 68.77500152587890625
116.0625 118.71875 120.625 121.6999969482421875 121.7624969482421875 123.4562530517578125 124.97499847412109375 126.05625152587890625 126.8562469482421875 126.16249847412109375 122.81874847412109375 119.7624969482421875 116.66249847412109375 113.71250152587890625 109.90625 106.09375 102.94374847412109375 100.2312469482421875 98.03125 95.78125 92.89374542236328125 89.4812469482421875 86.9812469482421875 86.71875 86.6875 86.93125152587890625 88.875 91.3312530517578125 94.34375 98.43125152587890625 101.75 105.4250030517578125 105.75624847412109375 104.4812469482421875 103.53125 100.5187530517578125 97.46250152587890625 94.6687469482421875 91.34375 88.5187530517578125 85.5124969482421875 82.1437530517578125 78.02500152587890625 74.5437469482421875
123.4812469482421875 122.43125152587890625 122.8312530517578125 122.77500152587890625 122.1750030517578125 123.83750152587890625 124.94374847412109375 125.75 126.06874847412109375 125.19374847412109375 123.9187469482421875 122.2687530517578125 120.4562530517578125 118.5187530517578125 114.69374847412109375 111.21875 107.59999847412109375 105.18125152587890625 102.69374847412109375 100.25 97.6125030517578125 94.4562530517578125 92.03125 92.75 92.7687530517578125 93.38124847412109375 95.4499969482421875 98.0437469482421875 101.2312469482421875 104.91249847412109375 108.7687530517578125 111.5 111.9875030517578125 111.06874847412109375 109.7312469482421875 107.4499969482421875 105.1125030517578125 102.88124847412109375 100.1875 98.0124969482421875 95.1687469482421875 91.91249847412109375 87.7937469482421875 83.88124847412109375
130.34375 126.6062469482421875 125.3874969482421875 124.3000030517578125 122.86875152587890625 124.02500152587890625 125.27500152587890625 125.5749969482421875 125.71875 125.53749847412109375 124.63124847412109375 124.22499847412109375 124.08750152587890625 122.78749847412109375 119.47499847412109375 116.11875152587890625 112.9812469482421875 109.9187469482421875 107.5500030517578125 105.4375 102.7062530517578125 99.78125 98.09999847412109375 98.63124847412109375 99.0124969482421875 100.05625152587890625 102.69374847412109375 105.61875152587890625 108.25624847412109375 111.5500030517578125 114.65625 117.5187530517578125 117.94374847412109375 117.00624847412109375 116.4375 114.4375 112.38124847412109375 111.4562530517578125 109.2062530517578125 107.91249847412109375 106.6687469482421875 103.08750152587890625 97.90000152587890625 94.44374847412109375
137.0437469482421875 131.181243896484375 128.087493896484375 126.09375 123.94374847412109375 124.1999969482421875 124.6687469482421875 125.08750152587890625 125.5500030517578125 126.06874847412109375 126.18125152587890625 126.80625152587890625 127.4875030517578125 127.0812530517578125 124.41249847412109375 121.21250152587890625 118.4375 115.36875152587890625 112.7062530517578125 110.5187530517578125 107.84375 105.4187469482421875 103.90000152587890625 104.5812530517578125 105.2624969482421875 106.84999847412109375 109.6999969482421875 112.72499847412109375 116.1062469482421875 118.71875 120.875 123.3562469482421875 123.7312469482421875 123.03125 122.65625 121.46875 120.1125030517578125 119.34375 117.21250152587890625 116.3562469482421875 116.28749847412109375 112.7062530517578125 107.6125030517578125 105.6062469482421875
142.0625 134.9250030517578125 130.850006103515625 127.33750152587890625 124.81874847412109375 124.11875152587890625 124.4375 125.0625 126.28749847412109375 126.8625030517578125 128.0187530517578125 129.1125030517578125 130.9250030517578125 131.5187530517578125 129.337493896484375 127.1125030517578125 124.2375030517578125 121.69374847412109375 118.7062530517578125 115.6750030517578125 113.4375 111.3000030517578125 109.65000152587890625 110.2312469482421875 111.5500030517578125 113.9187469482421875 116.81874847412109375 119.69374847412109375 122.55625152587890625 124.84999847412109375 127.1750030517578125 129.337493896484375 129.9250030517578125 130.1750030517578125 130.149993896484375 129.5124969482421875 128.693756103515625 128.837493896484375 125.90625 124.43125152587890625 124.40625 123.84375 121.1125030517578125 121.3000030517578125
146.4250030517578125 137.9562530517578125 133.3312530517578125 128.556243896484375 125.5625 125.30625152587890625 125.21875 125.63124847412109375 126.83750152587890625 127.81874847412109375 129.787506103515625 132.068756103515625 135.037506103515625 136.5 134.6125030517578125 133.03125 131.2062530517578125 128.087493896484375 124.78749847412109375 121.8000030517578125 119.21250152587890625 117.1999969482421875 115.7062530517578125 116.46875 118.18125152587890625 120.47499847412109375 123.45624542236328125 126.375 129.037506103515625 130.9562530517578125 133.368743896484375 135.40625 136.431243896484375 137.5124969482421875 138.1999969482421875 137.587493896484375 137.618743896484375 138.3874969482421875 134.90625 130.28125 131.0437469482421875 133.806243896484375 134.993743896484375 135.962493896484375
149.681243896484375 140.381256103515625 134.6875 130.3625030517578125 127.93125152587890625 126.41249847412109375 125.9250030517578125 126.2062530517578125 127.61875152587890625 129.1750030517578125 131.443756103515625 134.8562469482421875 138.1999969482421875 140.8874969482421875 140.5187530517578125 139.5749969482421875 137.6687469482421875 133.8625030517578125 131.0625 127.8937530517578125 125.24375152587890625 123.11875152587890625 121.74375152587890625 122.53749847412109375 124.59375 126.88124847412109375 129.868743896484375 132.8874969482421875 135.4187469482421875 137.493743896484375 139.618743896484375 141.1999969482421875 142.899993896484375 145.0749969482421875 145.962493896484375 146.212493896484375 146.993743896484375 148.1750030517578125 144.056243896484375 140.7375030517578125 142.71875 147.25 149.837493896484375 152.8625030517578125
153.1125030517578125 143.806243896484375 138.1750030517578125 134.2937469482421875 131.087493896484375 129.274993896484375 128.1875 127.8312530517578125 128.993743896484375 130.931243896484375 135.306243896484375 138.8125 143.375 147.524993896484375 147.587493896484375 146.6750030517578125 144.568756103515625 140.90625 137.5812530517578125 134.3000030517578125 131.3562469482421875 128.9812469482421875 127.13124847412109375 128.256256103515625 130.0749969482421875 132.2249908447265625 135.3562469482421875 138.256256103515625 141.0437469482421875 144 146.34375 148.4562530517578125 149.837493896484375 152.975006103515625 156 158.243743896484375 159.4562530517578125 160.1999969482421875 158.0625 158.962493896484375 162.306243896484375 167.068756103515625 171.318756103515625 175.4562530517578125
155.3874969482421875 147 142.100006103515625 138.337493896484375 134.225006103515625 132.2312469482421875 130.649993896484375 129.84375 130.212493896484375 132.40625 136.3125 142.5124969482421875 149.493743896484375 153.3125 154.4499969482421875 153.725006103515625 151.9812469482421875 148.40625 144.1062469482421875 141.006256103515625 137.712493896484375 134.8562469482421875 132.743743896484375 133.15625 135.2312469482421875 137.337493896484375 140.1750030517578125 143.2375030517578125 146.6062469482421875 149.875 153.1437530517578125 156.1999969482421875 159.1374969482421875 162.21875 166.8562469482421875 169.943756103515625 171.71875 173.3625030517578125 174.368743896484375 177.787506103515625 181.4187469482421875 187.1999969482421875 193.993743896484375 200.068756103515625
157.618743896484375 150.4375 145.287506103515625 141.6875 137.493743896484375 135.068756103515625 132.899993896484375 131.8249969482421875 131.037506103515625 133.024993896484375 137.881256103515625 145.8000030517578125 154.7312469482421875 160.8562469482421875 161.0625 160.6374969482421875 159.3625030517578125 155.5187530517578125 151.225006103515625 147.2375030517578125 143.9375 140.475006103515625 138.056243896484375 138.03125 139.806243896484375 141.8000030517578125 145.0437469482421875 148.743743896484375 152.3000030517578125 155.774993896484375 159.337493896484375 163.493743896484375 167.4562530517578125 172.3125 177.125 180.1875 182.725006103515625 187.037506103515625 190.162506103515625 194.524993896484375 199.5500030517578125 205.5500030517578125 213.65625 220.8562469482421875
159.8874969482421875 153.493743896484375 149.306243896484375 145.25 141.3249969482421875 138.912506103515625 136.0187530517578125 133.975006103515625 132.493743896484375 133.4562530517578125 139.243743896484375 148.524993896484375 159.1687469482421875 165.8874969482421875 167.1437530517578125 166.8687591552734375 165.506256103515625 161.9812469482421875 157.7937469482421875 153.5124969482421875 150.2375030517578125 146.993743896484375 143.462493896484375 143.118743896484375 144.1125030517578125 145.243743896484375 148.131256103515625 151.7937469482421875 155.381256103515625 159.9499969482421875 164.25 169.125 174.125 180.59375 185.4812469482421875 188.4187469482421875 193.850006103515625 198.149993896484375 202.2937469482421875 207.1750030517578125 213.3874969482421875 220.1875 226.1875 234.3125
162.2624969482421875 156.774993896484375 152.993743896484375 149.3625030517578125 145.756256103515625 142.7687530517578125 139.3625030517578125 136.462493896484375 133.850006103515625 132.493743896484375 139.725006103515625 153.15625 162.9875030517578125 168.912506103515625 171.6125030517578125 172.412506103515625 171.1875 167.9562530517578125 163.4875030517578125 158.9812469482421875 155.537506103515625 151.975006103515625 148.850006103515625 147.6062469482421875 147.600006103515625 148.318756103515625 150.8312530517578125 154.40625 158.46875 163.6999969482421875 169.2624969482421875 174.3249969482421875 181.493743896484375 188.9499969482421875 193.7687530517578125 198.8874969482421875 204.412506103515625 210.193756103515625 214.774993896484375 219.568756103515625 225.774993896484375 230.9812469482421875 238.037506103515625 246.8312530517578125
164.524993896484375 160.024993896484375 156.53125 153.337493896484375 150.256256103515625 147.0749969482421875 144.368743896484375 141.3000030517578125 138.818756103515625 135.8125 147.65625 161.3562469482421875 168.7062530517578125 173.962493896484375 176.5500030517578125 177.618743896484375 176.46875 173.212493896484375 169.056243896484375 164.181243896484375 160.306243896484375 155.9562530517578125 152.618743896484375 150.7375030517578125 150.6750030517578125 151.0500030517578125 153.09375 156.59375 160.6750030517578125 166.90625 172.475006103515625 178.9812469482421875 187.2937469482421875 195.09375 201.8000030517578125 206.6437530517578125 213.5749969482421875 219.2312469482421875 225.5 231.3249969482421875 235.399993896484375 241.5124969482421875 246.7687530517578125 253.8125
