data/historical-monthly-weather-data/wc2.1_cruts4.09_10m_prec_1963-10.asc
ncols        45
nrows        45
xllcorner    -63.500000000000
yllcorner    -7.500000000000
cellsize     0.166666666667
NODATA_value -9999
[rows 20 to 39 of 45, columns 0 to 43 of 45]
234.412506103515625 242.5812530517578125 243.837493896484375 242.649993896484375 239.9875030517578125 234.4562530517578125 227.8937530517578125 218.975006103515625 208.462493896484375 195.0625 180.381256103515625 165.9250030517578125 152.5187530517578125 139.318756103515625 129.6999969482421875 121.02500152587890625 112.4875030517578125 106.5625 103.55625152587890625 100.91249847412109375 104.5437469482421875 110.28749847412109375 116.44374847412109375 123.0187530517578125 128.7624969482421875 131.5 129.524993896484375 123.3312530517578125 116.65625 110.77500152587890625 106.75 106.6687469482421875 107.18125152587890625 108.96250152587890625 111.00624847412109375 105.66249847412109375 99.75624847412109375 96.7624969482421875 94.8249969482421875 92.9875030517578125 90.47499847412109375 86.11875152587890625 79.93125152587890625 73.7624969482421875
212.756256103515625 224.8125 227.850006103515625 227.8625030517578125 226.6687469482421875 222.899993896484375 217.3562469482421875 210.243743896484375 201.912506103515625 189 173.9562530517578125 159.337493896484375 146.024993896484375 134.3874969482421875 124.5812530517578125 116.3625030517578125 109.21875 104.1687469482421875 100.86875152587890625 98.90000152587890625 101.61875152587890625 106.8625030517578125 113.2062530517578125 118.70624542236328125 123.03749847412109375 125.8937530517578125 126.22499847412109375 123.4375 120.55625152587890625 117.5625 115.3312530517578125 115.13124847412109375 115.2375030517578125 116.625 116.5187530517578125 112.5187530517578125 106.5749969482421875 101.71875 98.4875030517578125 96.1999969482421875 93.2937469482421875 88.78125 83.49375152587890625 77.40000152587890625
194.975006103515625 210.40625 214.6374969482421875 215.125 213.1687469482421875 210.1125030517578125 206.03125 201.3000030517578125 196.306243896484375 182.90625 167.774993896484375 152.7687530517578125 140.6125030517578125 130.493743896484375 121.0625 112.93125152587890625 106.18125152587890625 102.2937469482421875 99.16249847412109375 97.1999969482421875 100.58750152587890625 104.9875030517578125 110.1875 115.1374969482421875 118.8874969482421875 120.5 122.40625 123.5437469482421875 122.65000152587890625 121.97499847412109375 122.21250152587890625 123.1687469482421875 122.5625 122.9187469482421875 121.91249847412109375 117.7375030517578125 112.0812530517578125 106.1437530517578125 102.3562469482421875 100.875 98.33750152587890625 93.7312469482421875 88.3312530517578125 82.00624847412109375
178.3000030517578125 194.787506103515625 201.0187530517578125 200.6125030517578125 198.618743896484375 196.46875 193.212493896484375 190.2062530517578125 185.774993896484375 174.4375 160.431243896484375 147.8937530517578125 137.412506103515625 128.4875030517578125 120.3249969482421875 112.8937530517578125 106.90000152587890625 103.30625152587890625 100.3125 98.2687530517578125 101.3125 105.50624847412109375 109.125 113 115.6687469482421875 116.15000152587890625 117.16249847412109375 120.68125152587890625 123.61875152587890625 125.31874847412109375 127.03749847412109375 128.681243896484375 128.40625 128.037506103515625 127.0187530517578125 123.96875 119.00624847412109375 113.09999847412109375 109.7062530517578125 107.5812530517578125 105 100.46250152587890625 94.875 88.05625152587890625
166.868743896484375 181.443756103515625 187.756256103515625 185.8874969482421875 183.6687469482421875 181.9250030517578125 179.225006103515625 175.9499969482421875 171.46875 163.6062469482421875 153.681243896484375 143.7062530517578125 135.193756103515625 127.65625 120.28125 113.9375 108.375 105.16249847412109375 102.3937530517578125 100.5812530517578125 102.93125152587890625 105.5812530517578125 108.88124847412109375 111.91249847412109375 114.41249847412109375 116.4812469482421875 118.11875152587890625 121.5812530517578125 125.21250152587890625 127.90000152587890625 130.28125 131.8249969482421875 132.6687469482421875 132.318756103515625 131.818756103515625 128.975006103515625 125.83750152587890625 122.3312530517578125 118.77500152587890625 116.65625 113.86875152587890625 108.9562530517578125 102.99375152587890625 96.50624847412109375
157.493743896484375 168.71875 170.975006103515625 170.556243896484375 168.3937530517578125 167.0187530517578125 165.0625 162.4375 159.256256103515625 154.2312469482421875 146.2312469482421875 139.3312530517578125 132.65625 126.6062469482421875 120.7375030517578125 115.125 110.46875 107.34999847412109375 104.94374847412109375 103.1999969482421875 104.99375152587890625 106.7937469482421875 109.24375152587890625 112.18125152587890625 114.96875 117.6875 120.47499847412109375 123.58750152587890625 127.1062469482421875 130.3249969482421875 132.1750030517578125 134.962493896484375 136.5 136.4562530517578125 136.850006103515625 134.943756103515625 132.962493896484375 131.2375030517578125 128.587493896484375 126.54999542236328125 123.9499969482421875 118.96875 112.6062469482421875 105.9187469482421875
154.024993896484375 159.493743896484375 160.5124969482421875 159.7937469482421875 158.09375 157.524993896484375 155.96875 153.96875 151.162506103515625 146.96875 142.462493896484375 137.9875030517578125 133.537506103515625 129.212493896484375 123.9187469482421875 119.2312469482421875 114.5124969482421875 111.72499847412109375 109.03125 106.9187469482421875 107.99375152587890625 108.8937530517578125 110.3312530517578125 114 116.50624847412109375 119.34999847412109375 122.2312469482421875 125.4562530517578125 129.193756103515625 132.193756103515625 135.100006103515625 137.1750030517578125 139.4187469482421875 140.3687591552734375 140.8000030517578125 140.399993896484375 139.8874969482421875 139.4499969482421875 138.162506103515625 137.5625 135.6750030517578125 130.875 124.4562530517578125 117.13124847412109375
150.181243896484375 151.743743896484375 151.6500091552734375 150.931243896484375 149.4875030517578125 149.09375 148.412506103515625 146.587493896484375 144.5 142.068756103515625 138.90625 136.59375 134.6750030517578125 131.725006103515625 127.52500152587890625 123.4375 119.625 116.1750030517578125 113.5124969482421875 111.52500152587890625 111.3562469482421875 111.30625152587890625 112.41249847412109375 115.30625152587890625 117.875 120.88124847412109375 124.34999847412109375 127.9562530517578125 131.024993896484375 133.8937530517578125 136.381256103515625 139.037506103515625 141.6999969482421875 143.212493896484375 145.1875 145.5437469482421875 145.8937530517578125 147.6437530517578125 147.3874969482421875 148.4812469482421875 149.2937469482421875 143.9250030517578125 135.850006103515625 129.0124969482421875
146.4812469482421875 145.193756103515625 143.90625 143.3625030517578125 142.2624969482421875 141.556243896484375 140.71875 139.78125 138.837493896484375 138.006256103515625 136.7375030517578125 136.2312469482421875 135.8249969482421875 134.3874969482421875 131.350006103515625 127.8625030517578125 124.8000030517578125 121.3249969482421875 118.2937469482421875 115.99375152587890625 114.7624969482421875 114.0124969482421875 114.1999969482421875 116.6750030517578125 119.11875152587890625 122.3625030517578125 126.0124969482421875 129.6437530517578125 133.618743896484375 136.03125 137.8312530517578125 140.4875030517578125 143.5500030517578125 145.787506103515625 148.399993896484375 150.1750030517578125 151.78125 154.0749969482421875 154.375 156.412506103515625 159.0625 153.5 145.2937469482421875 140.225006103515625
148 145.287506103515625 143.100006103515625 141.0625 139.78125 138.506256103515625 138.068756103515625 137.9187469482421875 138.1750030517578125 137.725006103515625 137.875 137.9812469482421875 138.8625030517578125 138.5749969482421875 136.03125 133.568756103515625 130.368743896484375 127.46250152587890625 124.05625152587890625 120.78749847412109375 119.3000030517578125 118.03125 117.2687530517578125 118.91249847412109375 121.36875152587890625 124.8249969482421875 128.34375 131.8000030517578125 135.118743896484375 137.412506103515625 139.681243896484375 142.1437530517578125 145.162506103515625 148.162506103515625 150.881256103515625 153.3312530517578125 155.5625 158.9250030517578125 158.1062469482421875 159.100006103515625 161.4562530517578125 159.3000030517578125 153.6875 150.8249969482421875
149.975006103515625 145.868743896484375 143.149993896484375 139.725006103515625 137.993743896484375 137.6875 137.3125 137.4499969482421875 137.9875030517578125 138.1875 139.443756103515625 140.850006103515625 142.9562530517578125 143.587493896484375 141.21875 139.318756103515625 137.131256103515625 133.625 129.9375 126.59999847412109375 124.06874847412109375 122.15000152587890625 120.7937469482421875 121.86875152587890625 123.9375 126.625 130.100006103515625 133.4875030517578125 136.556243896484375 138.6687469482421875 141.274993896484375 143.7624969482421875 146.875 150.2937469482421875 153.3874969482421875 155.8000030517578125 159.0187530517578125 163.0124969482421875 161.4812469482421875 158.462493896484375 161.3249969482421875 162.631256103515625 161.087493896484375 158.46875
150.681243896484375 145.6687469482421875 141.837493896484375 138.9812469482421875 137.9187469482421875 136.662506103515625 136.3562469482421875 136.774993896484375 137.8249969482421875 138.9250030517578125 140.7375030517578125 143.4375 145.9749908447265625 147.875 147.0625 145.681243896484375 143.3125 139.0749969482421875 135.9187469482421875 132.337493896484375 129.100006103515625 126.38750457763671875 124.4812469482421875 124.8312530517578125 126.49375152587890625 128.4875030517578125 131.7375030517578125 135.1125030517578125 137.9562530517578125 140.350006103515625 142.787506103515625 144.8625030517578125 148.212493896484375 152.2375030517578125 155.068756103515625 158.287506103515625 162.212493896484375 166.4875030517578125 164.149993896484375 162.537506103515625 166.443756103515625 168.9562530517578125 168.2312469482421875 167.212493896484375
151.412506103515625 146.131256103515625 142.368743896484375 139.975006103515625 138.0812530517578125 136.774993896484375 136.0500030517578125 136.024993896484375 137.2312469482421875 139.1999969482421875 143.6750030517578125 146.7062530517578125 150.756256103515625 154.375 153.8874969482421875 152.4187469482421875 149.78125 145.693756103515625 142.0124969482421875 138.3125 134.787506103515625 131.78125 129.3000030517578125 129.5437469482421875 130.4562530517578125 131.8000030517578125 134.6687469482421875 137.412506103515625 140.0749969482421875 142.8312530517578125 144.975006103515625 147.0187530517578125 149.087493896484375 153.0500030517578125 157.087493896484375 161.618743896484375 165.3125 168.350006103515625 167.53125 169.84375 174.15625 176.118743896484375 176.6374969482421875 176.3000030517578125
150.962493896484375 146.2687530517578125 143.2312469482421875 140.975006103515625 138.1750030517578125 136.837493896484375 135.8000030517578125 135.5437469482421875 136.3312530517578125 139.037506103515625 143.462493896484375 149.59375 156.412506103515625 159.912506103515625 160.475006103515625 159.0812530517578125 156.693756103515625 152.6999969482421875 148.0749969482421875 144.6062469482421875 140.774993896484375 137.375 134.6750030517578125 133.7624969482421875 134.4375 135.2312469482421875 137.28125 139.625 142.25 144.6750030517578125 147.1125030517578125 149.3874969482421875 151.943756103515625 154.7062530517578125 159.2312469482421875 163.71875 167.15625 170.3125 171.899993896484375 175.78125 179.350006103515625 181.8249969482421875 184.4562530517578125 185.78125
150.5187530517578125 146.693756103515625 143.3249969482421875 141.225006103515625 138.375 136.806243896484375 135.381256103515625 135.0187530517578125 135.0187530517578125 137.875 143.625 151.837493896484375 160.975006103515625 167.068756103515625 166.649993896484375 165.506256103515625 163.5749969482421875 159.3187408447265625 154.6875 150.34375 146.6374969482421875 142.7375030517578125 139.6999969482421875 138.0187530517578125 138.0187530517578125 138.337493896484375 140.2312469482421875 142.662506103515625 144.9187469482421875 146.84375 148.818756103515625 151.350006103515625 153.837493896484375 157.131256103515625 160.6687469482421875 164.1999969482421875 167.524993896484375 172.3562469482421875 175.118743896484375 178.8874969482421875 182.84375 185.2062530517578125 188.8312530517578125 191.1062469482421875
150.3000030517578125 146.7375030517578125 144.1687469482421875 141.493743896484375 138.8937530517578125 137.431243896484375 135.4375 134.2687530517578125 133.71875 135.6374969482421875 142.4375 152.287506103515625 163.462493896484375 170.587493896484375 171.53125 170.806243896484375 169.037506103515625 165.1875 160.6750030517578125 156.118743896484375 152.46875 148.818756103515625 144.8125 143.100006103515625 142.65625 142.3625030517578125 143.78125 145.975006103515625 147.962493896484375 149.8874969482421875 151.3625030517578125 153.3937530517578125 155.5437469482421875 159 161.375 163.6374969482421875 168.3562469482421875 171.96875 174.71875 177.993743896484375 182.056243896484375 184.7312469482421875 186.28125 189.212493896484375
150.2062530517578125 147.037506103515625 144.6999969482421875 142.3249969482421875 139.912506103515625 138.0437469482421875 135.75 133.8812408447265625 132.350006103515625 132.0187530517578125 140.2687530517578125 154.506256103515625 165.1687469482421875 171.837493896484375 174.618743896484375 175.34375 173.993743896484375 170.5500030517578125 165.806243896484375 161.0124969482421875 157.3000030517578125 153.3874969482421875 149.8937530517578125 147.693756103515625 146.712493896484375 146.34375 147.3874969482421875 149.368743896484375 151.5187530517578125 152.90625 154.2750091552734375 155.212493896484375 157.975006103515625 160.9562530517578125 161.9812469482421875 164.875 168.337493896484375 171.9499969482421875 174.1062469482421875 176.3000030517578125 179.4812469482421875 180.6374969482421875 182.943756103515625 186.337493896484375
149.875 147.212493896484375 145.0124969482421875 142.9875030517578125 141.0500030517578125 139.1687469482421875 137.7062530517578125 135.868743896484375 134.6374969482421875 132.8562469482421875 145.625 160.3312530517578125 168.8249969482421875 175.162506103515625 178.1437530517578125 179.4875030517578125 178.537506103515625 175.125 170.774993896484375 165.7062530517578125 161.556243896484375 156.96875 153.350006103515625 150.931243896484375 150.3125 149.975006103515625 150.5187530517578125 152.375 154.350006103515625 155.712493896484375 156.0124969482421875 157.1750030517578125 159.78125 161.899993896484375 163.368743896484375 164.818756103515625 168.1750030517578125 170.4812469482421875 173.068756103515625 175.25 176 177.8249969482421875 178.8937530517578125 181.1687469482421875
147.75 145.443756103515625 144.1750030517578125 142.7687530517578125 141.306243896484375 140.1750030517578125 139.5 140.100006103515625 141.7437591552734375 148.28125 162.306243896484375 169.1750030517578125 173.625 178.3000030517578125 181.4625091552734375 183.0437469482421875 182.318756103515625 178.8562469482421875 173.8937530517578125 169.368743896484375 164.09375 159.1750030517578125 155.6062469482421875 153.256256103515625 152.0124969482421875 152.162506103515625 153.225006103515625 155.3125 157.006256103515625 158.2062530517578125 159.625 160.65625 162.21875 163.681243896484375 166.0625 168.087493896484375 169.462493896484375 171.337493896484375 173.28125 172.806243896484375 173.712493896484375 174.9875030517578125 175.15625 176.850006103515625
145.65625 143.899993896484375 143.4375 142.899993896484375 141.868743896484375 142.21875 142.381256103515625 144.899993896484375 148.9812469482421875 156.693756103515625 166.1750030517578125 173.4812469482421875 178.568756103515625 182.350006103515625 185.5 186.5500030517578125 186.1875 182.787506103515625 177.4250030517578125 171.975006103515625 166.2624969482421875 160.8125 156.6437530517578125 154.375 154.0749969482421875 154.1374969482421875 155.3312530517578125 157.774993896484375 159.78125 161.2687530517578125 162.40625 164.368743896484375 167.03125 168.1875 170.475006103515625 171.056243896484375 171.037506103515625 171.931243896484375 173.3312530517578125 171.162506103515625 170.6374969482421875 171.71875 171.412506103515625 172.34375
