data/historical-monthly-weather-data/wc2.1_cruts4.09_10m_prec_1992-03.asc
ncols        51
nrows        45
xllcorner    -63.500000000000
yllcorner    -7.500000000000
cellsize     0.166666666667
NODATA_value -9999
[rows 0 to 19 of 45, columns 0 to 44 of 51]
195.40625 192.65625 188.5749969482421875 189.837493896484375 189 187.3125 182.2312469482421875 176.9875030517578125 172.0749969482421875 170.412506103515625 172.1750030517578125 175.287506103515625 178.71875 179.875 182.368743896484375 184.850006103515625 189.6062469482421875 190.868743896484375 194.6875 198.149993896484375 202.3562469482421875 205.556243896484375 209.537506103515625 211.5749969482421875 215.6999969482421875 219.8000030517578125 224.100006103515625 231.649993896484375 238.2687530517578125 241.78125 249.1875 253.9812469482421875 259.85626220703125 267.89373779296875 275.006256103515625 280.08123779296875 283.51873779296875 287.274993896484375 291.287506103515625 293.662506103515625 296.318756103515625 298.987518310546875 300.100006103515625 302.181243896484375 300.943756103515625
204.006256103515625 202.2062530517578125 203.6062469482421875 206.28125 207.9562530517578125 205.625 200.1437530517578125 195.681243896484375 193.21875 191.71875 192.6062469482421875 194.1687469482421875 196.037506103515625 196.774993896484375 198.1687469482421875 200.21875 203.6687469482421875 206.618743896484375 209.6437530517578125 212.8874969482421875 216.337493896484375 219.475006103515625 223.5812530517578125 226.225006103515625 229.40625 233.1999969482421875 236.931243896484375 244.1875 249.693756103515625 253.34375 258.743743896484375 265.46875 270.20623779296875 279.600006103515625 284.92498779296875 290.08123779296875 294.462493896484375 297.5 300.649993896484375 301.881256103515625 304.57501220703125 306.41876220703125 306.837493896484375 307.79998779296875 306.76873779296875
211.318756103515625 211.524993896484375 215.46875 219.9375 222.162506103515625 220.3562469482421875 218.21875 216.6125030517578125 215.162506103515625 214.662506103515625 213.09375 212.4812469482421875 213.2624969482421875 213.368743896484375 214.1687469482421875 216.6437530517578125 219.381256103515625 222.5500030517578125 224.9250030517578125 227.712493896484375 231.274993896484375 234.8937530517578125 237.5812530517578125 240.568756103515625 243.8312530517578125 245.8562469482421875 249.5437469482421875 255.8874969482421875 259.912506103515625 262.70623779296875 268.631256103515625 274.79998779296875 280.5 286.96875 294.92498779296875 297.787506103515625 302.41876220703125 307.337493896484375 309.875 312.23748779296875 314.443756103515625 315.04376220703125 314.54998779296875 313.818756103515625 314.10626220703125
216.4562530517578125 219.5 227.46875 232.9875030517578125 236.693756103515625 235.375 235.162506103515625 236.087493896484375 237.5187530517578125 237.5500030517578125 234.5124969482421875 231.037506103515625 229 227.818756103515625 228.84375 230.9250030517578125 234.9187469482421875 238.6062469482421875 241.3562469482421875 243.618743896484375 247.837493896484375 250.181243896484375 250.96875 253.375 256.149993896484375 257.743743896484375 261 264.399993896484375 267.6875 271.33123779296875 275.399993896484375 283.03125 288.03125 293.85626220703125 300.725006103515625 305.84375 311.20001220703125 316.59375 320.76251220703125 322.631256103515625 323.006256103515625 323.63751220703125 322.681243896484375 320.4375 320.66876220703125
228.1062469482421875 230.475006103515625 236.5 244.3125 249.59375 249.337493896484375 248.9812469482421875 251.618743896484375 256.23748779296875 258.88751220703125 253.931243896484375 247.006256103515625 243.5 243.0749969482421875 243.068756103515625 245.90625 249.5124969482421875 254.306243896484375 256.08123779296875 257.28125 261.587493896484375 262.76873779296875 264.237518310546875 266.693756103515625 268.53125 269.85626220703125 270.662506103515625 272.931243896484375 277.79998779296875 279.131256103515625 284.14373779296875 289.34375 296.212493896484375 302.76251220703125 309.350006103515625 315.181243896484375 320.54376220703125 325.67498779296875 330.73126220703125 331.962493896484375 333.318756103515625 331.70623779296875 329.38751220703125 327.462493896484375 326.28125
239.506256103515625 243.256256103515625 250.9562530517578125 256.037506103515625 258.006256103515625 258.13751220703125 257.84375 259.51873779296875 264.8125 269.26873779296875 261.85626220703125 254.725006103515625 252.818756103515625 251.84375 252.943756103515625 255.943756103515625 260.068756103515625 264.63751220703125 267.65625 268.64373779296875 272.04376220703125 274.381256103515625 276.350006103515625 277.84375 279.337493896484375 281.51873779296875 282.01873779296875 282.59375 284.8125 287.225006103515625 290.82501220703125 296.23748779296875 301.51873779296875 311.08123779296875 319.774993896484375 325.29376220703125 332.868743896484375 338.681243896484375 343.88751220703125 346.618743896484375 345.70001220703125 343.881256103515625 340.90625 337.881256103515625 335.600006103515625
249.493743896484375 253.3937530517578125 260.087493896484375 262.84375 262.35626220703125 260.95001220703125 259.681243896484375 258.09375 257.9375 257.88751220703125 257.318756103515625 255.6999969482421875 256.32501220703125 257.350006103515625 259.82501220703125 263.256256103515625 267.65625 271.23126220703125 273.98126220703125 278.024993896484375 280.92498779296875 284.66876220703125 286.73748779296875 288.462493896484375 290.40625 291.63751220703125 291.875 291.350006103515625 290.85626220703125 291.65625 297.36248779296875 302.125 307.96875 315.98126220703125 325.71875 333.568756103515625 340.96875 347.98126220703125 356.71875 357.95001220703125 353.787506103515625 351.868743896484375 348.48748779296875 345.26873779296875 345.04998779296875
256.04998779296875 259.725006103515625 264.0625 266.625 267.11248779296875 264.53125 258.899993896484375 250.899993896484375 243.8937530517578125 243.506256103515625 249.149993896484375 253.600006103515625 258.40625 262.212493896484375 265.51873779296875 269.61248779296875 272.54998779296875 275.181243896484375 278.725006103515625 283.59375 288.48748779296875 293.162506103515625 296.631256103515625 298.100006103515625 301.65625 301.60626220703125 299.774993896484375 298.20623779296875 295.681243896484375 295.98126220703125 299.70623779296875 306.931243896484375 312.39373779296875 320.662506103515625 330.54998779296875 338.67498779296875 346.975006103515625 354.399993896484375 361.993743896484375 362.54376220703125 359.25 356.899993896484375 353.350006103515625 349.662506103515625 348.45623779296875
261.86248779296875 264.96875 269.26873779296875 271.6875 271.32501220703125 267.84375 261.04376220703125 250.7687530517578125 237.899993896484375 234.3249969482421875 244.4875030517578125 252.912506103515625 260.818756103515625 264.993743896484375 269.318756103515625 274.0625 277.15625 279.693756103515625 284.662506103515625 289.587493896484375 292.524993896484375 299.07501220703125 303.26873779296875 309.725006103515625 313.32501220703125 311.92498779296875 306.912506103515625 302.75 300.837493896484375 299.79376220703125 303.556243896484375 310.4375 316.274993896484375 323.943756103515625 332.756256103515625 342.08123779296875 352.53125 360.068756103515625 367.024993896484375 367.3125 364.368743896484375 361.45623779296875 358.14373779296875 353.943756103515625 349.91876220703125
267.70001220703125 270.21875 273.5625 275.57501220703125 275.89373779296875 272.67498779296875 266.943756103515625 258.087493896484375 248.5625 245.7375030517578125 251.274993896484375 256.6875 264.087493896484375 269.118743896484375 273.381256103515625 278.32501220703125 282.3125 284.774993896484375 288.78125 293.3125 296.67498779296875 304.03125 311.85626220703125 321.662506103515625 323.443756103515625 321.274993896484375 315.274993896484375 309.26873779296875 304.787506103515625 302.162506103515625 304.42498779296875 312.456268310546875 319.66876220703125 328.54376220703125 337.1875 346.07501220703125 355.931243896484375 364.70623779296875 371.818756103515625 373.524993896484375 371.693756103515625 368.96875 362.837493896484375 353.912506103515625 350.28125
273.17498779296875 275.64373779296875 277.850006103515625 279.899993896484375 281.21875 279.54998779296875 275.26251220703125 267.64373779296875 261.48126220703125 259.774993896484375 261.774993896484375 265.61248779296875 270.21875 275.35626220703125 279.41876220703125 283.375 286.88751220703125 289.1875 291.537506103515625 295.41876220703125 301.04998779296875 309.29998779296875 320.79376220703125 329.26251220703125 335.287506103515625 329.875 322.26251220703125 317.21875 310.86248779296875 306.04376220703125 308.53125 314.92498779296875 321.76873779296875 330.631256103515625 339.993743896484375 348.38751220703125 357.71875 366.818756103515625 374.20001220703125 378.07501220703125 376.91876220703125 372.1875 363.568756103515625 353.068756103515625 348.306243896484375
277.225006103515625 279.850006103515625 282.01251220703125 284.850006103515625 285.67498779296875 285.993743896484375 284.21875 278.899993896484375 274.48748779296875 272.36248779296875 272.868743896484375 275.0625 277.82501220703125 281.91876220703125 287.631256103515625 291.32501220703125 292.350006103515625 293.118743896484375 294.78125 297.318756103515625 300.837493896484375 310.29998779296875 324.90625 339.318756103515625 343.3125 332.100006103515625 323.399993896484375 318.45001220703125 315.42498779296875 314.100006103515625 313.4375 317.193756103515625 322.875 330.649993896484375 338.92498779296875 349.387481689453125 360.15625 369.787506103515625 376.306243896484375 381.537506103515625 381.493743896484375 374.5 361.493743896484375 344.48748779296875 335.087493896484375
280.98126220703125 283.26251220703125 285.96875 288.08123779296875 289.881256103515625 291.649993896484375 290.78125 288.100006103515625 284.662506103515625 283.92498779296875 285.3125 286.64373779296875 289.45001220703125 290.806243896484375 295.26873779296875 298.17498779296875 298.21875 298.76873779296875 300.399993896484375 300.63751220703125 300.53125 309.21875 323.006256103515625 334.57501220703125 332.068756103515625 323.568756103515625 322.212493896484375 320.98126220703125 320.41876220703125 320.41876220703125 320.03125 320.29376220703125 323.618743896484375 330.21875 337.850006103515625 347.45001220703125 358.943756103515625 369.587493896484375 377.725006103515625 384.712493896484375 386.76251220703125 377.08123779296875 355.181243896484375 334.16876220703125 320.89373779296875
283.243743896484375 286.0625 288.65625 290.92498779296875 293.70623779296875 294.712493896484375 295.943756103515625 296.48126220703125 296.04376220703125 295.95623779296875 296.90625 298.412506103515625 300.068756103515625 302.54998779296875 302.73748779296875 305.16876220703125 304.625 304 304.46875 305.20001220703125 307.087493896484375 312.662506103515625 320.76873779296875 326.162506103515625 324.41876220703125 321.125 321.850006103515625 322.475006103515625 323.112518310546875 323.893768310546875 325.07501220703125 324.79376220703125 324.681243896484375 327.881256103515625 334.26873779296875 345.131256103515625 358.32501220703125 369.100006103515625 376.75 382.756256103515625 384.01873779296875 368.037506103515625 347.95001220703125 330.63751220703125 319.07501220703125
284.16876220703125 286.04376220703125 289.20623779296875 293.350006103515625 297.100006103515625 298.850006103515625 302.037506103515625 304.66876220703125 304.96875 305.600006103515625 307.60626220703125 309.20001220703125 310.89373779296875 312.725006103515625 310.568756103515625 311.712493896484375 310.556243896484375 310.8125 310.243743896484375 310.41876220703125 312.66876220703125 316 320.17498779296875 323.61248779296875 324.600006103515625 325.46875 326.75 327.86248779296875 329.76251220703125 331.231231689453125 329.67498779296875 327.76873779296875 327.40625 325.65625 328.36248779296875 341.587493896484375 357.181243896484375 369.04376220703125 374.056243896484375 375.21875 369.943756103515625 358.71875 346.76251220703125 331.306243896484375 321.693756103515625
282.706268310546875 285.23126220703125 289.600006103515625 294.5625 299.46875 304.006256103515625 307.625 310.756256103515625 313.774993896484375 316.318756103515625 317.88751220703125 320.5625 322.649993896484375 323.774993896484375 321.54998779296875 319.26873779296875 316.96875 317.08123779296875 316.131256103515625 316.54998779296875 317.181243896484375 318.26251220703125 320.381256103515625 323.100006103515625 324.9375 327.91876220703125 330.66876220703125 333.649993896484375 337.818756103515625 339.20001220703125 338.63751220703125 335.40625 331.537506103515625 328.98748779296875 329.506256103515625 348.73126220703125 362.649993896484375 367.26873779296875 368.46875 368.41876220703125 363.850006103515625 354.943756103515625 344.11248779296875 330.774993896484375 322.07501220703125
281.587493896484375 285.1875 289.36248779296875 295.54376220703125 302.131256103515625 307.631256103515625 313.743743896484375 318.28125 322.037506103515625 325.681243896484375 327.681243896484375 331.506256103515625 334.54376220703125 334.60626220703125 333.3125 329.006256103515625 322.868743896484375 320.850006103515625 320.975006103515625 320.712493896484375 320.3125 320.53125 321.91876220703125 324.41876220703125 327.443756103515625 329.368743896484375 333.39373779296875 338.59375 343.04998779296875 346.58123779296875 347.20623779296875 344.431243896484375 341.26873779296875 342.568756103515625 355.67498779296875 371.25 375.26873779296875 371.70001220703125 367.39373779296875 364.193756103515625 362.41876220703125 353.64373779296875 341.0625 328.36248779296875 321.75
278.806243896484375 283.42498779296875 289.756256103515625 297.71875 305.5 311.86248779296875 318.28125 324.568756103515625 329.587493896484375 333.71875 337.13751220703125 342.73748779296875 344.868743896484375 346.04998779296875 343.67498779296875 337.625 330.818756103515625 321.98748779296875 324.63751220703125 324.04998779296875 324.40625 323.350006103515625 322.6875 324.649993896484375 327.537506103515625 332.04998779296875 335.274993896484375 342.337493896484375 349.48748779296875 353.51251220703125 353.118743896484375 345.118743896484375 344.012481689453125 351.25 370.625 395.600006103515625 387.056243896484375 373.78125 364.475006103515625 360.78125 355.6875 347.537506103515625 337.54998779296875 326.61248779296875 320.01873779296875
275.23748779296875 281.056243896484375 288.38751220703125 297.73126220703125 307.73126220703125 316.381256103515625 324.28125 331.59375 336.850006103515625 341.67498779296875 345.712493896484375 349.125 353.85626220703125 356.67498779296875 351.818756103515625 344.024993896484375 335.46875 325.743743896484375 322.9375 323.08123779296875 324.962493896484375 325.149993896484375 319.28125 321.84375 326.149993896484375 332.037506103515625 337.5625 343.649993896484375 352.0625 358.225006103515625 359.51251220703125 347.787506103515625 340.75 339.318756103515625 351.368743896484375 372.20001220703125 370.83123779296875 364.17498779296875 359.75 354.6875 350.149993896484375 342.243743896484375 334.493743896484375 326.13751220703125 319.78125
269.03125 276.993743896484375 285.6875 296.53125 308.54998779296875 319.76251220703125 329.61248779296875 338.3125 344.28125 348.6875 352.33123779296875 355.381256103515625 361.33123779296875 366.29998779296875 357.912506103515625 344.73126220703125 332.1875 327.337493896484375 322.70623779296875 321.48126220703125 319.78125 316.837493896484375 315.412506103515625 317.34375 321.837493896484375 327.274993896484375 334.037506103515625 342.331268310546875 349.10626220703125 352.51873779296875 350.96875 342.600006103515625 328.068756103515625 314.4375 308.64373779296875 324.53125 343.037506103515625 350.14373779296875 351.806243896484375 350.17498779296875 345.524993896484375 338.83123779296875 333.34375 327.162506103515625 321.712493896484375
