data/historical-monthly-weather-data/wc2.1_cruts4.09_10m_prec_1990-01.asc
ncols        51
nrows        45
xllcorner    -63.500000000000
yllcorner    -7.500000000000
cellsize     0.166666666667
NODATA_value -9999
[rows 20 to 39 of 45, columns 0 to 44 of 51]
225.868743896484375 212.100006103515625 204.350006103515625 198.537506103515625 193.725006103515625 197.1437530517578125 202.212493896484375 206.2062530517578125 212.850006103515625 218.5812530517578125 223.2624969482421875 226.2375030517578125 230.975006103515625 236.3625030517578125 230.193756103515625 216.9375 207.693756103515625 203.587493896484375 204.412506103515625 205.1125030517578125 208.493743896484375 210.868743896484375 212.118743896484375 213.0749969482421875 214.399993896484375 215.96875 216.7062530517578125 217.774993896484375 218.681243896484375 220.6437530517578125 218.0437469482421875 211.368743896484375 197.350006103515625 182.78125 169.9499969482421875 174.7937469482421875 184.806243896484375 189.287506103515625 185.5812530517578125 175.5 162.1125030517578125 150.5 141.568756103515625 134.3312530517578125 129.837493896484375
218.2937469482421875 203.15625 195.1750030517578125 190.024993896484375 186.5749969482421875 190.818756103515625 196.3625030517578125 202.3249969482421875 209.1374969482421875 211.9187469482421875 212.756256103515625 210.1875 209.71875 211.756256103515625 210.600006103515625 205.1687469482421875 201.6875 200.5812530517578125 201.350006103515625 203.024993896484375 204.537506103515625 207.2062530517578125 210.3000030517578125 212.2312469482421875 214.568756103515625 217.475006103515625 220.475006103515625 220.1687469482421875 218.84375 217.9875030517578125 212.9562530517578125 206.1687469482421875 195.9187469482421875 187.524993896484375 181.4562530517578125 185.3249969482421875 195.4875030517578125 201.818756103515625 197.462493896484375 184.837493896484375 169.3000030517578125 156.1999969482421875 145.8874969482421875 137.4187469482421875 131.787506103515625
211.1875 196.037506103515625 186.40625 180.6750030517578125 177.962493896484375 184.03125 190.53125 197.59375 206.0437469482421875 205.6999969482421875 200.9812469482421875 192.8625030517578125 187.743743896484375 189.28125 193.2375030517578125 194.625 194.25 195.5062408447265625 197.25 199.181243896484375 201.412506103515625 203.743743896484375 206.25 208.4812469482421875 212.8312530517578125 218.225006103515625 222.2687530517578125 221.5812530517578125 218.6750030517578125 214.975006103515625 209.1875 203.625 199.443756103515625 195.65625 194.4499969482421875 197.537506103515625 207.412506103515625 218.4812469482421875 211.8562469482421875 193.15625 174.993743896484375 161.131256103515625 148.756256103515625 139.318756103515625 133.0812530517578125
205.337493896484375 190.1125030517578125 178.6374969482421875 172.0437469482421875 169.256256103515625 175.631256103515625 183.5500030517578125 191.2375030517578125 198.4250030517578125 196.5749969482421875 190.243743896484375 181.787506103515625 171.975006103515625 176.118743896484375 183.9812469482421875 188.056243896484375 189.7125091552734375 192.2375030517578125 194.875 197.5250091552734375 198.9499969482421875 200.806243896484375 203.0500030517578125 205.131256103515625 210.631256103515625 216.493743896484375 221.868743896484375 220.8874969482421875 217.90625 215.9562530517578125 212.5437469482421875 209.8000030517578125 207.337493896484375 205.6062469482421875 205.631256103515625 208.0500030517578125 214.725006103515625 222.4812469482421875 214.8312530517578125 196.006256103515625 177.375 162.8249969482421875 150.40625 140.7062530517578125 134.649993896484375
200.787506103515625 186.28125 172.6125030517578125 166.118743896484375 163.6374969482421875 169.5 176.6999969482421875 183.4562530517578125 188.21875 188.0812530517578125 184.1062469482421875 178.40625 173.850006103515625 176.350006103515625 181.09375 185.21875 187.84375 191.6437530517578125 194.2937469482421875 195.7687530517578125 196.75 197.28125 198.693756103515625 200.399993896484375 205.65625 212.9875030517578125 217.5500030517578125 219.7687530517578125 219.006256103515625 220.0500030517578125 219.962493896484375 220.5124969482421875 217.6437530517578125 216.0625 215.587493896484375 214.7312469482421875 216.818756103515625 215.7062530517578125 207.4250030517578125 192.943756103515625 176.1437530517578125 162.5124969482421875 150.7375030517578125 142.0187530517578125 134.662506103515625
199.568756103515625 188 174.318756103515625 165.6750030517578125 159.212493896484375 164.462493896484375 170.837493896484375 175.875 179.7062530517578125 180.6999969482421875 180.006256103515625 178.8937530517578125 178.037506103515625 180.1125030517578125 182.4187469482421875 185.34375 188.2375030517578125 192.28125 195.0124969482421875 195.881256103515625 196.556243896484375 194.931243896484375 194.7937469482421875 194.75 200.8125 209.65625 216.59375 220.118743896484375 222.125 223.84375 228 231.21875 229.1750030517578125 225.625 223.681243896484375 219.693756103515625 216.6750030517578125 210.7937469482421875 201.493743896484375 188.34375 173.6374969482421875 160.806243896484375 149.1437530517578125 141.1999969482421875 135.4812469482421875
192.193756103515625 180.3249969482421875 170.34375 162.2937469482421875 155.6875 160.46875 166.59375 170.6374969482421875 174.443756103515625 177.649993896484375 179.556243896484375 181.6062469482421875 183.7312469482421875 186.9375 188.287506103515625 190.5124969482421875 192.931243896484375 196.6437530517578125 199.8000030517578125 199.649993896484375 198.631256103515625 197.475006103515625 194.6437530517578125 193.431243896484375 201.537506103515625 210.4187469482421875 217.5500030517578125 222.381256103515625 226.1125030517578125 229.725006103515625 235.7312469482421875 239.9562530517578125 238.40625 233.537506103515625 228.4187469482421875 223.037506103515625 217.40625 208.6875 197.7937469482421875 185.6437530517578125 171.6374969482421875 158.7062530517578125 147.65625 140.337493896484375 138.912506103515625
184.3625030517578125 170.568756103515625 163.818756103515625 158.0124969482421875 153.2687530517578125 157.399993896484375 162.8125 166.850006103515625 171.475006103515625 175.4499969482421875 179.162506103515625 183.962493896484375 188.25 192.837493896484375 194.256256103515625 196.2062530517578125 198.181243896484375 203.256256103515625 204.96875 205.53125 205.725006103515625 203.506256103515625 203.806243896484375 203.3312530517578125 208.59375 215.443756103515625 221.774993896484375 226.225006103515625 230.6374969482421875 236.318756103515625 241.818756103515625 246.09375 243.4812469482421875 237.21875 231.225006103515625 224.681243896484375 216.8874969482421875 207.8125 197.3125 184.6750030517578125 171.725006103515625 159.3625030517578125 147.631256103515625 141.1999969482421875 146.181243896484375
175.9499969482421875 161.287506103515625 156.787506103515625 154.125 151.6437530517578125 155.399993896484375 159.399993896484375 164.068756103515625 168.8874969482421875 173.9562530517578125 179.3562469482421875 185.818756103515625 192.28125 199.5124969482421875 201.631256103515625 204.15625 207.868743896484375 211.6687469482421875 213.868743896484375 214.46875 214.368743896484375 212.96875 213.975006103515625 214.412506103515625 217.7375030517578125 222.4562530517578125 227.9187469482421875 232.0812530517578125 237.0625 242.6687469482421875 247.1437530517578125 250.5500030517578125 246.806243896484375 240.7312469482421875 234.337493896484375 226.4812469482421875 218.649993896484375 209.100006103515625 198.962493896484375 186.462493896484375 172.5749969482421875 161.0812530517578125 151.9250030517578125 149.2624969482421875 155.350006103515625
175.475006103515625 160.9250030517578125 158.2062530517578125 157.193756103515625 155.21875 157.25 159.7375030517578125 163.693756103515625 168.712493896484375 173.9499969482421875 180.65625 189.2687530517578125 197.818756103515625 206.568756103515625 210.806243896484375 214.2062530517578125 218.0124969482421875 222.625 225.96875 225.631256103515625 225.193756103515625 225.4875030517578125 226.056243896484375 225.931243896484375 228.5437469482421875 232.40625 236.537506103515625 239.931243896484375 244.3312530517578125 248.443756103515625 252.631256103515625 255.118743896484375 250.131256103515625 244.6437530517578125 237.7937469482421875 229.9499969482421875 221.4875030517578125 213.125 203.0562591552734375 191.84375 180.3562469482421875 171.3562469482421875 164.712493896484375 162.9187469482421875 164.7062530517578125
174.75 160.7687530517578125 158 157.90625 157.3312530517578125 157.462493896484375 159.556243896484375 162.5625 167.9812469482421875 174.337493896484375 182.350006103515625 192.5187530517578125 203.024993896484375 212.75 218.9562530517578125 223.774993896484375 229.28125 234.662506103515625 238.1437530517578125 237.9250030517578125 236.975006103515625 236.7375030517578125 238.2375030517578125 237.59375 238.8249969482421875 242.806243896484375 246.212493896484375 248.75 252.943756103515625 255.34375 258.375 260.006256103515625 254.3000030517578125 248.4250030517578125 241.506256103515625 233.6750030517578125 225.037506103515625 217.6062469482421875 209.100006103515625 199.0437469482421875 189.71875 182.8312530517578125 177.912506103515625 174.6750030517578125 175.568756103515625
173.8874969482421875 160.2375030517578125 157.537506103515625 156.931243896484375 155.7937469482421875 156.59375 159.3125 161.618743896484375 167.5500030517578125 174.600006103515625 183.337493896484375 194.84375 207.09375 219.2937469482421875 227.337493896484375 233.5625 238.9812469482421875 243.9250030517578125 246.243743896484375 247.0875091552734375 246.2312469482421875 246.3562469482421875 248.475006103515625 247.587493896484375 249.556243896484375 252.5749969482421875 254.7624969482421875 257.399993896484375 259.931243896484375 262.38751220703125 264.17498779296875 264.681243896484375 258.943756103515625 252.850006103515625 245.96875 237.625 230.3562469482421875 221.8562469482421875 213.493743896484375 205.3625030517578125 199.556243896484375 194.756256103515625 191.306243896484375 190.3125 191.4499969482421875
181.8874969482421875 169.7312469482421875 166.84375 165.1125030517578125 162.4499969482421875 162.7062530517578125 163.850006103515625 165.556243896484375 170.056243896484375 177.6687469482421875 187.5812530517578125 200.0812530517578125 214.7687530517578125 229.4499969482421875 237.931243896484375 244.774993896484375 250.3125 253.412506103515625 254.8000030517578125 255.899993896484375 255.537506103515625 255.8562469482421875 257.350006103515625 258.056243896484375 259.51251220703125 262.48126220703125 264.274993896484375 265.243743896484375 267.53125 270.524993896484375 271.193756103515625 269.91876220703125 264.60626220703125 259.11248779296875 251.8000030517578125 244.162506103515625 236.3937530517578125 228.15625 219.9250030517578125 215.3937530517578125 210.7312469482421875 207.7687530517578125 206.462493896484375 207.65625 213.037506103515625
190.75 180.368743896484375 176.6875 173.8874969482421875 169.681243896484375 169.1437530517578125 169.399993896484375 169.7624969482421875 173.53125 179.681243896484375 189.681243896484375 205.600006103515625 223.0749969482421875 238.65625 248.2375030517578125 255.381256103515625 262.17498779296875 264.8125 264.462493896484375 264.162506103515625 264.21875 264.931243896484375 266.475006103515625 266.9375 268.399993896484375 270.57501220703125 271.8125 273.65625 276.60626220703125 277.6875 278.41876220703125 276.85626220703125 271.10626220703125 266.03125 259.024993896484375 251.118743896484375 242.631256103515625 233.475006103515625 227.7937469482421875 224.21875 220.243743896484375 219.256256103515625 220.037506103515625 222.9187469482421875 229.774993896484375
201.0124969482421875 191.5437469482421875 187.193756103515625 182.75 178.0500030517578125 176.649993896484375 175.0625 174.118743896484375 175.4250030517578125 181.243743896484375 192.756256103515625 211.125 232.6875 250.837493896484375 260.66876220703125 267.350006103515625 273.693756103515625 274.618743896484375 273.53125 271.21875 272 272.899993896484375 274.462493896484375 274.600006103515625 276.20001220703125 277.07501220703125 279.26251220703125 281.91876220703125 284.75 284.625 284.70623779296875 283.787506103515625 278.506256103515625 272.524993896484375 265.34375 257.09375 247.618743896484375 240.5250091552734375 235.8125 231.8125 228.8125 228.1125030517578125 229.931243896484375 233.0187530517578125 238.5500030517578125
215.25 206.2624969482421875 201.587493896484375 196.7312469482421875 191.7375030517578125 188.3125 185.5500030517578125 182.28125 181.412506103515625 185.368743896484375 197.931243896484375 219.78125 243.9875030517578125 263.26251220703125 273.51251220703125 280.28125 285.04998779296875 284.73748779296875 282.45623779296875 279.149993896484375 278.63751220703125 279.6875 280.21875 279.725006103515625 280.993743896484375 282.899993896484375 285.07501220703125 288.206268310546875 291.65625 291.26873779296875 291.737518310546875 290.46875 286.412506103515625 281.118743896484375 274.068756103515625 264.95623779296875 257.85626220703125 249.993743896484375 243.7624969482421875 239.693756103515625 236.8125 236.5062408447265625 237.46875 240.2375030517578125 243.9562530517578125
230.15625 221.9375 216.53125 211.5437469482421875 206.2624969482421875 201.9562530517578125 198.4499969482421875 193.1999969482421875 188.943756103515625 187.6374969482421875 203.631256103515625 233.3125 258 274.443756103515625 285.256256103515625 292.34375 296.556243896484375 294.95623779296875 291.36248779296875 286.618743896484375 285.64373779296875 284.556243896484375 284.70623779296875 284.131256103515625 285.681243896484375 288.28125 290.981231689453125 295.131256103515625 298.83123779296875 298.73126220703125 298.79376220703125 297.57501220703125 294.618743896484375 290.21875 283.524993896484375 274.975006103515625 266.943756103515625 258.21875 252.1125030517578125 246.8125 242.21875 241.5437469482421875 243.09375 244.9562530517578125 247.506256103515625
244.693756103515625 237.068756103515625 231.475006103515625 226.8874969482421875 221.9562530517578125 218.09375 213.6687469482421875 208.2312469482421875 203.9375 200.1999969482421875 227.59375 258.399993896484375 276.524993896484375 288.53125 298.23126220703125 304.51251220703125 307.306243896484375 305.34375 301.1875 295.381256103515625 292.35626220703125 289.212493896484375 287.850006103515625 287.431243896484375 289.16876220703125 292.631256103515625 295.399993896484375 299.96875 304.46875 305.38751220703125 304.95623779296875 302.90625 300.625 297.53125 291.4375 283.16876220703125 273.85626220703125 265.40625 259.16876220703125 252.868743896484375 246.9812469482421875 246.5437469482421875 246.524993896484375 246.462493896484375 249.3249969482421875
257.975006103515625 249.0187530517578125 244.2312469482421875 239.8874969482421875 235.7687530517578125 232.600006103515625 229.1062469482421875 227.868743896484375 232.068756103515625 247.3125 280.84375 291.9375 298.568756103515625 305.95001220703125 312.774993896484375 316.556243896484375 318.51873779296875 314.375 308.475006103515625 301.85626220703125 295.537506103515625 290.84375 288.60626220703125 288.33123779296875 289.95623779296875 293.462493896484375 297.375 302.75 308.331268310546875 310.9375 310.85626220703125 309.068756103515625 306.149993896484375 301.625 298.04376220703125 289.82501220703125 279.962493896484375 271.681243896484375 264.36248779296875 256.46875 250.337493896484375 248.7937469482421875 247.6062469482421875 248.0749969482421875 250.587493896484375
271.54998779296875 262.681243896484375 257.51873779296875 252.5500030517578125 250.28125 248.943756103515625 248.0124969482421875 251.34375 261.212493896484375 278.756256103515625 299.45623779296875 312.45623779296875 318.48126220703125 323.88751220703125 327.681243896484375 330.03125 330.20001220703125 325.068756103515625 316.28125 307.40625 296.90625 290.962493896484375 287.71875 287.41876220703125 289.88751220703125 293.46875 298.443756103515625 305.23748779296875 311.231231689453125 314.131256103515625 314.375 314.73748779296875 313.23748779296875 308.625 302.71875 294.48748779296875 284.82501220703125 276.0625 267.931243896484375 259.21875 252.90625 250.600006103515625 248.3000030517578125 247.9250030517578125 250.4937591552734375
