data/historical-monthly-weather-data/wc2.1_cruts4.09_10m_prec_1985-03.asc
ncols        45
nrows        45
xllcorner    -63.500000000000
yllcorner    -7.500000000000
cellsize     0.166666666667
NODATA_value -9999
[rows 0 to 19 of 45, columns 0 to 43 of 45]
151.2375030517578125 149.568756103515625 144.96875 144.15625 141.8000030517578125 139.15625 134.0749969482421875 129.0437469482421875 125.0812530517578125 123.56874847412109375 124.7687530517578125 128.1999969482421875 132.100006103515625 134.556243896484375 139.3249969482421875 144.3625030517578125 151.212493896484375 155.1999969482421875 161.2624969482421875 166.837493896484375 171.493743896484375 175.037506103515625 179.4375 183.0187530517578125 188.59375 194.412506103515625 201.6437530517578125 212.1999969482421875 221.375 223.1750030517578125 227.7062530517578125 229.868743896484375 233.5 239.1125030517578125 244.2375030517578125 250.28125 255.399993896484375 261.256256103515625 269.375 276.51873779296875 284.09375 291.725006103515625 297.96875 305.23126220703125
160.225006103515625 159.2062530517578125 158.6750030517578125 158.7624969482421875 158.1062469482421875 154.912506103515625 149.475006103515625 144.96875 142.65625 141.162506103515625 141.6437530517578125 144.024993896484375 146.84375 149.0437469482421875 153.0500030517578125 157.8125 163.8874969482421875 170.537506103515625 177.4875030517578125 184.3125 188.743743896484375 192.462493896484375 197.100006103515625 200.6062469482421875 204.618743896484375 209.4375 215.4499969482421875 225.006256103515625 232.4562530517578125 234.375 237.181243896484375 241.1875 244.0749969482421875 251.2062530517578125 255.1875 262.587493896484375 270.056243896484375 276.73748779296875 285.09375 292.0625 300.51873779296875 307.63751220703125 313.29998779296875 319.537506103515625
171.131256103515625 171.5749969482421875 172.7062530517578125 173.7624969482421875 173.125 170.1999969482421875 167.131256103515625 164.618743896484375 162.9562530517578125 162.131256103515625 160.7062530517578125 161.375 163.318756103515625 164.96875 168.524993896484375 173.662506103515625 179.1687469482421875 185.6125030517578125 191.5749969482421875 197.5562591552734375 201.818756103515625 205.725006103515625 208.912506103515625 212.618743896484375 216.681243896484375 219.8000030517578125 225.475006103515625 233.84375 239.556243896484375 240.381256103515625 243.34375 246.65625 250.90625 256.01873779296875 263.10626220703125 269.51251220703125 278.381256103515625 287.95001220703125 296.48748779296875 305.21875 313.875 320.09375 325.100006103515625 329.78125
181.0749969482421875 183.7062530517578125 187.7624969482421875 189.1999969482421875 189.274993896484375 186.4812469482421875 184.806243896484375 184.1374969482421875 184.6062469482421875 184.1125030517578125 181.4875030517578125 179.7687530517578125 179.3562469482421875 179.84375 183.5500030517578125 188.3937530517578125 194.8125 200.90625 206.2624969482421875 210.90625 215.34375 217.806243896484375 219.0187530517578125 222.225006103515625 225.912506103515625 228.6875 233.725006103515625 239.0749969482421875 243.7312469482421875 245 245.912506103515625 250.25 254.4499969482421875 259.78125 266.70623779296875 276.16876220703125 286.86248779296875 298.08123779296875 308.89373779296875 317.83123779296875 325.306243896484375 331.89373779296875 336.70623779296875 340.024993896484375
196.850006103515625 198.7312469482421875 200.6999969482421875 203.5749969482421875 204.4187469482421875 202.318756103515625 200.3625030517578125 200.943756103515625 203.912506103515625 205.4250030517578125 201.100006103515625 196.431243896484375 194.6687469482421875 195.587493896484375 198.350006103515625 203.743743896484375 209.6875 215.8249969482421875 219.306243896484375 222.0812530517578125 226.1437530517578125 227.28125 228.806243896484375 232.037506103515625 234.8937530517578125 237.412506103515625 239.9812469482421875 243.9812469482421875 249.756256103515625 248.6687469482421875 250.1125030517578125 252.1125030517578125 258.537506103515625 265.26873779296875 272.79376220703125 283.943756103515625 295.837493896484375 307.98748779296875 320.368743896484375 329.331268310546875 338.431243896484375 343.04376220703125 346.675018310546875 350.431243896484375
212.3312530517578125 214.8562469482421875 217.8625030517578125 217.962493896484375 215.631256103515625 213.4562530517578125 211.225006103515625 210.7624969482421875 214.1875 217.1062469482421875 210.6687469482421875 205.6437530517578125 205.0187530517578125 205.3625030517578125 208.600006103515625 213.6687469482421875 219.537506103515625 224.587493896484375 228.1687469482421875 229.9250030517578125 232.943756103515625 234.96875 236.7937469482421875 238.962493896484375 241.287506103515625 244.274993896484375 246.3937530517578125 248.6999969482421875 251.931243896484375 252.03125 252.537506103515625 255.087493896484375 260.76873779296875 270.82501220703125 280.9375 292.60626220703125 307.375 321 334 344.89373779296875 352.100006103515625 356.51251220703125 359.475006103515625 361.962493896484375
226.8937530517578125 228.943756103515625 230.631256103515625 228.3125 223.5124969482421875 219.6750030517578125 216.2687530517578125 212.84375 211.7624969482421875 210.962493896484375 209.9375 209.2624969482421875 210.600006103515625 212.40625 216.25 221.125 226.587493896484375 229.90625 232.256256103515625 235.7062530517578125 238.1062469482421875 241.212493896484375 243.006256103515625 245.1062469482421875 247.475006103515625 249.381256103515625 251.056243896484375 252.2312469482421875 252.943756103515625 251.993743896484375 254.78125 257.20623779296875 264.024993896484375 273.45623779296875 285.23126220703125 299.64373779296875 314.956268310546875 330.40625 347.181243896484375 356.95001220703125 361.13751220703125 365.39373779296875 367.70623779296875 369.79376220703125
238.399993896484375 239.5625 238.8312530517578125 236.03125 231.712493896484375 226.5124969482421875 219.0812530517578125 209.9875030517578125 203.118743896484375 202.006256103515625 206.087493896484375 210.28125 214.9875030517578125 218.9375 222.931243896484375 227.662506103515625 231.1875 232.8000030517578125 234.899993896484375 238.212493896484375 242.0625 245.837493896484375 248.649993896484375 250.243743896484375 253.681243896484375 254.2062530517578125 253.9250030517578125 253.993743896484375 252.8562469482421875 251.875 253.3937530517578125 258.431243896484375 265.53125 275.79998779296875 288.337493896484375 303.600006103515625 320.3125 336.76251220703125 352.712493896484375 362.006256103515625 367.23748779296875 370.899993896484375 372.83123779296875 374.20623779296875
247.475006103515625 247.53125 246.7375030517578125 243.8937530517578125 238.837493896484375 232.625 223.9250030517578125 212.6687469482421875 200.725006103515625 196.899993896484375 204.78125 212.1999969482421875 219.431243896484375 223.4499969482421875 227.337493896484375 231.493743896484375 234.118743896484375 235.243743896484375 238.21875 241.21875 243.193756103515625 248.274993896484375 251.4499969482421875 257.056243896484375 260.36248779296875 259.649993896484375 256.58123779296875 254.3125 253.6125030517578125 251.868743896484375 253.8312530517578125 258.9375 266.54998779296875 276.48126220703125 288.256256103515625 304.70001220703125 323.54376220703125 340.3125 355.962493896484375 365.337493896484375 371.21875 374.17498779296875 376.20623779296875 376.806243896484375
256.381256103515625 255.3000030517578125 253.6687469482421875 250.59375 246.212493896484375 240.0500030517578125 232.0124969482421875 221.681243896484375 212.3562469482421875 209.037506103515625 213.0124969482421875 217.8625030517578125 224.587493896484375 229.125 231.881256103515625 234.9812469482421875 237.256256103515625 237.962493896484375 239.881256103515625 242.3249969482421875 244.3937530517578125 249.84375 255.75 263.92498779296875 265.631256103515625 264.193756103515625 260.20001220703125 256.26251220703125 253.3562469482421875 250.693756103515625 251.850006103515625 258.25 267.20001220703125 278.225006103515625 289.962493896484375 306.14373779296875 324.5625 342.59375 358.64373779296875 369.79998779296875 377.15625 380.23126220703125 379.149993896484375 374.58123779296875
264.875 263.193756103515625 260.537506103515625 257.61248779296875 254.1999969482421875 249.225006103515625 242.1875 232.6374969482421875 226.024993896484375 223.5749969482421875 224.4499969482421875 227.8249969482421875 231.9875030517578125 236.34375 237.962493896484375 239.1374969482421875 239.9875030517578125 240.2375030517578125 240.587493896484375 242.256256103515625 245.943756103515625 251.8249969482421875 260.368743896484375 267.274993896484375 272.3125 268.125 262.70623779296875 259.42498779296875 254.9187469482421875 250.7937469482421875 252.59375 257.98748779296875 266.693756103515625 277.756256103515625 290.13751220703125 305.88751220703125 323.82501220703125 342.10626220703125 358.65625 372.306243896484375 380.66876220703125 381.568756103515625 377.71875 371.25
271.09375 269.287506103515625 266.5625 264.368743896484375 260.48126220703125 257.225006103515625 252.29998779296875 244.600006103515625 239.4375 236.5500030517578125 236.024993896484375 237.350006103515625 239.25 242.0187530517578125 244.8125 245.600006103515625 244.1999969482421875 243.056243896484375 242.7624969482421875 243.193756103515625 244.9187469482421875 251.5 262.29998779296875 273.73748779296875 276.918731689453125 267.89373779296875 261.306243896484375 257.806243896484375 255.78125 254.78125 254.256256103515625 257.756256103515625 265.3125 275.20623779296875 286.29998779296875 303.28125 321.875 340.15625 356.29376220703125 371.82501220703125 381.88751220703125 380.34375 371.693756103515625 358.21875
276.912506103515625 274.53125 272.287506103515625 269.40625 266.42498779296875 264.45623779296875 260.26251220703125 254.774993896484375 250.4250030517578125 248.7062530517578125 248.8312530517578125 248.6875 249.725006103515625 249.40625 250.9875030517578125 251.100006103515625 248.84375 247.443756103515625 247 245.475006103515625 244.0124969482421875 249.693756103515625 259.54998779296875 268.45001220703125 266.20623779296875 259.16876220703125 258.1875 257.34375 257.04998779296875 257.34375 257.33123779296875 258.21875 263.66876220703125 272.256256103515625 282.4375 298.037506103515625 316.48126220703125 335.024993896484375 352.975006103515625 370.79998779296875 383.537506103515625 379.131256103515625 361.20623779296875 343.381256103515625
281.10626220703125 278.993743896484375 276.59375 273.82501220703125 271.70623779296875 269 266.65625 264 262.23126220703125 261.07501220703125 260.681243896484375 259.943756103515625 259.149993896484375 259.03125 256.850006103515625 256.54998779296875 253.787506103515625 251.34375 249.868743896484375 248.625 248.5437469482421875 251.431243896484375 256.46875 260.20001220703125 258.368743896484375 255.368743896484375 255.75 256.100006103515625 256.556243896484375 257.64373779296875 259.16876220703125 259.79998779296875 262.274993896484375 267.78125 276.51251220703125 292.48126220703125 311.568756103515625 329.524993896484375 346.78125 363.524993896484375 375.462493896484375 364.943756103515625 349.10626220703125 335.3125
282.95001220703125 279.48126220703125 277.29376220703125 276 274.48748779296875 272.375 271.79998779296875 270.975006103515625 269.8125 269.225006103515625 269.65625 268.57501220703125 267.34375 266.274993896484375 262.068756103515625 260.70623779296875 257.462493896484375 255.681243896484375 253.28125 251.493743896484375 251.493743896484375 252.3874969482421875 254.0500030517578125 256.20001220703125 256.5625 256.86248779296875 257.625 258.25 259.64373779296875 261.375 260.82501220703125 260.23126220703125 262.256256103515625 263.34375 268.60626220703125 285.51873779296875 305.506256103515625 322.931243896484375 334.743743896484375 343.38751220703125 346.149993896484375 342.51873779296875 337.881256103515625 328.912506103515625
282.21875 278.975006103515625 277.58123779296875 276.712493896484375 275.931243896484375 276.33123779296875 276.07501220703125 275.65625 276.84375 277.881256103515625 277.86248779296875 277.33123779296875 276.037506103515625 273.993743896484375 269.681243896484375 265.48126220703125 261.337493896484375 259.375 256.587493896484375 254.912506103515625 253.4375 252.3125 252.1875 253.756256103515625 254.8125 256.78125 258.66876220703125 260.75 263.881256103515625 265.59375 265.931243896484375 264.350006103515625 263.29998779296875 263.45623779296875 266.475006103515625 287.412506103515625 304.96875 314.79376220703125 319.95623779296875 323.774993896484375 324.29998779296875 325.20001220703125 324.90625 321.068756103515625
281.625 278.912506103515625 276.98126220703125 276.899993896484375 277.32501220703125 278.506256103515625 280.443756103515625 281.23126220703125 283.006256103515625 285.006256103515625 285.25 285.399993896484375 284.537506103515625 281.274993896484375 277.70623779296875 271.806243896484375 264.475006103515625 260.662506103515625 258.61248779296875 256.26251220703125 253.8000030517578125 251.806243896484375 250.96875 252.399993896484375 254.462493896484375 255.6999969482421875 258.59375 262.412506103515625 265.774993896484375 269.306243896484375 270.70623779296875 269.587493896484375 268.84375 271.756256103515625 284.462493896484375 301.79376220703125 310.4375 312.36248779296875 310.368743896484375 308.73748779296875 309.625 312.350006103515625 312.76873779296875 311.76251220703125
278.09375 275.63751220703125 275.287506103515625 276.36248779296875 277.368743896484375 279.149993896484375 281.17498779296875 283.32501220703125 286.32501220703125 288.86248779296875 290.45623779296875 292.08123779296875 290.41876220703125 288.03125 283.26251220703125 275.662506103515625 267.54376220703125 257.79998779296875 257.29376220703125 254.287506103515625 252.25 249.193756103515625 246.6999969482421875 248.100006103515625 250.493743896484375 254.149993896484375 256.850006103515625 262.46875 268.29998779296875 272.600006103515625 273.60626220703125 268.71875 269.212493896484375 276.274993896484375 293.40625 317.76251220703125 315.84375 309.5 304.006256103515625 302.756256103515625 301.28125 303.23126220703125 304.45623779296875 303.86248779296875
273.61248779296875 271.54998779296875 271.649993896484375 273.506256103515625 276.04998779296875 279.600006103515625 282.71875 285.587493896484375 288.875 292.15625 294.42498779296875 294.225006103515625 294.79376220703125 293.76251220703125 286.681243896484375 277.38751220703125 267.556243896484375 256.681243896484375 251.375 248.462493896484375 247.4812469482421875 245.2937469482421875 238.899993896484375 241.1875 245.1437530517578125 250.3312530517578125 255.225006103515625 260.524993896484375 267.79376220703125 274.125 276.90625 269.51251220703125 264.993743896484375 264.70001220703125 275.368743896484375 295.54376220703125 298.66876220703125 297.375 296.95001220703125 295.868743896484375 295.73126220703125 296.256256103515625 297.381256103515625 297.46875
266.40625 265.787506103515625 266.681243896484375 269.45001220703125 273.29376220703125 278.88751220703125 283.506256103515625 287.412506103515625 291.375 294.41876220703125 296.493743896484375 296.068756103515625 297.712493896484375 298.431243896484375 288.225006103515625 274.34375 261.14373779296875 253.71875 246.5437469482421875 242.162506103515625 238.375 233.8125 230.8249969482421875 233.037506103515625 237.5625 242.850006103515625 249.1125030517578125 256.537506103515625 263.024993896484375 267.70001220703125 268.76251220703125 264.29998779296875 253.6125030517578125 243.381256103515625 239.5500030517578125 254.8000030517578125 272.806243896484375 282.07501220703125 287.42498779296875 290.16876220703125 290.649993896484375 290.79376220703125 292.13751220703125 292.774993896484375
