data/historical-monthly-weather-data/wc2.1_cruts4.09_10m_prec_2014-09.asc
ncols        51
nrows        45
xllcorner    -63.500000000000
yllcorner    -7.500000000000
cellsize     0.166666666667
NODATA_value -9999
[rows 19 to 37 of 45, columns 0 to 43 of 51]
49.63124847412109375 46.625 44.34999847412109375 42.674999237060546875 41.325000762939453125 41.637500762939453125 41.71875 41.72499847412109375 43.506252288818359375 44.74375152587890625 45.68125152587890625 47.0625 47.84375 48.36875152587890625 49.674999237060546875 51.456249237060546875 52.09999847412109375 55.143749237060546875 57.081249237060546875 60.99375152587890625 60.606250762939453125 60.71250152587890625 62.83750152587890625 60.34375 55.88124847412109375 49.768749237060546875 43.94374847412109375 38.58750152587890625 32.268749237060546875 27.200000762939453125 23.587499618530273438 23.28125 23.399999618530273438 24.024999618530273438 23.799999237060546875 22.137500762939453125 20.412500381469726562 19.018749237060546875 17.881250381469726562 16.274999618530273438 14.256250381469726562 12.418749809265136719 11.831250190734863281 11.893750190734863281
46.931247711181640625 44.55625152587890625 42.86875152587890625 41.418750762939453125 40.143749237060546875 40.231250762939453125 40.637500762939453125 40.96250152587890625 42.981250762939453125 44.59999847412109375 45.575000762939453125 47.40625 48.22499847412109375 48.206249237060546875 49.86875152587890625 50.637500762939453125 51.362499237060546875 53.08750152587890625 56.8125 59.012500762939453125 61.1875 63.50624847412109375 65.0187530517578125 62.53749847412109375 58.956249237060546875 53.44374847412109375 47.06874847412109375 40.668750762939453125 34.94374847412109375 31.53125 28.693750381469726562 27.668750762939453125 27.6875 28.40625 29.193750381469726562 26.174999237060546875 22.331249237060546875 19.71875 17.881250381469726562 16.21875 14.65625 13.34375 12.643750190734863281 12.537499427795410156
45.018749237060546875 42.31874847412109375 40.86875152587890625 39.65000152587890625 38.93125152587890625 39.46250152587890625 39.918750762939453125 40.75 42.84375 44.65625 45.924999237060546875 48.11875152587890625 49.84999847412109375 50.46250152587890625 51.956249237060546875 52.262500762939453125 53.0625 54.706249237060546875 58.25 60.668750762939453125 61.362499237060546875 63.83750152587890625 65.8312530517578125 63.375 59.46875 54.86875152587890625 50.331249237060546875 44.268749237060546875 39.56874847412109375 36.375 33.418750762939453125 31.4375 30.818750381469726562 30.662500381469726562 29.1875 26.518749237060546875 22.831249237060546875 20.143749237060546875 18.137500762939453125 16.606250762939453125 15.356249809265136719 14.443750381469726562 13.981249809265136719 13.787500381469726562
43.481250762939453125 41.4375 39.75624847412109375 38.700000762939453125 37.987499237060546875 38.625 39.52500152587890625 40.61875152587890625 43.168750762939453125 44.875 46.981250762939453125 49.731250762939453125 52.706249237060546875 53.99375152587890625 54.450000762939453125 54.63124847412109375 54.84375 56.9375 59.41249847412109375 61.856250762939453125 63.137500762939453125 65.6750030517578125 67.31874847412109375 63.981250762939453125 60.78125 56.581249237060546875 52.09375 47.918750762939453125 43.3125 39.793750762939453125 37.137500762939453125 35.081249237060546875 33.34999847412109375 31.537500381469726562 28.768749237060546875 25.431249618530273438 22.487499237060546875 19.987499237060546875 18.268749237060546875 17.21875 16.450000762939453125 15.6875 15.199999809265136719 14.975000381469726562
43.206249237060546875 40.93125152587890625 39.518749237060546875 38.174999237060546875 37.137500762939453125 38.299999237060546875 39.487499237060546875 40.68125152587890625 43.1875 45.200000762939453125 47.27500152587890625 51.15625 55.47499847412109375 56.762500762939453125 56.75624847412109375 56.68125152587890625 57.06874847412109375 59.21875 61.799999237060546875 63.86875152587890625 65.49375152587890625 67.5124969482421875 69.8249969482421875 66.8874969482421875 63.33750152587890625 58.81874847412109375 54.44374847412109375 50.450000762939453125 47.137500762939453125 43.96875 41.09375 38.856250762939453125 35.94374847412109375 32.9375 29.5 25.59375 22.756250381469726562 20.568750381469726562 19.0625 18.331249237060546875 17.5625 16.9375 16.668750762939453125 16.5625
43.56874847412109375 41.24375152587890625 39.450000762939453125 37.83750152587890625 37.6875 38.65625 39.74375152587890625 41.00624847412109375 43.325000762939453125 45.63124847412109375 47.97499847412109375 51.231250762939453125 54.69374847412109375 56.68125152587890625 57.71250152587890625 58.075000762939453125 58.9375 60.90000152587890625 63.293750762939453125 65.92499542236328125 68.0749969482421875 70.0812530517578125 73.18125152587890625 70.53749847412109375 65.90625 62.40000152587890625 58.125 54.356250762939453125 51.05625152587890625 48.19374847412109375 45.11875152587890625 42.331249237060546875 39.11875152587890625 35.206249237060546875 30.90625 26.993749618530273438 24.25 21.893749237060546875 20.356250762939453125 19.475000381469726562 18.674999237060546875 18.337499618530273438 18.212499618530273438 18.618749618530273438
44.66249847412109375 42.956249237060546875 40.46875 39.018749237060546875 38.06874847412109375 38.887500762939453125 40.15000152587890625 41.34375 43.518749237060546875 45.94374847412109375 47.78125 50.918750762939453125 53.856250762939453125 55.78125 57.643749237060546875 58.893749237060546875 59.981250762939453125 62.481250762939453125 64.9375 67.5500030517578125 70.0437469482421875 72.3249969482421875 75.84999847412109375 73.6750030517578125 69.58750152587890625 65.65000152587890625 62.33750152587890625 59.231250762939453125 55.56874847412109375 52.55625152587890625 49.293750762939453125 46.418750762939453125 41.86875152587890625 37.268749237060546875 32.887500762939453125 29.506250381469726562 26.243749618530273438 23.575000762939453125 22.262500762939453125 21.100000381469726562 20.350000381469726562 19.943750381469726562 19.850000381469726562 20.481250762939453125
45.325000762939453125 43.106250762939453125 41.112499237060546875 39.90000152587890625 38.862499237060546875 39.762500762939453125 40.75624847412109375 41.706249237060546875 43.393749237060546875 45.700000762939453125 48.00624847412109375 51.08750152587890625 53.65625 55.875 58.168750762939453125 59.875 61.924999237060546875 64.1687469482421875 66.8249969482421875 69.50624847412109375 72.41249847412109375 74.8125 77.9250030517578125 77.56874847412109375 73.8625030517578125 70.6875 67.30625152587890625 63.362499237060546875 59.56874847412109375 55.918750762939453125 52.06874847412109375 48.13124847412109375 44.075000762939453125 39.375 34.59999847412109375 31.424999237060546875 28.4375 25.587499618530273438 24.21875 23.087499618530273438 22.0625 21.762498855590820312 21.774999618530273438 21.975000381469726562
45.72499847412109375 43.462497711181640625 42.00624847412109375 40.58750152587890625 39.91249847412109375 40.549999237060546875 41.53749847412109375 42.43125152587890625 43.84375 46.125 48.21875 51.106250762939453125 53.706249237060546875 56.450000762939453125 58.80625152587890625 60.91249847412109375 63.043750762939453125 65.6374969482421875 68.46875 71.78749847412109375 74.6062469482421875 77.40000152587890625 80.5625 80.4187469482421875 78.65625 75.83750152587890625 72.04375457763671875 67.86875152587890625 63.74375152587890625 59.77500152587890625 54.78749847412109375 50.293750762939453125 46.21875 41.325000762939453125 36.668750762939453125 33.40625 30.818750381469726562 28.174999237060546875 26.700000762939453125 25.443750381469726562 24.34375 24.050001144409179688 23.481250762939453125 23.75
46.387500762939453125 43.96250152587890625 42.362499237060546875 41.15625 40.53125 40.981250762939453125 41.75 42.78125 44.38124847412109375 46.325000762939453125 48.27500152587890625 50.9375 54.137500762939453125 56.61875152587890625 59.081249237060546875 62.393749237060546875 65.6999969482421875 67.06874847412109375 69.8562469482421875 73.4499969482421875 76.7937469482421875 80.18125152587890625 83.78749847412109375 84.3312530517578125 82.49375152587890625 80.875 76.90000152587890625 72.91249847412109375 69.125 63.61875152587890625 57.643749237060546875 52.43125152587890625 47.91249847412109375 43.299999237060546875 39.206249237060546875 35.856250762939453125 33.5 31.112499237060546875 29.700000762939453125 28.25 26.362499237060546875 25.481250762939453125 25.243749618530273438 25.600000381469726562
47.86875152587890625 45.293750762939453125 43.22499847412109375 41.887500762939453125 41.125 41.6875 42.5 43.487499237060546875 45.081249237060546875 46.84999847412109375 48.71875 51.9375 55.143749237060546875 58 61.393749237060546875 64.34375 67.1374969482421875 69.63124847412109375 71.90000152587890625 75.3312530517578125 79.2624969482421875 83.4875030517578125 86.625 86.6374969482421875 86.09999847412109375 85.4562530517578125 81.0749969482421875 76.4875030517578125 71.8625030517578125 66.74375152587890625 61.44374847412109375 56.25 51.34999847412109375 46.674999237060546875 42.66249847412109375 39.53749847412109375 37.19374847412109375 35.1875 33 31.899999618530273438 30.206249237060546875 28.887500762939453125 27.981250762939453125 28.024999618530273438
48.5625 46.03125 44.46875 42.74375152587890625 42.08750152587890625 42.78125 43.200000762939453125 44.049999237060546875 45.831249237060546875 47.80625152587890625 49.69374847412109375 52.918750762939453125 57.262500762939453125 60.168750762939453125 63.40000152587890625 66.43125152587890625 70.1062469482421875 72.80625152587890625 75.0437469482421875 79.0124969482421875 82.9375 87.66249847412109375 91.2937469482421875 90.84375 89.84375 89.3249969482421875 84.8249969482421875 79.9812469482421875 75.34375 69.33750152587890625 64.66249847412109375 59.8125 54.78125 50.862499237060546875 46.825000762939453125 43.16249847412109375 40.831249237060546875 39.049999237060546875 37.38124847412109375 35.96250152587890625 33.96250152587890625 32.21875 30.899999618530273438 30.375
49.84999847412109375 46.75624847412109375 45.09375 43.825000762939453125 43.58750152587890625 43.86875152587890625 44.34999847412109375 45.206249237060546875 47.1875 49.043750762939453125 51.21875 54.5 58.018749237060546875 61.950000762939453125 66.08750152587890625 70.5187530517578125 73.93125152587890625 76.90000152587890625 80.1999969482421875 84.8874969482421875 89.21875 92.3125 96.0437469482421875 94.94374847412109375 95.21250152587890625 92.96875 87.8625030517578125 83.90000152587890625 79.15625 73.38124847412109375 68.6062469482421875 63.15000152587890625 58.49375152587890625 54.49375152587890625 50.362499237060546875 46.731250762939453125 44.237499237060546875 41.9375 40.33750152587890625 38.956249237060546875 37.237499237060546875 35.325000762939453125 33.9375 32.94374847412109375
51.69374847412109375 49.0625 47.231250762939453125 46.13124847412109375 45.774997711181640625 46.21250152587890625 46.97499847412109375 47.52500152587890625 49.43125152587890625 51.13124847412109375 54.6875 57.59375 61.46250152587890625 66.6875 71.09375 76.25 80.47499847412109375 84.88124847412109375 88.5812530517578125 93.34375 96.59375 99.1999969482421875 100.9562530517578125 99.84375 99.47499847412109375 96.71250152587890625 91.76250457763671875 87.59999847412109375 83.09375 78.58750152587890625 73.3562469482421875 68.24375152587890625 63.1875 59.106250762939453125 55.299999237060546875 51.50624847412109375 48.46250152587890625 45.33750152587890625 43.706249237060546875 42.668750762939453125 41 39.21875 37.9375 36.69374847412109375
53.15625 51.168750762939453125 49.88124847412109375 48.84999847412109375 48.200000762939453125 48.674999237060546875 49.61875152587890625 50.31874847412109375 51.90000152587890625 54.168750762939453125 57 61.55625152587890625 65.6999969482421875 69.96875 75.7312469482421875 81.4499969482421875 87.6875 92.9375 97.80625152587890625 102.6750030517578125 105.19374847412109375 106.3312530517578125 106.9375 104.53125 102.59999847412109375 99.6999969482421875 94.9812469482421875 90.96250152587890625 86.4375 82.1750030517578125 77.8312530517578125 73.1687469482421875 68.3000030517578125 63.86875152587890625 60.037502288818359375 57 52.987499237060546875 49.41249847412109375 47.77500152587890625 46.112499237060546875 44.293750762939453125 43.25 42.356250762939453125 41.174999237060546875
55.25 53.53749847412109375 52.549999237060546875 51.9375 51.418750762939453125 51.63124847412109375 52.72499847412109375 53.481250762939453125 54.69374847412109375 57.075000762939453125 60.581249237060546875 65.94374847412109375 70.53749847412109375 75.31874847412109375 81.5812530517578125 88.3937530517578125 95.0812530517578125 100.375 107.30625152587890625 112.08750152587890625 114.38124847412109375 114.34999847412109375 112.55625152587890625 108.86875152587890625 105.0812530517578125 102.83750152587890625 98.81874847412109375 94.33750152587890625 90.02500152587890625 85.8000030517578125 81.78749847412109375 77.1374969482421875 72.6374969482421875 68.44374847412109375 64.2687530517578125 60.40625 56.856250762939453125 54.00624847412109375 51.793750762939453125 50.16249847412109375 47.53749847412109375 46.168750762939453125 45.831249237060546875 44.59999847412109375
58.737499237060546875 56.893749237060546875 56.25 55.80625152587890625 55.41249847412109375 55.956249237060546875 56.46250152587890625 57.75624847412109375 59.293750762939453125 61.450000762939453125 65.3562469482421875 70.7937469482421875 76.6687469482421875 82.4375 88.8000030517578125 95.94374847412109375 102.5625 108.84999847412109375 115.8625030517578125 122.08750152587890625 122.06874847412109375 120.59999847412109375 116.66249847412109375 111.66249847412109375 107.9875030517578125 105.09375 100.77500152587890625 97.0437469482421875 93.3312530517578125 89.1875 85.66249847412109375 81.7312469482421875 76.90000152587890625 72.93125152587890625 68.84375 64.6437530517578125 62.08750152587890625 58.88124847412109375 56.549999237060546875 54.56874847412109375 52.5625 50.97499847412109375 49.90000152587890625 48.90000152587890625
62.3125 60.706249237060546875 60.03125 59.43125152587890625 59.69374847412109375 60.31874847412109375 61.22499847412109375 62.34375 64.33750152587890625 65.96250152587890625 70.77500152587890625 78.91249847412109375 85.28749847412109375 91.05625152587890625 97.6687469482421875 103.9812469482421875 110.77500152587890625 115.88750457763671875 121.69374847412109375 126.86875152587890625 127.3000030517578125 123.1875 118.69374847412109375 113 109.16249847412109375 106.4812469482421875 102.19374847412109375 98.5124969482421875 95.41249847412109375 92.15000152587890625 88.84375 85.59375 81.5749969482421875 77.7937469482421875 73.88124847412109375 70.2375030517578125 67.25 64.4187469482421875 61.58750152587890625 59.08750152587890625 56.831249237060546875 54.96875 54.143749237060546875 53.36875152587890625
65.84375 64.65625 64.2375030517578125 63.543750762939453125 64.0437469482421875 65.21875 66.50624847412109375 68.1750030517578125 70.8000030517578125 72.72499847412109375 82.25624847412109375 90.30625152587890625 95.58750152587890625 100.6125030517578125 106.55625152587890625 112.7312469482421875 117.16249847412109375 121.65625 125.02500152587890625 127.625 127.7687530517578125 123.4875030517578125 119.0625 113.3249969482421875 109.11875152587890625 106.0749969482421875 103.11875152587890625 100.3937530517578125 97.8249969482421875 95.1750030517578125 90.9875030517578125 88 84.6125030517578125 82.21250152587890625 78.96250152587890625 74.25624847412109375 71.33750152587890625 68.44374847412109375 66.63124847412109375 64.3625030517578125 61.09375 60.168750762939453125 58.13124847412109375 56.825000762939453125
