data/historical-monthly-weather-data/wc2.1_cruts4.09_10m_prec_2003-09.asc
ncols        45
nrows        45
xllcorner    -63.500000000000
yllcorner    -7.500000000000
cellsize     0.166666666667
NODATA_value -9999
[rows 19 to 37 of 45, columns 0 to 43 of 45]
106.3874969482421875 106.1374969482421875 105.61875152587890625 106.19374847412109375 106.9187469482421875 107.6687469482421875 107.15000152587890625 105.4250030517578125 103.14374542236328125 98.90625 93.9875030517578125 88.3625030517578125 82.1374969482421875 76.11875152587890625 71.0124969482421875 67.19374847412109375 62.606250762939453125 61.674999237060546875 59.75 60.612499237060546875 60.924999237060546875 62.387500762939453125 66.6875 70.40000152587890625 72.88124847412109375 72.97499847412109375 72.13124847412109375 71.22499847412109375 67.27500152587890625 63.112499237060546875 61.112499237060546875 67.4562530517578125 73.24375152587890625 80.9812469482421875 86.2375030517578125 84.03749847412109375 80.78125 78.3000030517578125 75.4499969482421875 70.1687469482421875 62.606250762939453125 54.793750762939453125 52.293750762939453125 51.950000762939453125
101.9812469482421875 103.03749847412109375 103.83750152587890625 104.84375 105.65625 105.28749847412109375 104.9875030517578125 103.74375152587890625 102.34375 99.34375 94.72499847412109375 90.0437469482421875 83.88124847412109375 76.94374847412109375 72.3562469482421875 67.1062469482421875 62.612499237060546875 60.125 60.18125152587890625 59.1875 61.487499237060546875 64.52500152587890625 67.5124969482421875 71.15625 74.7687530517578125 75.7937469482421875 74.46875 72.09999847412109375 69.78125 69.8625030517578125 70.72499847412109375 76.0749969482421875 82.4812469482421875 91.47499847412109375 101.46875 95.6125030517578125 85.44374847412109375 78.875 73.74375152587890625 68.74375152587890625 63.65000152587890625 58.50624847412109375 55.831249237060546875 55.018749237060546875
98.8125 99.08750152587890625 100.1750030517578125 101.65625 103.65000152587890625 104.00624847412109375 103.2062530517578125 102.74375152587890625 101.8937530517578125 99.6999969482421875 96.03749847412109375 92.13124847412109375 87.53125 81.4562530517578125 76.25624847412109375 70.09375 65.49375152587890625 62.674999237060546875 62.331249237060546875 61.375 61.55625152587890625 64.03749847412109375 66.83750152587890625 70.2312469482421875 73.16249847412109375 75.22499847412109375 76.75 75.4375 75.68125152587890625 76.9499969482421875 78.40625 81.9499969482421875 87.22499847412109375 94.22499847412109375 97.1437530517578125 93.21250152587890625 84.33750152587890625 78.1437530517578125 72.9499969482421875 69.15625 66.0124969482421875 63.03125 61.74375152587890625 60.93125152587890625
96.19374847412109375 97.8312530517578125 98.2937469482421875 100.0625 101.99375152587890625 102.1374969482421875 101.97499847412109375 101.7375030517578125 102.2375030517578125 100.1687469482421875 98.5812530517578125 95.7624969482421875 93.24375152587890625 87.9499969482421875 80.7312469482421875 74.0625 68.4187469482421875 65.88124847412109375 64.125 63.02500152587890625 63.19374847412109375 65.0124969482421875 66.8125 69.0625 72.5500030517578125 74.93125152587890625 76.53125 78.3937530517578125 79.2375030517578125 80.2937469482421875 82.84999847412109375 86.71250152587890625 89.72499847412109375 92.36875152587890625 91.74375152587890625 86.0437469482421875 80.4250030517578125 75.46875 72.02500152587890625 70.6875 70.125 68.21875 67.2687530517578125 66.5812530517578125
95.0187530517578125 95.5500030517578125 96.4499969482421875 97.3000030517578125 98.2312469482421875 99.6437530517578125 100.1374969482421875 100.02500152587890625 100.6437530517578125 99.50624847412109375 97.97499847412109375 97.59999847412109375 97.50624847412109375 92.13124847412109375 84.03125 76.8312530517578125 71.30625152587890625 68.58750152587890625 66.7062530517578125 64.9375 64.96875 65.75624847412109375 67.75 70.13124847412109375 72.9187469482421875 74.55625152587890625 76.1750030517578125 78.25 81.24375152587890625 83.1875 85.5625 89.25624847412109375 90.40625 90.9375 89.56874847412109375 83.4875030517578125 79.53125 76.97499847412109375 74.83750152587890625 75.21250152587890625 75.15625 73.9812469482421875 73.9562530517578125 73.80625152587890625
95.0500030517578125 94.9499969482421875 94.6999969482421875 94.7375030517578125 97.81874847412109375 98.65625 98.78125 98.8937530517578125 99.11875152587890625 98.8125 98 96.65625 95.3625030517578125 91.4562530517578125 85.15625 78.625 73.6125030517578125 70.4875030517578125 68.24375152587890625 66.83750152587890625 66.8874969482421875 67.13124847412109375 69.375 71.84375 73.1875 75.75 77.5 79.9875030517578125 83.0437469482421875 85.69374847412109375 87.8312530517578125 90.6125030517578125 92.15000152587890625 91.81874847412109375 89.46250152587890625 85 83.05625152587890625 81.46250152587890625 79.8937530517578125 80.1750030517578125 80.40625 80.4875030517578125 81.03749847412109375 83.0812530517578125
97.02500152587890625 98 95.9250030517578125 96.21250152587890625 96.9875030517578125 97.375 97.86875152587890625 97.8312530517578125 97.8000030517578125 97.84999847412109375 96.1999969482421875 94.93125152587890625 93.0749969482421875 89.4499969482421875 84.6875 79.55625152587890625 74.81874847412109375 72.2312469482421875 69.8937530517578125 68.2687530517578125 68.21875 68.2375030517578125 70.4375 73.03125 74.69374847412109375 76.43125152587890625 79.46250152587890625 82.96875 85.68125152587890625 88.40625 90.5500030517578125 93.5749969482421875 93.28749847412109375 92.5187530517578125 91.3937530517578125 90.13124847412109375 88.1875 87.1062469482421875 87.06874847412109375 86.9250030517578125 87.96875 87.81874847412109375 88.50624847412109375 91.4375
100.24375152587890625 99.7937469482421875 98.0187530517578125 97.81874847412109375 97.36875152587890625 97.66249847412109375 97.47499847412109375 96.7312469482421875 95.71250152587890625 95.6687469482421875 95.11875152587890625 93.9562530517578125 91.6750030517578125 88.74375152587890625 84.81874847412109375 80.4187469482421875 76.9187469482421875 73.9187469482421875 71.71250152587890625 70.03125 70.15000152587890625 70.0500030517578125 71.6125030517578125 75.40625 76.90625 79.00624847412109375 82.2062530517578125 84.99375152587890625 87.96875 90.43125152587890625 92.5124969482421875 94.46875 95.9499969482421875 95.81874847412109375 94.59375 94.6125030517578125 94.28125 93.44374847412109375 93.7312469482421875 94.2375030517578125 94.53749847412109375 94.9875030517578125 96.30625152587890625 97.55625152587890625
103.3312530517578125 102.625 101.03125 99.1062469482421875 98.47499847412109375 97.81874847412109375 97.43125152587890625 96.5 94.96875 94.9187469482421875 94.0437469482421875 92.7375030517578125 90.65625 88.75 85.0812530517578125 81.3000030517578125 77.96250152587890625 75.3125 73.1999969482421875 72.05625152587890625 71.9375 72.06874847412109375 73.40625 76.80625152587890625 79.5500030517578125 81.5124969482421875 84.49375152587890625 87.46250152587890625 90.46250152587890625 93.36875152587890625 94.6374969482421875 96.625 98.86875152587890625 99.0437469482421875 99 99.38124847412109375 101.02500152587890625 101.71250152587890625 102.2062530517578125 102.6875 103.25 103.9375 102.90625 104.75
107.0812530517578125 105.6875 102.7624969482421875 100.11875152587890625 98.53125 97.18125152587890625 96.24375152587890625 95.5437469482421875 94.4562530517578125 93.78749847412109375 92.71875 91.1374969482421875 90.27500152587890625 88.0437469482421875 84.7624969482421875 82.6999969482421875 80.81874847412109375 76.625 74.4187469482421875 73.49375152587890625 73.71250152587890625 74.22499847412109375 75.7375030517578125 79.25624847412109375 81.3312530517578125 84.03749847412109375 87.0500030517578125 90.6437530517578125 94.6062469482421875 96.18125152587890625 96.84999847412109375 98.55625152587890625 100.4187469482421875 101.9499969482421875 104.1750030517578125 104.96875 108.1062469482421875 110.53749847412109375 111.97499847412109375 112.38124847412109375 110.1750030517578125 108.6875 109.34999847412109375 111.90000152587890625
112.1687469482421875 109.8625030517578125 105.13124847412109375 101.5625 99.0812530517578125 97.71250152587890625 96.65000152587890625 95.6374969482421875 94.38124847412109375 93.2062530517578125 91.93125152587890625 91.3000030517578125 90.36875152587890625 88.7375030517578125 86.8000030517578125 84.24375152587890625 81.7312469482421875 79.0124969482421875 76.27500152587890625 75.2312469482421875 75.9562530517578125 77.09999847412109375 78.03125 80.90000152587890625 84.0625 87.6374969482421875 90.25624847412109375 93.1374969482421875 95.9812469482421875 98.2375030517578125 100.25624847412109375 102.34375 104.0500030517578125 106.02500152587890625 109.0812530517578125 111.3125 115.375 120.1437530517578125 119.8000030517578125 122.50624847412109375 122.2937469482421875 119.55625152587890625 117.77500152587890625 119.40000152587890625
115.40000152587890625 112.4875030517578125 108.40000152587890625 103.33750152587890625 100.56874847412109375 99.24375152587890625 97.0124969482421875 95.50624847412109375 94.4875030517578125 93.55625152587890625 92.15000152587890625 91.43125152587890625 92.2375030517578125 90.5124969482421875 88.33750152587890625 85.8874969482421875 84.46250152587890625 82 79.28749847412109375 78.75 79.31874847412109375 80.8125 82.03749847412109375 84.4250030517578125 87.09375 90.71250152587890625 93.18125152587890625 95.69374847412109375 98.40625 99.5 102.5625 105.41249847412109375 107.31874847412109375 111.3874969482421875 115.05625152587890625 116.78125 121.6875 128.0124969482421875 130.5812530517578125 133.256256103515625 132.9812469482421875 129.1999969482421875 126.2062530517578125 125.96875
119.77500152587890625 114.7687530517578125 109.8000030517578125 105.34999847412109375 103.1687469482421875 100.5749969482421875 98.27500152587890625 96.47499847412109375 95.6437530517578125 94.2937469482421875 93.2312469482421875 92.44374847412109375 91.78125 91.59375 90.68125152587890625 89.9875030517578125 88.11875152587890625 85.96875 84.40000152587890625 84.4875030517578125 85.25 85.00624847412109375 86.1999969482421875 87.8937530517578125 91.69374847412109375 93.53749847412109375 95.27500152587890625 98.6437530517578125 101.11875152587890625 102.6687469482421875 105.6875 107.6750030517578125 110.6374969482421875 114.90000152587890625 118.77500152587890625 121.1687469482421875 126.3125 131.6999969482421875 135.15625 138.662506103515625 140.40625 136.600006103515625 133.912506103515625 132.243743896484375
123.4187469482421875 119.0124969482421875 113.40000152587890625 109.1062469482421875 106.33750152587890625 103.68125152587890625 101.5124969482421875 98.7312469482421875 97.49375152587890625 95.6687469482421875 96.86875152587890625 95.06874847412109375 94.6437530517578125 95.9812469482421875 95.33750152587890625 95.5 94.5437469482421875 93.9499969482421875 92.65625 92.66249847412109375 92.41249847412109375 91.7687530517578125 91.1875 92.6062469482421875 95.4562530517578125 96.4562530517578125 98.05625152587890625 100.8874969482421875 103.33750152587890625 106.4375 108.7624969482421875 111.25 113.6687469482421875 117.9499969482421875 122.6999969482421875 125.28749847412109375 129.412506103515625 132.8000030517578125 136.40625 141.399993896484375 143.837493896484375 141.3125 139.712493896484375 137.787506103515625
125.9499969482421875 122.46875 117.93125152587890625 113.53749847412109375 109.875 106.91249847412109375 104.6687469482421875 101.78749847412109375 99.66249847412109375 98.65000152587890625 98.2687530517578125 98.96250152587890625 98.53749847412109375 98.1125030517578125 99.3000030517578125 100.1875 101.53125 101.8125 101.6687469482421875 101.71875 100.8000030517578125 98.88750457763671875 97.2937469482421875 97.1875 98.1687469482421875 98.6062469482421875 100.0500030517578125 102.61875152587890625 104.6687469482421875 107.8249969482421875 111.13124847412109375 114.18125152587890625 117.02500152587890625 120.7624969482421875 125.50624847412109375 130.3000030517578125 132.6437530517578125 135.2687530517578125 139.162506103515625 142.4562530517578125 144.6687469482421875 145.318756103515625 145.7375030517578125 144.6750030517578125
129.381256103515625 126.11875152587890625 122.0187530517578125 118.47499847412109375 114.88124847412109375 110.8937530517578125 108.55625152587890625 105.40625 102.24375152587890625 101.1875 101.69374847412109375 103.2375030517578125 103.0749969482421875 102.99375152587890625 104.68125152587890625 106.7937469482421875 108.56874847412109375 108.90625 110.91249847412109375 110.8312530517578125 109.84375 106.94374847412109375 103.21250152587890625 101.5625 100.33750152587890625 100.9562530517578125 102.71875 104.3874969482421875 106.21250152587890625 109.125 112.5625 115.3249969482421875 118.6999969482421875 122.7937469482421875 126.71875 129.9499969482421875 133.5 138.287506103515625 140.8562469482421875 144.431243896484375 144.568756103515625 144.5625 147.1999969482421875 146.399993896484375
132.8000030517578125 129.2375030517578125 126.0625 122.96250152587890625 119.6374969482421875 116.21875 112.4812469482421875 110.1750030517578125 107.1125030517578125 105.03125 105.5437469482421875 107.02500152587890625 108.58750152587890625 109.6750030517578125 111.28125 113.5749969482421875 115.09375 116.7375030517578125 119.06874847412109375 120.65625 117.75 113.8625030517578125 108.34375 105.09375 103.50624847412109375 103 103.7937469482421875 105.4812469482421875 107.30625152587890625 109.75 113.24375152587890625 116.4250030517578125 118.9250030517578125 122.83750152587890625 126.4187469482421875 128.537506103515625 133.8312530517578125 137.412506103515625 139.7062530517578125 142.2937469482421875 144.34375 144.0187530517578125 144.6374969482421875 144.9250030517578125
136.068756103515625 133.131256103515625 129.9375 126.59999847412109375 124.7062530517578125 121.375 118.25624847412109375 115.38124847412109375 112.47499847412109375 108.875 110.1687469482421875 115.40000152587890625 117.30625152587890625 118.0500030517578125 119.71875 120.69374847412109375 122.2312469482421875 122.91249847412109375 124.36875152587890625 125.38124847412109375 123.41249847412109375 117.4187469482421875 111.69374847412109375 107.3625030517578125 105.08750152587890625 104.2937469482421875 104.33750152587890625 105.2937469482421875 106.9875030517578125 109.8625030517578125 112.97499847412109375 116.3625030517578125 119.5500030517578125 123.2937469482421875 126.6437530517578125 129.5124969482421875 133.506256103515625 137.5437469482421875 138.625 139.962493896484375 141.4499969482421875 140.75 142.225006103515625 143.3937530517578125
138.899993896484375 136.975006103515625 134.381256103515625 130.9375 129.556243896484375 127.16875457763671875 124.63124847412109375 122.5 120.0625 116.22499847412109375 123.8000030517578125 128.181243896484375 128.0124969482421875 127.3874969482421875 127.90625 128.524993896484375 127.3000030517578125 127.72499847412109375 127.15000152587890625 126.13124847412109375 124.4499969482421875 118.81874847412109375 113.46250152587890625 108.6750030517578125 105.5625 103.91249847412109375 104.5 105.63124847412109375 107.13124847412109375 110.0500030517578125 111.4375 114.3937530517578125 117.86875152587890625 123.03125 126.8562469482421875 127.50624847412109375 130.96875 134.3000030517578125 137.443756103515625 139.3312530517578125 138.600006103515625 140.40625 139.162506103515625 139.1062469482421875
