data/historical-monthly-weather-data/wc2.1_cruts4.09_10m_prec_2003-10.asc
ncols        51
nrows        45
xllcorner    -63.500000000000
yllcorner    -7.500000000000
cellsize     0.166666666667
NODATA_value -9999
[rows 0 to 19 of 45, columns 0 to 43 of 51]
120.3000030517578125 117.0437469482421875 114.90625 114.91249847412109375 114.1437530517578125 113.0625 110.4250030517578125 108 106.0124969482421875 105.18125152587890625 105.75 106.2375030517578125 106.21875 104.8937530517578125 104.3937530517578125 103.8625030517578125 103.21250152587890625 101.55625152587890625 100.5500030517578125 99.31874847412109375 97.75624847412109375 95.71250152587890625 93.99375152587890625 92.4187469482421875 91.21250152587890625 90.38124847412109375 89.86875152587890625 89.69374847412109375 89.61875152587890625 87.65000152587890625 85.6125030517578125 83.6999969482421875 81.9499969482421875 80.47499847412109375 79.34999847412109375 79.13124847412109375 79.00624847412109375 78.8249969482421875 79.3000030517578125 79.75624847412109375 80.2375030517578125 81.1062469482421875 81.2937469482421875 81.0437469482421875
117.6750030517578125 114.83750152587890625 114.7312469482421875 116.78125 118.9187469482421875 117.28125 114.9499969482421875 113.65000152587890625 113.0812530517578125 112.3562469482421875 111.9187469482421875 111.1374969482421875 109.99375152587890625 108.3937530517578125 107.19374847412109375 106.36875152587890625 104.71250152587890625 103.59375 102.90000152587890625 102.28749847412109375 100.3312530517578125 98.49375152587890625 96.80625152587890625 95.125 93.5812530517578125 91.90625 91.5 91.13124847412109375 90.44374847412109375 87.3000030517578125 85.0749969482421875 83.2624969482421875 81.86875152587890625 80.91249847412109375 79.6437530517578125 79.18125152587890625 79.30625152587890625 79.125 79.71875 80.09375 80.7062530517578125 81.72499847412109375 82.1125030517578125 81.93125152587890625
114.25624847412109375 112.61875152587890625 113.21875 116.36875152587890625 119.46250152587890625 119.4250030517578125 119.3625030517578125 120.25624847412109375 121.1125030517578125 120.69374847412109375 119.16249847412109375 116.94374847412109375 114.5187530517578125 111.72499847412109375 109.86875152587890625 108.3125 106.74375152587890625 105.4375 104.3874969482421875 103.49375152587890625 101.3125 99.7375030517578125 97.875 95.6875 93.61875152587890625 91.91249847412109375 91.1750030517578125 90.69374847412109375 89.1875 86.46250152587890625 84.50624847412109375 82.3874969482421875 81.03749847412109375 80.3000030517578125 79.3312530517578125 78.94374847412109375 78.80625152587890625 78.93125152587890625 79.68125152587890625 80.1062469482421875 80.7624969482421875 81.83750152587890625 82.47499847412109375 82.9375
109.97499847412109375 108.80625152587890625 111.09999847412109375 113.71250152587890625 117.5 119.2624969482421875 121.9375 125.40000152587890625 128.899993896484375 129.399993896484375 126.3312530517578125 122.1125030517578125 118 114.31874847412109375 112.50624847412109375 110.375 108.40625 107.1437530517578125 105.99375152587890625 104.99375152587890625 102.7687530517578125 100.375 97.74375152587890625 95.36875152587890625 92.83750152587890625 90.5749969482421875 89.625 88.7312469482421875 87.3312530517578125 84.69374847412109375 82.8000030517578125 81.16249847412109375 79.4250030517578125 78.2687530517578125 77.03125 77.4812469482421875 77.7937469482421875 77.9812469482421875 78.99375152587890625 79.625 79.78749847412109375 81.15000152587890625 82.15625 83.25
110.7687530517578125 107.5437469482421875 107.3312530517578125 109.83750152587890625 114.6999969482421875 118.4187469482421875 122.71250152587890625 128.0749969482421875 134.9375 138.306243896484375 132.649993896484375 125.3625030517578125 120.34375 116.68125152587890625 114.34375 111.84999847412109375 109.9375 107.78749847412109375 106.1374969482421875 104.81874847412109375 102.8937530517578125 100.0812530517578125 97.125 94.59999847412109375 91.69374847412109375 89.09375 87.46250152587890625 86.75624847412109375 85.7687530517578125 82.68125152587890625 80.69374847412109375 78.9250030517578125 77.6125030517578125 76.47499847412109375 75.65625 75.8937530517578125 76.3625030517578125 76.97499847412109375 77.8312530517578125 78.4562530517578125 78.59375 79.69374847412109375 81.25 82.65000152587890625
112.1999969482421875 109.3937530517578125 106.86875152587890625 105.9812469482421875 111.6062469482421875 117.21875 121.8937530517578125 127.2687530517578125 134.274993896484375 139.65625 132.4875030517578125 125.0625 120.94374847412109375 117.47499847412109375 115.0749969482421875 113.31874847412109375 111.0124969482421875 108.52500152587890625 106.7312469482421875 104.90625 102.7375030517578125 100.0124969482421875 97.1687469482421875 93.69374847412109375 90.56874847412109375 87.61875152587890625 85.61875152587890625 84.1875 83.3000030517578125 80.28749847412109375 78.34999847412109375 77.2312469482421875 75.8874969482421875 75.05625152587890625 74.49375152587890625 75.15000152587890625 75.93125152587890625 77.21875 78.83750152587890625 78.8937530517578125 77.7687530517578125 78.8625030517578125 80.08750152587890625 81.9499969482421875
116.3125 113.5187530517578125 110.6750030517578125 108.8249969482421875 112.2312469482421875 115.6999969482421875 118.90000152587890625 121.56874847412109375 124.1125030517578125 124.76874542236328125 123.40000152587890625 121.1125030517578125 119.3312530517578125 117.4499969482421875 115.5625 114.18125152587890625 112.24375152587890625 109.09999847412109375 106.4812469482421875 104.6437530517578125 102.5812530517578125 99.96875 96.8125 93.21875 89.7687530517578125 86.41249847412109375 84.3125 82.28749847412109375 80.4250030517578125 77.9812469482421875 76.1875 74.84375 73.6750030517578125 73.21875 73.08750152587890625 73.625 74.6875 76.21250152587890625 78.7375030517578125 77.7312469482421875 76.09375 76.25 77.4499969482421875 79.66249847412109375
121.47499847412109375 118.43125152587890625 116.61875152587890625 116.28749847412109375 117.3874969482421875 118.4375 117.38124847412109375 114.27500152587890625 110.0625 109.44374847412109375 113.03125 115.33750152587890625 116.77500152587890625 116.65625 116.21875 115.05625152587890625 113.3249969482421875 109.8625030517578125 106.875 104.97499847412109375 102.9562530517578125 100.1125030517578125 96.80625152587890625 93.0500030517578125 89.1875 85.1437530517578125 82.3625030517578125 79.58750152587890625 77.24375152587890625 74.4187469482421875 72.96250152587890625 72.0187530517578125 71.25624847412109375 71.0625 70.8625030517578125 71.36875152587890625 71.8249969482421875 72.90625 73.84375 73.03749847412109375 71.36875152587890625 70.97499847412109375 71.3249969482421875 72.70000457763671875
127.1125030517578125 125.0812530517578125 124.24375152587890625 123.71875 124.0437469482421875 122.9187469482421875 119.8312530517578125 113.3249969482421875 104.21875 100.77500152587890625 107.06874847412109375 112.0500030517578125 115.52500152587890625 116.52500152587890625 116.6437530517578125 116.07500457763671875 114.5625 112.1750030517578125 110.09375 107.77500152587890625 105.09999847412109375 102.0625 97.5749969482421875 93.78749847412109375 88.96875 84.00624847412109375 80.22499847412109375 77.8125 75.34999847412109375 72.3000030517578125 71 70.1125030517578125 69.08750152587890625 68.5812530517578125 68.0749969482421875 68.6999969482421875 69.24375152587890625 69.40625 69.1374969482421875 68.1374969482421875 66.31874847412109375 64.96250152587890625 64.53749847412109375 64.25
133.4875030517578125 132 131.100006103515625 131.193756103515625 131.712493896484375 129.962493896484375 125.86875152587890625 118.65625 110.78749847412109375 107.25624847412109375 109.3562469482421875 112.52500152587890625 116.0124969482421875 117.66249847412109375 117.9875030517578125 117.63124847412109375 116.28125 114.9187469482421875 113.55625152587890625 112.375 108.8125 104.65000152587890625 99.09375 93.80625152587890625 87.59375 82.09375 78.5625 75.46875 73.0437469482421875 70.3249969482421875 68.53749847412109375 67.7624969482421875 66.75624847412109375 66.3125 66.02500152587890625 66.40625 66.4375 66.05625152587890625 65.2937469482421875 63.487499237060546875 61.22499847412109375 59.13124847412109375 57.18125152587890625 55.737499237060546875
140.1062469482421875 138.90625 137.8874969482421875 137.993743896484375 138.6875 138.8874969482421875 135.28125 127.1687469482421875 119.90000152587890625 116.0437469482421875 115.50624847412109375 116.68125152587890625 118.1750030517578125 119.81874847412109375 119.9187469482421875 119.0812530517578125 118.19374847412109375 117.52500152587890625 117.11875152587890625 116.72499847412109375 113.875 108.1687469482421875 100.9875030517578125 93.2062530517578125 86.9562530517578125 81.59999847412109375 78.0437469482421875 74.8312530517578125 71.6125030517578125 69.0187530517578125 67.34375 66.40625 65.43125152587890625 64.7624969482421875 64.0437469482421875 63.90625 63.575000762939453125 62.443752288818359375 61.112499237060546875 58.875 56.15000152587890625 53.456249237060546875 51.08750152587890625 48.53125
145.649993896484375 144.287506103515625 143.4499969482421875 144.03125 145.1750030517578125 146.056243896484375 143.962493896484375 135.0812530517578125 128.225006103515625 123.55625152587890625 121.36875152587890625 121.3625030517578125 121.4250030517578125 122.3249969482421875 122.75 121.77500152587890625 121.00624847412109375 120.4499969482421875 120.2375030517578125 120.74375152587890625 119.13124847412109375 112.50624847412109375 103.6687469482421875 94.6062469482421875 86.8125 80.3125 76.19374847412109375 73.5187530517578125 70.90625 68.7624969482421875 66.6875 65.5124969482421875 64.125 63.231250762939453125 62.481250762939453125 61.875 60.96875 59.706249237060546875 57.68125152587890625 55.15625 51.74375152587890625 48.65000152587890625 45.88124847412109375 43.393749237060546875
150.287506103515625 149.100006103515625 148.28125 148.3000030517578125 149.118743896484375 149.0749969482421875 145.6750030517578125 139.649993896484375 133.78125 130.09375 127.5812530517578125 126.0500030517578125 125.4875030517578125 124.4187469482421875 124.50624847412109375 124.28749847412109375 123.15000152587890625 122.81874847412109375 122.6875 122.55625152587890625 121.7375030517578125 115.125 105.3625030517578125 95.8312530517578125 84.9875030517578125 77.6750030517578125 75.4375 72.88124847412109375 70.7375030517578125 68.5437469482421875 66.36875152587890625 64.53125 63.143749237060546875 61.75 60.793750762939453125 60.06874847412109375 58.90625 57.71250152587890625 55.762500762939453125 52.174999237060546875 48.606250762939453125 45.674999237060546875 42.387500762939453125 37.668750762939453125
153.756256103515625 152.375 151.5500030517578125 151.1750030517578125 150.9562530517578125 150.068756103515625 146.9187469482421875 142.962493896484375 138.8000030517578125 135.0187530517578125 132.1062469482421875 129.868743896484375 128.256256103515625 127.06874847412109375 125.66249847412109375 125.52500152587890625 124.13124847412109375 123.1437530517578125 122.16249847412109375 121.16249847412109375 119.11875152587890625 112.93125152587890625 105.125 96.68125152587890625 87.3312530517578125 80.24375152587890625 76.9250030517578125 73.75 70.9499969482421875 68.0124969482421875 65.3874969482421875 63.53749847412109375 61.862499237060546875 60.40625 59.387500762939453125 58.71875 57.75 56.931247711181640625 55.03749847412109375 51.83750152587890625 47.36875152587890625 42.93125152587890625 39.375 36.09999847412109375
155.131256103515625 154.0187530517578125 152.59375 152.1374969482421875 151.6437530517578125 150.3312530517578125 148.78125 145.931243896484375 141.8312530517578125 138.443756103515625 135.6875 132.96875 130.787506103515625 129.256256103515625 127.34375 126.8874969482421875 124.90000152587890625 122.61875152587890625 120.44374847412109375 119.1062469482421875 116.4875030517578125 111.6750030517578125 105.9250030517578125 100.27500152587890625 93.7312469482421875 86.8625030517578125 81.53749847412109375 76.5812530517578125 72.22499847412109375 68.16249847412109375 64.8125 62.41249847412109375 60.643749237060546875 59.5625 58.52500152587890625 57.581249237060546875 57.143749237060546875 57.581249237060546875 57.018749237060546875 53.47499847412109375 48.174999237060546875 43.65625 40.33750152587890625 37.49375152587890625
155.0812530517578125 153.7624969482421875 152.7062530517578125 152.350006103515625 151.8312530517578125 151.225006103515625 149.9250030517578125 147.4250030517578125 144.212493896484375 141.3125 137.9375 134.1875 131.7312469482421875 130.149993896484375 128.71875 127.2687530517578125 123.8937530517578125 120.8249969482421875 118.0749969482421875 115.9499969482421875 112.86875152587890625 109.7624969482421875 106.7062530517578125 104.7062530517578125 100.0187530517578125 93 86.53125 80.04375457763671875 73.9875030517578125 68.43125152587890625 64.25624847412109375 61.049999237060546875 58.956249237060546875 57.856250762939453125 56.44374847412109375 55.09999847412109375 56.143749237060546875 57.350002288818359375 58.125 55.28749847412109375 51.012500762939453125 46.543750762939453125 42.625 39.16249847412109375
153.306243896484375 152.381256103515625 152.4375 152.774993896484375 152.375 152.037506103515625 151.2624969482421875 149.40625 146.5812530517578125 143.024993896484375 139.274993896484375 134.9812469482421875 131.4187469482421875 128.9812469482421875 126.94374847412109375 124.71250152587890625 120.1687469482421875 116.52500152587890625 113.8312530517578125 111.90000152587890625 108.90625 106.8874969482421875 106.40625 107.93125152587890625 106.02500152587890625 97.3562469482421875 90.2062530517578125 82.09999847412109375 74.40625 68.0124969482421875 63.581249237060546875 60.737499237060546875 57.28125 54.612499237060546875 52.68125152587890625 52.950000762939453125 54.75624847412109375 59.137500762939453125 63.206249237060546875 59.34999847412109375 54.481250762939453125 49.71875 44.90000152587890625 41.40000152587890625
150.631256103515625 150.412506103515625 151.524993896484375 152.381256103515625 152.649993896484375 153.1687469482421875 152.8874969482421875 151.131256103515625 148.212493896484375 144.774993896484375 140.9187469482421875 135.4875030517578125 130.7312469482421875 126.625 123.44374847412109375 120.03125 115.40625 111.28125 109.28125 107.3000030517578125 104.4499969482421875 102.7062530517578125 102.8874969482421875 105.61875152587890625 105.00624847412109375 98.5 92.6999969482421875 83.77500152587890625 74.68125152587890625 67.00624847412109375 61.924999237060546875 58.83750152587890625 56.762500762939453125 55.143749237060546875 51.75624847412109375 48.5 53.081249237060546875 58.918750762939453125 62.018749237060546875 60.793750762939453125 56.606250762939453125 52.22499847412109375 47.55625152587890625 43.99375152587890625
146.6937408447265625 148.100006103515625 150.2312469482421875 152.1062469482421875 153.5187530517578125 154.256256103515625 154.1750030517578125 153.03125 150.8562469482421875 146.8312530517578125 141.5749969482421875 135.5625 129.306243896484375 123.6125030517578125 119.58750152587890625 116.31874847412109375 111.74375152587890625 107.19374847412109375 105.1750030517578125 102.9375 99.81874847412109375 99.46875 97.6125030517578125 100.06874847412109375 100.02500152587890625 96.8874969482421875 91.53749847412109375 83.5812530517578125 75.25624847412109375 66.6125030517578125 60.143749237060546875 59.1875 60.112499237060546875 58.05625152587890625 54.9375 52.706249237060546875 55.06874847412109375 58.4375 60.612499237060546875 60.268749237060546875 57.612499237060546875 55.137500762939453125 50.34999847412109375 46.72499847412109375
142.125 145.1999969482421875 148.1999969482421875 151.09375 153.712493896484375 155.6875 156.6125030517578125 156.1125030517578125 153.6750030517578125 149.71875 143.6999969482421875 136.100006103515625 128.506256103515625 121.38124847412109375 116.72499847412109375 113.1062469482421875 108.125 105.3000030517578125 103.34999847412109375 102.02500152587890625 97.56874847412109375 94.90000152587890625 94.8125 96.52500152587890625 96.2624969482421875 93.125 88.8874969482421875 83.59999847412109375 75.74375152587890625 68.09375 63.106250762939453125 64.15000152587890625 64.61875152587890625 64.69374847412109375 63.86875152587890625 61.299999237060546875 60.28749847412109375 60.74375152587890625 61.03749847412109375 60.40000152587890625 58.96250152587890625 56.950000762939453125 52.97499847412109375 49.331249237060546875
