data/historical-monthly-weather-data/wc2.1_cruts4.09_10m_prec_1996-09.asc
ncols        45
nrows        45
xllcorner    -63.500000000000
yllcorner    -7.500000000000
cellsize     0.166666666667
NODATA_value -9999
[rows 19 to 37 of 45, columns 0 to 43 of 45]
142.0124969482421875 144.556243896484375 145.8937530517578125 148.6062469482421875 151.5124969482421875 154.162506103515625 154.9499969482421875 154.1875 153.5500030517578125 150.1125030517578125 145.4875030517578125 139.568756103515625 132.3937530517578125 125.09375 118.3312530517578125 113.34375 106.70624542236328125 104.8249969482421875 101.0625 101.2624969482421875 95.69374847412109375 91.08750152587890625 90.4187469482421875 89.38124847412109375 86.65000152587890625 81.2312469482421875 75.53749847412109375 70.21250152587890625 62.518749237060546875 56.043750762939453125 51.97499847412109375 54.84375 56.237499237060546875 58.518749237060546875 58.41249847412109375 52.575000762939453125 46.40000152587890625 41.125 35.981250762939453125 30.243749618530273438 24.399999618530273438 20.325000762939453125 18.643749237060546875 17.9375
132.662506103515625 136.506256103515625 139.712493896484375 143.225006103515625 146.5124969482421875 148.3937530517578125 150.3937530517578125 151.1875 151.9812469482421875 150.475006103515625 146.3562469482421875 141.787506103515625 134.6062469482421875 125.74375152587890625 119.84999847412109375 112.59999847412109375 106.2062530517578125 101.90000152587890625 101.63124847412109375 98.90625 96.99375152587890625 95.18125152587890625 92.96875 91.5124969482421875 89.75 84.9812469482421875 78.375 71.3312530517578125 64.94374847412109375 62.13124847412109375 60.24375152587890625 61.924999237060546875 63.28125 65.91249847412109375 68.40625 59.512500762939453125 48.762500762939453125 41.106250762939453125 34.94374847412109375 29.46875 24.6875 21.568750381469726562 19.706249237060546875 18.75
125.2687530517578125 127.59375 131.256256103515625 135.5 140.618743896484375 144.2687530517578125 146.537506103515625 149.274993896484375 150.96875 150.6750030517578125 148.006256103515625 144.524993896484375 139.662506103515625 132.1875 125.53125 116.9875030517578125 110.55625152587890625 105.80625152587890625 105.03125 102.5 97.59375 95.5124969482421875 93.5749969482421875 91.65625 88.81874847412109375 84.99375152587890625 81.2687530517578125 74.8937530517578125 70.6062469482421875 68.52500152587890625 66.8625030517578125 66.7687530517578125 66.90625 67.74375152587890625 65.27500152587890625 57.737499237060546875 47.862499237060546875 40.46875 34.362499237060546875 29.456249237060546875 25.456249237060546875 23.024999618530273438 21.53125 20.462499618530273438
118.84999847412109375 122.50624847412109375 125.4875030517578125 130.3249969482421875 135.6062469482421875 139.6062469482421875 143.46875 147.2375030517578125 151.037506103515625 150.8874969482421875 151.375 149.475006103515625 147.837493896484375 141.649993896484375 131.931243896484375 122.8000030517578125 114.86875152587890625 110.80625152587890625 107.8625030517578125 105.24375152587890625 100.68125152587890625 98.0749969482421875 95.13124847412109375 91.47499847412109375 89.09375 85.38124847412109375 81.5500030517578125 78.2062530517578125 74.1125030517578125 71.6687469482421875 70.8000030517578125 70.75 68.81874847412109375 66.3249969482421875 61.43125152587890625 53.05625152587890625 45.387500762939453125 38.80625152587890625 33.674999237060546875 29.899999618530273438 26.84375 24.681249618530273438 23.162500381469726562 22.037500381469726562
114.53125 116.36875152587890625 120.40000152587890625 124.75 129.306243896484375 134.9187469482421875 139.59375 143.399993896484375 147.287506103515625 148.462493896484375 149.024993896484375 150.71875 152.7937469482421875 146.537506103515625 135.756256103515625 126.15625 118.71875 114.7624969482421875 112.0187530517578125 108.71250152587890625 104.2937469482421875 100.5124969482421875 98.25624847412109375 94.5 90.93125152587890625 86.05625152587890625 82.03125 78.66249847412109375 76.40000152587890625 74.6125030517578125 73.40000152587890625 73.0500030517578125 69.47499847412109375 65.3000030517578125 59.856250762939453125 51.19374847412109375 44.450000762939453125 39.049999237060546875 34.46875 31.293750762939453125 28.243749618530273438 26.274999618530273438 24.987499237060546875 23.96875
111.78749847412109375 112.4250030517578125 115.6062469482421875 119.69374847412109375 127.6999969482421875 132.4875030517578125 136.399993896484375 140.3000030517578125 143.53125 145.868743896484375 147.462493896484375 147.5437469482421875 147.5500030517578125 143.524993896484375 135.9250030517578125 127.6750030517578125 121.4875030517578125 117.31874847412109375 114.43125152587890625 112.17499542236328125 108.21875 104.03125 102.5 98.5 92.6687469482421875 88.59999847412109375 84.3937530517578125 81.09999847412109375 78.5812530517578125 77.24375152587890625 75.6687469482421875 74.40000152587890625 70.9499969482421875 65.94374847412109375 59.668750762939453125 51.831249237060546875 45.987499237060546875 40.74375152587890625 36.206249237060546875 32.75 29.649999618530273438 28.024999618530273438 26.831249237060546875 26.4375
111.59999847412109375 113.15625 114.71250152587890625 119.7687530517578125 125.4250030517578125 129.5124969482421875 133.7375030517578125 137.2062530517578125 140.006256103515625 142.806243896484375 143.0749969482421875 143.09375 142.056243896484375 138.3562469482421875 133.4250030517578125 127.69374847412109375 122.28125 119.44374847412109375 116.83124542236328125 114.6374969482421875 111.06874847412109375 107.03125 105.84375 101.80625152587890625 95.99375152587890625 90.5812530517578125 87.4562530517578125 84.84375 81.6062469482421875 80.09999847412109375 78.3249969482421875 77.1062469482421875 71.94374847412109375 66.41249847412109375 60.768749237060546875 54.59999847412109375 48.28749847412109375 42.893749237060546875 38.78749847412109375 34.84375 31.743749618530273438 29.956249237060546875 28.725000381469726562 28.600000381469726562
114.48125457763671875 114.4250030517578125 116.1125030517578125 120.24375152587890625 124 127.8000030517578125 130.943756103515625 133.2624969482421875 134.587493896484375 137.1875 138.975006103515625 139.0187530517578125 137.2312469482421875 134.53125 131.024993896484375 126.72499847412109375 123.55625152587890625 120.3562469482421875 118.28749847412109375 116.3937530517578125 113.8000030517578125 110.3562469482421875 108.77500152587890625 106.43125152587890625 100.13124847412109375 94.9375 91.58750152587890625 87.8000030517578125 84.46875 82.52500152587890625 80.52500152587890625 78.1687469482421875 74.0187530517578125 68.46875 62.27500152587890625 56.53749847412109375 50.71875 45.03125 40.80625152587890625 36.90000152587890625 33.325000762939453125 31.825000762939453125 30.918750762939453125 30.356250762939453125
117.4875030517578125 117.1875 118.7312469482421875 120.3125 123.3312530517578125 125.77500152587890625 128.4875030517578125 130.475006103515625 131.037506103515625 133.6125030517578125 134.931243896484375 134.5749969482421875 133.056243896484375 131.8125 128.8000030517578125 125.6687469482421875 122.93125152587890625 120.61875152587890625 118.9875030517578125 118.34999847412109375 116.09999847412109375 113.7937469482421875 112.6062469482421875 109.6125030517578125 104.88124847412109375 99.28749847412109375 95.25 91.24375152587890625 87.55625152587890625 85.8562469482421875 82.875 80.3000030517578125 76.25 70.375 64.4375 58.518749237060546875 53.325000762939453125 47.88124847412109375 43.450000762939453125 39.231250762939453125 35.53125 34.21250152587890625 32.71250152587890625 32.49375152587890625
121 119.9875030517578125 119.6125030517578125 119.83750152587890625 121.21875 122.625 124.50624847412109375 126.66249847412109375 127.8312530517578125 129.5 130.462493896484375 129.681243896484375 129.7437591552734375 127.97499847412109375 125.66249847412109375 125.1999969482421875 124.8937530517578125 120.5 118.9812469482421875 118.9812469482421875 118.125 117.25624847412109375 117.0187530517578125 114.1875 108.40000152587890625 103.56874847412109375 99.2312469482421875 95.46250152587890625 92.34375 89.00624847412109375 85.2937469482421875 82.21875 77.41249847412109375 72.0124969482421875 67.0625 60.887500762939453125 56.00624847412109375 50.90625 46.518749237060546875 41.9375 37.049999237060546875 35.181247711181640625 34.456249237060546875 34.63124847412109375
124.65625 122.6687469482421875 119.9562530517578125 118.77500152587890625 118.75 120.1687469482421875 121.93125152587890625 123.7312469482421875 124.65000152587890625 125.5812530517578125 126.25624847412109375 126.76874542236328125 126.72499847412109375 125.7624969482421875 125.2937469482421875 123.9812469482421875 122.61875152587890625 120.59999847412109375 118.4875030517578125 118.5 119.0812530517578125 119.99375152587890625 119.5437469482421875 116.1750030517578125 112.1999969482421875 108.65000152587890625 103.61875152587890625 98.8625030517578125 94.40625 91.4187469482421875 88.5625 85.4250030517578125 79.9562530517578125 74.40000152587890625 69.5 63.69374847412109375 58.75 54.18125152587890625 48.75624847412109375 44.8125 40.36875152587890625 38.262500762939453125 36.97499847412109375 37.03125
125.96250152587890625 123.30625152587890625 121.0437469482421875 117.90625 117.2937469482421875 118.78125 119.25624847412109375 120.4875030517578125 121.7312469482421875 122.97499847412109375 123.46250152587890625 123.80625152587890625 126.08750152587890625 125.08750152587890625 124.0500030517578125 122.74375152587890625 122.8000030517578125 121.34999847412109375 119.43125152587890625 120.4375 121.4562530517578125 123.63124847412109375 124.34999847412109375 120.5812530517578125 116.25 113.0187530517578125 107.65000152587890625 102.30625152587890625 97.5625 93.1374969482421875 90.84375 87.94374847412109375 82.16875457763671875 77.63124847412109375 72.59999847412109375 65.9499969482421875 60.91249847412109375 56.56874847412109375 52.0625 47.84999847412109375 43.168750762939453125 40.918750762939453125 39.518749237060546875 39.19374847412109375
128.0500030517578125 123.15625 119.77500152587890625 117.03125 116.84375 116.9562530517578125 117.46875 118.4562530517578125 119.9187469482421875 120.66249847412109375 121.6125030517578125 121.9187469482421875 122.2375030517578125 123.24375152587890625 123.81874847412109375 124.72499847412109375 124.0500030517578125 123.1875 123.09375 125.25 127.22499847412109375 127.49375152587890625 128.8249969482421875 124.4875030517578125 122.06874847412109375 116.8562469482421875 110.5437469482421875 106.0749969482421875 100.9562530517578125 96.55625152587890625 93.8312530517578125 89.78749847412109375 84.44374847412109375 79.6374969482421875 74.3000030517578125 67.6750030517578125 62.34375 57.22499847412109375 53.08750152587890625 49.174999237060546875 45.18125152587890625 43.13124847412109375 42.05625152587890625 41.450000762939453125
126.84999847412109375 122.94374847412109375 118.9812469482421875 116.4875030517578125 115.6999969482421875 115.80625152587890625 116.50624847412109375 116.38124847412109375 117.4499969482421875 117.6750030517578125 121.58750152587890625 120.88124847412109375 121.81874847412109375 125.0812530517578125 125.75 127.55625152587890625 127.91249847412109375 129.28125 129.7687530517578125 131.899993896484375 132.5749969482421875 132.524993896484375 131.5500030517578125 127.6125030517578125 124.75624847412109375 119.28749847412109375 113.1750030517578125 108.3562469482421875 103.41249847412109375 100.34999847412109375 96.71875 92.84375 86.7624969482421875 81.6374969482421875 76.6062469482421875 69.8874969482421875 63.924999237060546875 57.90625 54.262500762939453125 51.40625 48.03749847412109375 46.30625152587890625 45.44374847412109375 44.637500762939453125
124.21875 121.59375 118.90000152587890625 116.4187469482421875 114.71875 114.49375152587890625 115.1875 115 115.15000152587890625 116.4875030517578125 118.5 121.1999969482421875 122.5 123.7375030517578125 126.4875030517578125 128.8125 131.899993896484375 134.4499969482421875 136.618743896484375 138.875 138.806243896484375 137.1437530517578125 135.0187530517578125 129.962493896484375 125.61875152587890625 120.4875030517578125 114.65000152587890625 109.96875 104.91249847412109375 101.83750152587890625 98.93125152587890625 95.34375 89.3312530517578125 83.5625 78.3125 72.74375152587890625 65.6999969482421875 59.33750152587890625 56.293750762939453125 53.331249237060546875 50.36875152587890625 49.61875152587890625 49.24375152587890625 48.543750762939453125
122.5124969482421875 120.3625030517578125 118.18125152587890625 116.5812530517578125 115.05625152587890625 113.8249969482421875 114.41249847412109375 114.03125 113.21875 114.625 117.75624847412109375 121.71250152587890625 123.6125030517578125 125.5124969482421875 128.625 132.1374969482421875 135.443756103515625 138.03125 142.962493896484375 145.087493896484375 145.0749969482421875 142.3249969482421875 137.6875 131.5749969482421875 125.5625 121.6125030517578125 116.7062530517578125 111.43125152587890625 106.56874847412109375 103.19374847412109375 100.30625152587890625 96.36875152587890625 90.65625 85.02500152587890625 79.24375152587890625 72.8874969482421875 66.7312469482421875 61.543750762939453125 58.375 56.05625152587890625 52.75 51.700000762939453125 51.93125152587890625 51.137500762939453125
120.21250152587890625 117.9375 116.625 115.40625 114.1062469482421875 113.4375 112.55625152587890625 113.03125 112.7062530517578125 113.33750152587890625 116.77500152587890625 120.6062469482421875 124.5749969482421875 127.9375 131.006256103515625 134.78125 137.7937469482421875 141.8249969482421875 146.881256103515625 150.975006103515625 148.5187530517578125 144.6125030517578125 137.975006103515625 130.7312469482421875 125.21250152587890625 120.78749847412109375 115.68125152587890625 111.31874847412109375 107.19374847412109375 103.5625 100.81874847412109375 97.36875152587890625 91.2624969482421875 85.8874969482421875 80.34375 74.2624969482421875 69.9375 65.05625152587890625 62.174999237060546875 59.84375 57.53749847412109375 56.16249847412109375 55.46875 54.84999847412109375
117.84999847412109375 116.2062530517578125 114.8562469482421875 113.3937530517578125 113.34375 112.71250152587890625 112.3312530517578125 112.25624847412109375 112.43125152587890625 111.93125152587890625 116.36875152587890625 124.2687530517578125 128.6062469482421875 131.7062530517578125 134.931243896484375 137.318756103515625 140.475006103515625 143.1374969482421875 146.8562469482421875 149.931243896484375 148.59375 142.21875 135.631256103515625 128.0437469482421875 122.68125152587890625 118.8125 113.8874969482421875 109.7375030517578125 106.3312530517578125 103.34375 100.44374847412109375 97.3937530517578125 92.2375030517578125 87.1687469482421875 81.9812469482421875 77.2312469482421875 73.2312469482421875 69.5 66.4375 63.825000762939453125 61.53125 59.825000762939453125 59.262500762939453125 58.78125
115.34375 114.63124847412109375 113.74375152587890625 112.18125152587890625 112.49375152587890625 112.6374969482421875 112.74375152587890625 113.3000030517578125 114.24375152587890625 113.88124847412109375 124.86875152587890625 131.943756103515625 134.2937469482421875 136.0812530517578125 138.2624969482421875 140.4187469482421875 140.65625 142.806243896484375 143.9375 144.3874969482421875 143.3125 137.462493896484375 131.5812530517578125 124.43125152587890625 119.0124969482421875 115.02500152587890625 111.71250152587890625 108.71250152587890625 105.95624542236328125 103.3312530517578125 99.09999847412109375 96.03125 91.7062530517578125 88.28125 84.03125 78.7937469482421875 75.53749847412109375 72.40625 70.74375152587890625 68.68125152587890625 65.53749847412109375 64.78749847412109375 62.831249237060546875 61.63124847412109375
