data/historical-monthly-weather-data/wc2.1_cruts4.09_10m_prec_1994-01.asc
ncols        51
nrows        45
xllcorner    -63.500000000000
yllcorner    -7.500000000000
cellsize     0.166666666667
NODATA_value -9999
[rows 0 to 19 of 45, columns 0 to 44 of 51]
119.84999847412109375 116.28125 110.01250457763671875 105.43125152587890625 100.0500030517578125 97.55625152587890625 93.96875 89.21250152587890625 85.9375 84.06874847412109375 83.25 83.58750152587890625 83.44374847412109375 81.3625030517578125 81.25 82.3562469482421875 83.56874847412109375 83.19374847412109375 86.5500030517578125 89.9499969482421875 93.8249969482421875 98.8000030517578125 103.9562530517578125 108.86875152587890625 115.21875 121.1875 128.212493896484375 136.5124969482421875 145.350006103515625 150.4375 155.5749969482421875 160.8000030517578125 164.2312469482421875 169.0500030517578125 173.056243896484375 180.443756103515625 186.0749969482421875 190.881256103515625 197.712493896484375 204.412506103515625 210.2312469482421875 215.618743896484375 219.837493896484375 224.556243896484375 230.1750030517578125
128.056243896484375 124.1875 119.15000152587890625 114.47499847412109375 110.59375 108.80625152587890625 105.75624847412109375 102.91249847412109375 101.21875 99.83750152587890625 98.1062469482421875 97.08750152587890625 95.55625152587890625 94.25 93.4375 93.13124847412109375 93.0812530517578125 94.2312469482421875 97.75 102.65000152587890625 108.05625152587890625 113.66249847412109375 120.02500152587890625 126.34375 131.9812469482421875 137.6875 144.6125030517578125 151.84375 158.837493896484375 163.600006103515625 167.21875 170.443756103515625 173.2375030517578125 178.600006103515625 181.912506103515625 187.631256103515625 195.8125 201.25 207.4812469482421875 214 220.59375 225.787506103515625 228.6437530517578125 232.8312530517578125 237.631256103515625
137.087493896484375 134.0625 130.1750030517578125 127.05625152587890625 124.78749847412109375 123.78749847412109375 122.3937530517578125 121.3874969482421875 120.5437469482421875 119.4812469482421875 117.46250152587890625 115.27500152587890625 113.0749969482421875 110.3249969482421875 108.44374847412109375 106.3874969482421875 105.4875030517578125 106.5500030517578125 109.4375 115.1875 121.72499847412109375 129.1750030517578125 136.2062530517578125 142.03125 147.5 152.806243896484375 159.3125 165.8249969482421875 170.943756103515625 174.0124969482421875 177.9812469482421875 181.381256103515625 185.6875 188.1875 193.2312469482421875 199.306243896484375 207.15625 214.2062530517578125 220.443756103515625 226.0124969482421875 233.056243896484375 237.162506103515625 240.0187530517578125 243.0500030517578125 245.1750030517578125
145.412506103515625 143.3312530517578125 142.9250030517578125 141.787506103515625 142.1687469482421875 139.931243896484375 140.4812469482421875 142 143.2312469482421875 143.524993896484375 140.2624969482421875 136.2624969482421875 132.3874969482421875 128.399993896484375 125.47499847412109375 122.16249847412109375 119.3562469482421875 118.6875 121.90000152587890625 129.337493896484375 138.3125 146.743743896484375 152.618743896484375 158.912506103515625 164.59375 169.837493896484375 175.912506103515625 179.7312469482421875 183.662506103515625 186.431243896484375 189.3249969482421875 193.537506103515625 197.399993896484375 200.443756103515625 204.212493896484375 212.3249969482421875 219.556243896484375 227.318756103515625 234.131256103515625 240.8312530517578125 245.65625 250.193756103515625 252.53125 253.5687408447265625 254.506256103515625
159.28125 155.806243896484375 155.3000030517578125 156.8000030517578125 158.649993896484375 158.625 159.037506103515625 162.462493896484375 166.6437530517578125 168.8000030517578125 163.875 158.193756103515625 153.7312469482421875 149.2375030517578125 145.068756103515625 140.2937469482421875 135.524993896484375 131.9499969482421875 136.65625 146.5749969482421875 157.568756103515625 165.8874969482421875 172.0812530517578125 177.475006103515625 182.4187469482421875 188.46875 191.03125 193.6374969482421875 198.6437530517578125 200.3249969482421875 202.5187530517578125 203.34375 208.6999969482421875 213.7062530517578125 218.162506103515625 226.2687530517578125 235.225006103515625 241.3562469482421875 248.3562469482421875 254.381256103515625 261.09375 263.6875 265.806243896484375 265.23126220703125 264.399993896484375
172.6437530517578125 170.7312469482421875 170.5187530517578125 171.0500030517578125 172.899993896484375 173.4875030517578125 174.8125 177.556243896484375 182.0749969482421875 185.5625 180.3625030517578125 175.881256103515625 171.631256103515625 167.8874969482421875 163.256256103515625 160.2937469482421875 155.15625 151.350006103515625 158.337493896484375 169.068756103515625 178.506256103515625 185.3125 191.649993896484375 194.850006103515625 199.09375 203.681243896484375 205.975006103515625 207.4562530517578125 210.9187469482421875 213.7062530517578125 215.100006103515625 216.524993896484375 220.4375 226.618743896484375 234.443756103515625 242.5749969482421875 251.3687591552734375 258.899993896484375 265.975006103515625 273.037506103515625 276.899993896484375 279.462493896484375 279.79376220703125 278.637481689453125 276.60626220703125
186.787506103515625 186.024993896484375 186.4250030517578125 185.568756103515625 185.6374969482421875 184.5124969482421875 185.34375 187.0500030517578125 189.2937469482421875 190.1687469482421875 190.756256103515625 190.03125 189.5625 187.8000030517578125 185.3000030517578125 184.0812530517578125 183.25 186.1875 193.4812469482421875 199.662506103515625 202.2937469482421875 206.8562469482421875 209.412506103515625 211.6875 215.4562530517578125 218.056243896484375 219.556243896484375 220.899993896484375 222.34375 224.8312530517578125 228.2375030517578125 230.28125 234.4499969482421875 240.2687530517578125 247.8187408447265625 258.375 267.73126220703125 276.83123779296875 286.118743896484375 290.82501220703125 293.024993896484375 294.29376220703125 293.837493896484375 292.100006103515625 288.625
202.6999969482421875 200.381256103515625 200.337493896484375 200.2062530517578125 199.568756103515625 198.46875 196.6125030517578125 192.8125 190.5749969482421875 194.181243896484375 200.6437530517578125 204.9250030517578125 208.212493896484375 208.1062469482421875 208.6750030517578125 209.868743896484375 213.28125 221.3125 232.306243896484375 232.15625 227.4250030517578125 227.337493896484375 227.725006103515625 229.15625 232.2687530517578125 233.149993896484375 232.9499969482421875 233.0812530517578125 235.306243896484375 238.4375 240.6062469482421875 243.4375 248.1750030517578125 254.5437469482421875 262.256256103515625 273.1875 283.79376220703125 293.76251220703125 301.837493896484375 307.912506103515625 311.087493896484375 311.78125 310.78125 307.5 304.71875
217.225006103515625 215.1125030517578125 215.162506103515625 213.868743896484375 213.6437530517578125 211.056243896484375 208.118743896484375 203.943756103515625 198.9375 200.3562469482421875 212.306243896484375 220.125 226.4875030517578125 228.25 230.2375030517578125 232.4375 236.3937530517578125 244.5812530517578125 253.899993896484375 251.318756103515625 243.03125 241.8249969482421875 240.6750030517578125 244.28125 246.375 246.1999969482421875 245.59375 244.193756103515625 246.243743896484375 250.5 254.25 255.993743896484375 261.51873779296875 267.51873779296875 275.21875 285.65625 297.712493896484375 308.23748779296875 316.443756103515625 323.16876220703125 326.25 326.35626220703125 327.65625 326.412506103515625 322.443756103515625
231.8937530517578125 230.03125 228.618743896484375 227.712493896484375 227.75 225.8874969482421875 223.2375030517578125 220.993743896484375 219.8499908447265625 224.381256103515625 233.4875030517578125 241.131256103515625 247.118743896484375 249.6374969482421875 251.868743896484375 254.256256103515625 256.225006103515625 259.82501220703125 262.20001220703125 260.256256103515625 253.0187530517578125 251.5812530517578125 251.693756103515625 257.350006103515625 257.76251220703125 256.17498779296875 255.274993896484375 254.3625030517578125 255.1437530517578125 259.8125 263.681243896484375 266.86248779296875 273.64373779296875 280.993743896484375 289.443756103515625 299.33123779296875 310.66876220703125 321.95623779296875 330.256256103515625 337.36248779296875 343.14373779296875 343.743743896484375 344.41876220703125 341.54376220703125 338.65625
247.9499969482421875 246.4812469482421875 243.8125 242.225006103515625 241.3249969482421875 240.71875 239.8125 241.2312469482421875 243.5749969482421875 249.725006103515625 260.056243896484375 267.51251220703125 270.506256103515625 271.524993896484375 272.53125 273.17498779296875 272.29998779296875 271.068756103515625 268.350006103515625 264.068756103515625 259.837493896484375 258.287506103515625 261.649993896484375 265.38751220703125 268.931243896484375 265.35626220703125 263.35626220703125 262.42498779296875 262.787506103515625 266.068756103515625 270.6875 275.75 284.068756103515625 292.73748779296875 301.493743896484375 312.76873779296875 323.899993896484375 333.875 343.568756103515625 352.15625 358.34375 357.368743896484375 357.875 355.51873779296875 352.46875
260.318756103515625 258.51873779296875 256.45001220703125 256.350006103515625 256.21875 255.6750030517578125 256.756256103515625 261.993743896484375 267.01251220703125 273.95001220703125 285.38751220703125 296.006256103515625 296.78125 295.26251220703125 294.54998779296875 291.82501220703125 289.01251220703125 282.23126220703125 276.46875 268.681243896484375 262.36248779296875 261.48126220703125 267.79376220703125 276.149993896484375 277.475006103515625 269.92498779296875 267.76873779296875 266.875 268.33123779296875 273.82501220703125 279.149993896484375 284.149993896484375 293 301.98748779296875 311.26873779296875 322.70001220703125 334.04998779296875 343.73748779296875 353.493743896484375 363.17498779296875 369.75 367.91876220703125 363.45623779296875 358.07501220703125 351.912506103515625
273.85626220703125 272.556243896484375 271.149993896484375 270.78125 270.9375 273.225006103515625 275.79376220703125 280.837493896484375 287.475006103515625 296.225006103515625 307.96875 319.73748779296875 321.6875 316.350006103515625 314.01873779296875 310.01873779296875 304.26873779296875 296.675018310546875 287.78125 276.86248779296875 263.26251220703125 263.600006103515625 272.08123779296875 277.225006103515625 272.28125 266.006256103515625 268.83123779296875 271.868743896484375 274.32501220703125 281.131256103515625 287.33123779296875 292.51251220703125 300.63751220703125 309.53125 318.8125 330.11248779296875 340.681243896484375 350.15625 359.35626220703125 369.01873779296875 377.51873779296875 373.61248779296875 361.087493896484375 348.743743896484375 340.16876220703125
285.57501220703125 285.243743896484375 284.274993896484375 284.45623779296875 285.712493896484375 287.29376220703125 291.36248779296875 299.4375 307.006256103515625 316.38751220703125 325.625 335.40625 337.024993896484375 335.16876220703125 330.193756103515625 326.675018310546875 319.29376220703125 311.13751220703125 300.23126220703125 289.10626220703125 277.681243896484375 275.20623779296875 276.568756103515625 277.95001220703125 272.181243896484375 268.48126220703125 272.01251220703125 275.850006103515625 280.98748779296875 288.068756103515625 294.88751220703125 300.58123779296875 307.96875 315.51251220703125 325.13751220703125 335.568756103515625 346.29376220703125 356.63751220703125 364.006256103515625 370.79998779296875 374.662506103515625 360.587493896484375 349.256256103515625 342.33123779296875 337.71875
295.89373779296875 295.76251220703125 295.98126220703125 296.774993896484375 299.875 302.975006103515625 309.01873779296875 316.60626220703125 323.95623779296875 331.837493896484375 341.1875 349.51873779296875 353.01251220703125 352.975006103515625 347.60626220703125 342.76873779296875 334.92498779296875 324.38751220703125 313.962493896484375 304.931243896484375 294.587493896484375 287.318756103515625 285.01873779296875 283.043731689453125 280.399993896484375 277.96875 280.631256103515625 285.17498779296875 289.850006103515625 297.774993896484375 303.66876220703125 307.318756103515625 315.40625 321.399993896484375 329.181243896484375 337.54376220703125 348.29376220703125 359.23748779296875 363.82501220703125 358.78125 348.63751220703125 341.149993896484375 339.993743896484375 338.51873779296875 332.04998779296875
304.837493896484375 304.41876220703125 305.59375 307.23126220703125 311.524993896484375 315.850006103515625 323.01251220703125 330.76251220703125 337.274993896484375 345.92498779296875 355.318756103515625 364.17498779296875 369.17498779296875 370.20623779296875 365.931243896484375 356.73748779296875 349.493743896484375 338.96875 327.58123779296875 318.875 310.631256103515625 302.375 296.662506103515625 292.96875 289.556243896484375 287.131256103515625 288.84375 294.75 300.88751220703125 309.524993896484375 315.068756103515625 316.993743896484375 319.943756103515625 324.28125 329.556243896484375 339.868743896484375 350.34375 358.65625 359.03125 347.899993896484375 330.506256103515625 326.556243896484375 330.568756103515625 330.23748779296875 326.068756103515625
311.399993896484375 311.61248779296875 312.57501220703125 315.70001220703125 321.631256103515625 327.037506103515625 335.38751220703125 343.587493896484375 350.587493896484375 358.38751220703125 368.67498779296875 379.41876220703125 385.59375 387.625 383.743743896484375 375.14373779296875 360.04998779296875 348.618743896484375 339.76873779296875 334.23748779296875 325.024993896484375 316.54376220703125 308.60626220703125 302.79376220703125 299.818756103515625 295.85626220703125 296.63751220703125 302.875 311.59375 321.693756103515625 328.26251220703125 328.88751220703125 327.931243896484375 327.568756103515625 334.225006103515625 344 352.17498779296875 361.54376220703125 365.13751220703125 347.76873779296875 329.26873779296875 324.087493896484375 323.75 324.11248779296875 321.181243896484375
318.64373779296875 319.100006103515625 320.600006103515625 325.34375 331.331268310546875 338.625 347.943756103515625 356.84375 363.53125 371.59375 379.649993896484375 393.493743896484375 401.774993896484375 404.63751220703125 400.087493896484375 389.07501220703125 372.993743896484375 356.53125 353.037506103515625 348.92498779296875 340.868743896484375 330.51251220703125 320.32501220703125 313.506256103515625 308.8125 305.23748779296875 303.95623779296875 312.36248779296875 324.162506103515625 335.98126220703125 340.243743896484375 331.756256103515625 328.712493896484375 329.39373779296875 332.975006103515625 341.475006103515625 353.131256103515625 362.29998779296875 361.60626220703125 351.58123779296875 333.89373779296875 324.90625 321.65625 320.92498779296875 318.381256103515625
322.20623779296875 323.39373779296875 326.306243896484375 333 340.85626220703125 349.443756103515625 357.76873779296875 368.57501220703125 375.91876220703125 383.64373779296875 391.087493896484375 402.26873779296875 413.59375 422.493743896484375 415.5625 399.78125 380.931243896484375 364.125 356.537506103515625 356.78125 352.412506103515625 343.54376220703125 326.09375 321.29376220703125 316.9375 314.67498779296875 316.91876220703125 323.23126220703125 335.58123779296875 348.03125 352.89373779296875 338.98748779296875 330.4375 322.70623779296875 322.375 334.193756103515625 348.03125 356.60626220703125 359.66876220703125 351.837493896484375 337.631256103515625 326.1875 320.34375 318.91876220703125 316.36248779296875
324.65625 325.975006103515625 330.04376220703125 336.17498779296875 345.85626220703125 357.60626220703125 367.868743896484375 377.756256103515625 384.76251220703125 391.875 397.881256103515625 409.462493896484375 425.462493896484375 440.86248779296875 427.63751220703125 402.662506103515625 380.16876220703125 369.41876220703125 363.899993896484375 363.23126220703125 354.868743896484375 341.287506103515625 329.912506103515625 325.287506103515625 322.5 322.79376220703125 325.618743896484375 332.73748779296875 340.09375 346.625 347.337493896484375 335.84375 323.649993896484375 310.493743896484375 306.09375 320.006256103515625 341.45001220703125 357.818756103515625 362.350006103515625 356.75 343.04998779296875 327.8125 322.29376220703125 319.568756103515625 316.59375
