data/historical-monthly-weather-data/wc2.1_cruts4.09_10m_prec_1994-06.asc
ncols        45
nrows        45
xllcorner    -63.500000000000
yllcorner    -7.500000000000
cellsize     0.166666666667
NODATA_value -9999
[rows 0 to 19 of 45, columns 0 to 43 of 45]
329.475006103515625 324.65625 318.45623779296875 322.26873779296875 321.32501220703125 322.17498779296875 316.6875 309.48748779296875 298.243743896484375 297.462493896484375 299.33123779296875 297.975006103515625 297.181243896484375 293.03125 288.28125 285.3125 279.84375 273.787506103515625 267.29376220703125 264.087493896484375 265.118743896484375 257.9375 252.5500030517578125 245.693756103515625 241 237.9562530517578125 240.318756103515625 245.1687469482421875 243.28125 242.0749969482421875 235.6750030517578125 235.818756103515625 239.21875 237.8249969482421875 237.006256103515625 236.4875030517578125 235.1875 235.6750030517578125 230.7687530517578125 228.4875030517578125 229.6750030517578125 235.662506103515625 233.225006103515625 233.71875
326.96875 323.07501220703125 324.91876220703125 327.462493896484375 332.51251220703125 333.70623779296875 328.29998779296875 320.85626220703125 317.181243896484375 315.76873779296875 314.193756103515625 310.100006103515625 300.73748779296875 293.79376220703125 286.181243896484375 280.412506103515625 272.100006103515625 263.48126220703125 256.875 255.2624969482421875 254.8000030517578125 248.899993896484375 245.9812469482421875 241.7687530517578125 237.037506103515625 232.8249969482421875 234.8312530517578125 236.09375 234.337493896484375 229.2375030517578125 227.3874969482421875 232.212493896484375 233.1687469482421875 233.693756103515625 234.6437530517578125 230.6999969482421875 230.818756103515625 230.068756103515625 225.9562530517578125 224.71875 229.024993896484375 224.912506103515625 229.1374969482421875 229.556243896484375
318.89373779296875 324.70001220703125 327.57501220703125 326.274993896484375 333.34375 338.73748779296875 337.3125 339.412506103515625 336.88751220703125 334.618743896484375 329.03125 318.86248779296875 309.587493896484375 294.375 283.256256103515625 274.631256103515625 263.07501220703125 254.5625 248.131256103515625 244.1875 244.493743896484375 244.506256103515625 241.1750030517578125 241.3937530517578125 233.6437530517578125 228.118743896484375 233.3562469482421875 231.6374969482421875 225.8874969482421875 226.649993896484375 222.662506103515625 223.2375030517578125 223.5749969482421875 225.9250030517578125 224.274993896484375 216.40625 219.318756103515625 222.4812469482421875 220.149993896484375 220.46875 227.3125 226.443756103515625 227.6812591552734375 226.4812469482421875
308.931243896484375 309.65625 319.9375 326.20001220703125 330.33123779296875 336.48126220703125 342.412506103515625 347.8125 350.98126220703125 351.15625 341.193756103515625 325.618743896484375 309.743743896484375 292.01251220703125 280.037506103515625 269.274993896484375 253.40625 245.818756103515625 239.2687530517578125 242.087493896484375 240.5625 235.212493896484375 234.131256103515625 236.46875 228.787506103515625 223.787506103515625 225.2624969482421875 220.5500030517578125 218.4562530517578125 219.6687469482421875 217.9250030517578125 215.162506103515625 215.0625 212.0437469482421875 210.6624908447265625 214.4375 218.3874969482421875 218.84375 216.681243896484375 217.8000030517578125 223.4187469482421875 227.912506103515625 228.6437530517578125 226.5187530517578125
323 320.350006103515625 311.79998779296875 321.48126220703125 335.14373779296875 336.975006103515625 344.212493896484375 356.98126220703125 367.48748779296875 369.149993896484375 357.087493896484375 328.67498779296875 310.48126220703125 292.774993896484375 275.59375 262.306243896484375 248.1999969482421875 235.03125 227.868743896484375 228.2624969482421875 226.8125 225.90625 226.368743896484375 227.475006103515625 220.65625 217.306243896484375 215.3125 216.15625 214.1125030517578125 210.725006103515625 212.056243896484375 212.0812530517578125 209.7687530517578125 208.8249969482421875 211.037506103515625 210.0749969482421875 213.5500030517578125 217.806243896484375 214.600006103515625 213.6875 220.287506103515625 224.631256103515625 227.5187530517578125 230.0749969482421875
321.068756103515625 324.79998779296875 318.35626220703125 306.42498779296875 324.381256103515625 340.34375 343.568756103515625 351.975006103515625 367.274993896484375 371.131256103515625 351.76251220703125 324.243743896484375 306.26873779296875 288.381256103515625 268.3125 254.4250030517578125 238.806243896484375 226.5500030517578125 222.806243896484375 220.8562469482421875 222.412506103515625 220.8000030517578125 219.931243896484375 215.8625030517578125 213.8249969482421875 211.8125 207.6437530517578125 208.256256103515625 206.96875 204.375 208.3874969482421875 209.2624969482421875 211.0749969482421875 209.0749969482421875 206.5124969482421875 213.493743896484375 213.5625 210.2062530517578125 212.649993896484375 219.587493896484375 221.6687469482421875 227.9250030517578125 227.9375 229.524993896484375
326.83123779296875 327.29376220703125 322.54998779296875 316.837493896484375 313.337493896484375 314.962493896484375 318.32501220703125 334.399993896484375 337.856231689453125 340.75 330.51873779296875 309.28125 296.45623779296875 282.493743896484375 263.943756103515625 248.6374969482421875 235.774993896484375 224.493743896484375 215.59375 214.725006103515625 210.5187530517578125 209.962493896484375 207.943756103515625 207.5625 210.3125 208.381256103515625 203.462493896484375 201.2687530517578125 199.6999969482421875 205.100006103515625 203.837493896484375 201.7062530517578125 202.350006103515625 206.09375 211.056243896484375 212.412506103515625 207.912506103515625 208.625 210.149993896484375 218.462493896484375 220.649993896484375 224.4499969482421875 228.1125030517578125 229.96875
328.29998779296875 322.693756103515625 319.25 322.587493896484375 319.9375 325.125 312.21875 301.26873779296875 292.01251220703125 299.76873779296875 301.54376220703125 292.256256103515625 284.149993896484375 271.662506103515625 260.0625 245.65625 229.2375030517578125 219.59375 210.5437469482421875 202.90625 209.787506103515625 206.006256103515625 202.462493896484375 201.381256103515625 203.943756103515625 199.8125 196.431243896484375 194.225006103515625 193.0437469482421875 193.7375030517578125 201.1374969482421875 198.9562530517578125 201.3000030517578125 203.631256103515625 203 203.493743896484375 203.6875 204.6374969482421875 201.8937530517578125 204.2687530517578125 209.65625 218.006256103515625 216.4812469482421875 214.337493896484375
324.756256103515625 322.61248779296875 315.375 314.76873779296875 315.16876220703125 311.9375 310.88751220703125 305.90625 285.38751220703125 272.76873779296875 270.787506103515625 268.14373779296875 269.743743896484375 260.9375 252.181243896484375 238.225006103515625 231.4499969482421875 224.912506103515625 217.993743896484375 206.6125030517578125 199.1687469482421875 204.15625 195.5187530517578125 200.3625030517578125 197.8625030517578125 195.037506103515625 192.162506103515625 192.5625 196.1125030517578125 196.212493896484375 204.337493896484375 194.40625 189.1125030517578125 189.600006103515625 195.006256103515625 203.149993896484375 207.162506103515625 211.1374969482421875 208.243743896484375 205.256256103515625 204.868743896484375 203.78125 211.1125030517578125 208.600006103515625
321.42498779296875 320.5 314.36248779296875 313.04376220703125 311.98748779296875 306.95001220703125 303.8125 293.899993896484375 284.756256103515625 274.34375 263.42498779296875 248.350006103515625 252.71875 249.5 244.84375 237.381256103515625 228.5749969482421875 229.399993896484375 223.46875 216.46875 204.662506103515625 199.087493896484375 188.4875030517578125 189.875 186.1062469482421875 187.65625 186.4875030517578125 185.53125 185.693756103515625 191.3874969482421875 196.65625 191.7062530517578125 191.9499969482421875 193.7624969482421875 194.2937469482421875 199.59375 206.71875 213.6750030517578125 213.837493896484375 218 220.7937469482421875 218.6875 209.2062530517578125 197.6999969482421875
321.8125 318.14373779296875 311.556243896484375 307.71875 303.1875 302.068756103515625 291.912506103515625 282.65625 277.368743896484375 270.381256103515625 262.98748779296875 249.4187469482421875 239.6437530517578125 238.225006103515625 234.5 230.8125 225.243743896484375 221.068756103515625 220.493743896484375 221.225006103515625 221.4250030517578125 209.1937408447265625 190.2624969482421875 172.9875030517578125 176.875 187.8312530517578125 189.0124969482421875 184.8125 181.193756103515625 184.631256103515625 189.0187530517578125 188.1875 191.225006103515625 194.662506103515625 197.375 198.59375 205.712493896484375 210.149993896484375 219.0187530517578125 220.556243896484375 221.5437469482421875 215.3249969482421875 210.818756103515625 192.631256103515625
313.15625 310.881256103515625 308.95623779296875 300.67498779296875 297.17498779296875 290.85626220703125 288.462493896484375 281.92498779296875 275.225006103515625 260.86248779296875 257.337493896484375 248.6437530517578125 230.337493896484375 229.25 232.568756103515625 227.96875 222.5749969482421875 220.443756103515625 222.2375030517578125 231.212493896484375 232.475006103515625 222.0500030517578125 200.587493896484375 177.3625030517578125 174.024993896484375 176.087493896484375 174.868743896484375 175.837493896484375 178.037506103515625 179.2687530517578125 176.274993896484375 180.6062469482421875 185.4562530517578125 186.037506103515625 192.993743896484375 201.3249969482421875 211.756256103515625 218.399993896484375 216.006256103515625 223.443756103515625 225.212493896484375 217.131256103515625 197.5812530517578125 169.493743896484375
310.17498779296875 305.71875 301.07501220703125 293.181243896484375 291.212493896484375 282.33123779296875 277.83123779296875 272.418731689453125 262.20623779296875 252.90625 247.475006103515625 243.350006103515625 234.7375030517578125 218.75 217.056243896484375 217.71875 215.037506103515625 216.25 211.100006103515625 217.90625 223.3312530517578125 214.3625030517578125 198.8312530517578125 180.4187469482421875 165.756256103515625 164.6437530517578125 168.3625030517578125 171.5812530517578125 176.087493896484375 180.5500030517578125 176.193756103515625 173.743743896484375 182.3874969482421875 181.1437530517578125 187.274993896484375 198.59375 215.006256103515625 226.287506103515625 238.006256103515625 237.6750030517578125 228.0749969482421875 216.03125 186.618743896484375 163.399993896484375
304.243743896484375 300.162506103515625 293.4375 286.60626220703125 279.506256103515625 273.431243896484375 266.17498779296875 263.243743896484375 256.337493896484375 245.15625 238.506256103515625 230.681243896484375 226.3249969482421875 217.1999969482421875 201.5812530517578125 206.2937469482421875 202.8312530517578125 200.899993896484375 199.15625 203.462493896484375 206.431243896484375 199.0437469482421875 187.4187469482421875 178.21875 169.243743896484375 162.649993896484375 161.6750030517578125 162.5625 166.3562469482421875 169.6750030517578125 172.7937469482421875 173.03125 177.7375030517578125 183.40625 185.0124969482421875 204.712493896484375 227.8562469482421875 247.1750030517578125 259.83123779296875 254.024993896484375 223.287506103515625 201.1062469482421875 191.65625 190.53125
292.20623779296875 288.65625 285.487518310546875 280.818756103515625 273.149993896484375 266.649993896484375 261.63751220703125 255.649993896484375 248.15625 239.4375 230.7937469482421875 224.7312469482421875 219.662506103515625 208.8562469482421875 190.7375030517578125 192.5500030517578125 191.068756103515625 193.306243896484375 187.3562469482421875 189.024993896484375 193.162506103515625 188.0437469482421875 182.65625 178.4562530517578125 177.0749969482421875 172.4812469482421875 171.943756103515625 171.4250030517578125 176.318756103515625 173.0749969482421875 168.662506103515625 172.4187469482421875 184.3874969482421875 183.193756103515625 179.118743896484375 189.162506103515625 224.125 260.40625 270.181243896484375 259.100006103515625 244.1875 231.15625 227.462493896484375 208.618743896484375
284.100006103515625 277.63751220703125 274.76251220703125 267.63751220703125 265.59375 260.60626220703125 253.850006103515625 246.068756103515625 242.53125 239.0500030517578125 230.3000030517578125 223.1687469482421875 218.15625 208.1687469482421875 192.625 173.53125 176.475006103515625 182.6062469482421875 177.4187469482421875 178.131256103515625 180.0812530517578125 178.1750030517578125 177.8249969482421875 180.225006103515625 180.4375 177.3625030517578125 174.506256103515625 176.2624969482421875 178.274993896484375 182.6125030517578125 181.131256103515625 178.0812530517578125 174.3249969482421875 170.34375 167.7687530517578125 201.087493896484375 220.881256103515625 248.0625 269.15625 279.23126220703125 281.13751220703125 267.92498779296875 245.149993896484375 215.8562469482421875
273.731231689453125 269.625 263.51251220703125 261.493743896484375 258.89373779296875 255.375 248.6750030517578125 242.8937530517578125 234.256256103515625 228.774993896484375 225.2937469482421875 220.8625030517578125 212.537506103515625 203.3000030517578125 195.4562530517578125 178.225006103515625 158.649993896484375 162.850006103515625 165.818756103515625 165.1437530517578125 164.681243896484375 167.375 168.5437469482421875 178.1062469482421875 179.4562530517578125 171.7312469482421875 169.90625 171.375 179.975006103515625 186.006256103515625 189.493743896484375 191.21875 187.7687530517578125 191.1687469482421875 207.96875 224.6875 249.743743896484375 273.01251220703125 294.86248779296875 290.149993896484375 293.068756103515625 270.61248779296875 238.8249969482421875 216.256256103515625
262.03125 259.41876220703125 258.61248779296875 256.912506103515625 255.4375 255.006256103515625 247.287506103515625 240.587493896484375 232.03125 222.274993896484375 215.537506103515625 214.8125 205.412506103515625 197.8874969482421875 193.1875 180.850006103515625 162.118743896484375 144.6374969482421875 157.412506103515625 152 151.3125 153.787506103515625 160.693756103515625 169.037506103515625 175.0500030517578125 168.412506103515625 163.9812469482421875 173.068756103515625 180.8312530517578125 182.7312469482421875 177.4375 173.59375 202.131256103515625 213.15625 223.4875030517578125 266.100006103515625 287.48748779296875 286.899993896484375 294.85626220703125 293.556243896484375 271.118743896484375 245.4499969482421875 220.9499969482421875 205.53125
251.9187469482421875 252.943756103515625 252.5187530517578125 252.6125030517578125 252.8625030517578125 248.8249969482421875 243.0187530517578125 235.912506103515625 229.78125 222.743743896484375 214.0625 202.90625 195.631256103515625 191.0749969482421875 183.287506103515625 174.3937530517578125 167.3312530517578125 146.712493896484375 137.6374969482421875 135.6999969482421875 140.6875 148.4499969482421875 140.3125 153.243743896484375 159.9375 167.600006103515625 170.375 170.912506103515625 182.5124969482421875 183.8249969482421875 181.3312530517578125 186.6875 204.40625 212.9250030517578125 231.9875030517578125 264.20001220703125 274.662506103515625 271.64373779296875 276.36248779296875 265.78125 246.368743896484375 218.2375030517578125 204.787506103515625 197.46875
245.65625 247.587493896484375 245.40625 240.212493896484375 239.0812530517578125 241.881256103515625 237.7375030517578125 230.15625 228.75 223.4499969482421875 216.125 209.4250030517578125 200.118743896484375 189.71875 179.4375 160.993743896484375 149.1062469482421875 149.381256103515625 139.6999969482421875 139.125 127.8312530517578125 129.0625 138.899993896484375 146.1687469482421875 146.850006103515625 148.46875 153.1062469482421875 167.6687469482421875 169.368743896484375 168.056243896484375 171.8249969482421875 194.600006103515625 206.09375 213.21875 223.431243896484375 244.1374969482421875 258.774993896484375 257.8125 252.03125 241.6125030517578125 219.84375 193.006256103515625 191.03125 189.2312469482421875
