data/historical-monthly-weather-data/wc2.1_cruts4.09_10m_prec_1961-02.asc
ncols        51
nrows        45
xllcorner    -63.500000000000
yllcorner    -7.500000000000
cellsize     0.166666666667
NODATA_value -9999
[rows 0 to 19 of 45, columns 0 to 44 of 51]
112.47499847412109375 110.40000152587890625 105.8249969482421875 102.97499847412109375 98.8625030517578125 96.84375 93.9562530517578125 89.80625152587890625 86.75624847412109375 85.47499847412109375 86.4812469482421875 88.05625152587890625 89.3937530517578125 87.9375 88.53749847412109375 89.43125152587890625 90.84999847412109375 90.16249847412109375 91.8874969482421875 93.96250152587890625 96.24375152587890625 98.59999847412109375 102.375 107.40625 113.4375 120.38124847412109375 129.3562469482421875 139.2375030517578125 150.0124969482421875 160.1687469482421875 171.4187469482421875 183.375 192.9875030517578125 203.162506103515625 213.9499969482421875 221.21875 225.9250030517578125 229.774993896484375 232.306243896484375 232.506256103515625 233.8937530517578125 234.21875 232.568756103515625 234.2312469482421875 233.9375
117.34375 116.00624847412109375 113.80625152587890625 111.0437469482421875 108.8562469482421875 108.81874847412109375 107.19374847412109375 106.09999847412109375 105.77500152587890625 105.2375030517578125 105.3937530517578125 105.53125 105.4375 104.30625152587890625 103.8937530517578125 103.50624847412109375 103.8312530517578125 104.6374969482421875 107.08750152587890625 109.72499847412109375 112.3312530517578125 115.77500152587890625 120.2062530517578125 125.53125 131.1875 138.4250030517578125 146.6374969482421875 156.287506103515625 166.337493896484375 177.431243896484375 188.743743896484375 202.6812591552734375 213.837493896484375 226.212493896484375 237.4375 244.443756103515625 249.274993896484375 252.3562469482421875 254.024993896484375 253.4625091552734375 253.693756103515625 252.75 249.681243896484375 249.5749969482421875 248.3625030517578125
121.1687469482421875 120.48749542236328125 119.61875152587890625 118.875 118.9875030517578125 120.625 122.56874847412109375 125.3562469482421875 128.087493896484375 128.84375 128.412506103515625 127.46875 125.97499847412109375 123.5437469482421875 121.59999847412109375 119.8249969482421875 118.6687469482421875 119.44374847412109375 121.22499847412109375 123.66875457763671875 126.95000457763671875 132.100006103515625 136.8625030517578125 142.875 150.556243896484375 157.631256103515625 165.568756103515625 175.03125 183.6374969482421875 194.0187530517578125 206.5812530517578125 220.1875 232.649993896484375 244.25 257.11248779296875 262.943756103515625 268.48126220703125 273.337493896484375 273.57501220703125 272.61248779296875 271.85626220703125 268.962493896484375 264.693756103515625 260.96875 260.01251220703125
123.36875152587890625 123.43125152587890625 125.21875 126.90625 130.881256103515625 134.25 139.618743896484375 146.5749969482421875 153.118743896484375 156.631256103515625 155.90625 152.4375 147.96875 143.618743896484375 140.5 137.4499969482421875 135.1437530517578125 133.90625 135.3125 138.943756103515625 143.743743896484375 149.193756103515625 154.2062530517578125 161.3874969482421875 169.556243896484375 177.53125 185.931243896484375 194.256256103515625 201.9375 212.8249969482421875 224.4375 239.381256103515625 251.1062469482421875 263.712493896484375 275.73748779296875 283.25 289.25 293.88751220703125 295.09375 294.100006103515625 290.78125 286.04998779296875 280.11248779296875 273.75 271.59375
128.3937530517578125 127.40000152587890625 129.368743896484375 133.850006103515625 140.618743896484375 147.412506103515625 155.1875 166.7624969482421875 179.125 187.375 183.375 175.837493896484375 170.318756103515625 165 159.7937469482421875 155.5500030517578125 152.3000030517578125 149.3249969482421875 150.881256103515625 154.9499969482421875 161.1374969482421875 166.3874969482421875 172.6187591552734375 180.9625091552734375 189.6062469482421875 198.5812530517578125 204.71875 211.4812469482421875 220.7624969482421875 232.006256103515625 244.1374969482421875 257.199981689453125 270.60626220703125 283.86248779296875 295.95623779296875 303.943756103515625 311.45623779296875 317.193756103515625 318.29376220703125 315.375 311.82501220703125 303.79376220703125 294.61248779296875 286.431243896484375 281.28125
132.6062469482421875 132.8125 134.5749969482421875 138.5 145.4499969482421875 154.4187469482421875 164.7062530517578125 177.649993896484375 192.5500030517578125 204.7312469482421875 198.8000030517578125 190.631256103515625 185.4499969482421875 180.8937530517578125 176.1999969482421875 172.9812469482421875 169.0187530517578125 166.475006103515625 168.962493896484375 173.725006103515625 179.34375 185.193756103515625 191.712493896484375 199.431243896484375 207.25 216.631256103515625 222.899993896484375 228.6999969482421875 236.53125 247.506256103515625 259.58123779296875 272.524993896484375 284.20001220703125 299.45001220703125 312.45001220703125 320.5 328.71875 335.01873779296875 337.725006103515625 335.01873779296875 328.756256103515625 319.131256103515625 308.850006103515625 299.23748779296875 290.1875
137.3000030517578125 137.8937530517578125 140.3937530517578125 143.493743896484375 149.9187469482421875 158.649993896484375 169.1875 180.399993896484375 192.681243896484375 200.3312530517578125 201.84375 199.3874969482421875 196.774993896484375 194.3874969482421875 191.962493896484375 190.0625 188.774993896484375 189.3625030517578125 191.9812469482421875 194.6437530517578125 198.3562469482421875 204.193756103515625 209.506256103515625 216.5812530517578125 226.3000030517578125 234.6687469482421875 240.6062469482421875 246.7624969482421875 252.125 261.931243896484375 275.07501220703125 287.881256103515625 300.23748779296875 311.73748779296875 324.256256103515625 334.806243896484375 342.993743896484375 350.76251220703125 356.25 353.67498779296875 344.63751220703125 334.381256103515625 323.82501220703125 312.9375 301.65625
141.681243896484375 141.7687530517578125 144.412506103515625 149.100006103515625 155.4499969482421875 163.0500030517578125 171.243743896484375 179.118743896484375 186.21875 193.375 201.149993896484375 205.46875 207.2312469482421875 206.6687469482421875 206.181243896484375 206.537506103515625 207.3312530517578125 211.149993896484375 215.693756103515625 215.2687530517578125 216.850006103515625 221.6875 226.84375 234.493743896484375 244.256256103515625 252.5749969482421875 258.087493896484375 262.868743896484375 268.76251220703125 277.975006103515625 288.85626220703125 302.17498779296875 313.79376220703125 325.556243896484375 336.912506103515625 346.20001220703125 354.875 362.51873779296875 367.087493896484375 366 359.51251220703125 350.399993896484375 340.04376220703125 327.712493896484375 317.45001220703125
146.9187469482421875 147.2687530517578125 149.9562530517578125 154.7312469482421875 160.34375 166.3625030517578125 173.625 179.4812469482421875 183.3562469482421875 190.0124969482421875 200.537506103515625 209.0124969482421875 213.78125 215.6687469482421875 215.975006103515625 217.78125 219.350006103515625 223.037506103515625 228.274993896484375 227.412506103515625 228.087493896484375 233.2375030517578125 239.5 250.024993896484375 260.32501220703125 268.84375 273.17498779296875 277.443756103515625 283.53125 291.600006103515625 302.068756103515625 314.412506103515625 324.95623779296875 335.212493896484375 345.60626220703125 355.53125 364.381256103515625 372.08123779296875 378.13751220703125 378.83123779296875 374.162506103515625 366.9375 359.01873779296875 348.868743896484375 340.51251220703125
152.0749969482421875 152.743743896484375 155.818756103515625 160.0187530517578125 164.84375 170.3562469482421875 177.600006103515625 183.5124969482421875 189.8312530517578125 197.2624969482421875 207.5 214.7937469482421875 221.4499969482421875 223.993743896484375 225.4499969482421875 226.3249969482421875 227.3312530517578125 230.21875 232.0437469482421875 232.7062530517578125 235.8249969482421875 242.875 251.7937469482421875 265.39373779296875 276.475006103515625 284.92498779296875 289.51873779296875 292.32501220703125 298.73748779296875 306.037506103515625 313.818756103515625 324.15625 334.20623779296875 345.162506103515625 355.70623779296875 365.01251220703125 373.83123779296875 380.40625 387.01251220703125 390.63751220703125 390.07501220703125 385.70001220703125 378.65625 368.70623779296875 363.149993896484375
156.693756103515625 157.493743896484375 160.6125030517578125 164.5749969482421875 168.881256103515625 174.5 181.649993896484375 189.15625 197.162506103515625 206.024993896484375 216.7312469482421875 224.6062469482421875 230.2937469482421875 232.899993896484375 234.0187530517578125 234.2937469482421875 233.912506103515625 234.774993896484375 235.131256103515625 236.5500030517578125 240.712493896484375 249.5437469482421875 262.76873779296875 276.212493896484375 291.98126220703125 300.57501220703125 303.73126220703125 307.368743896484375 311.84375 317.306243896484375 324.70623779296875 333.393768310546875 342.1875 352.54376220703125 364.318756103515625 374.212493896484375 381.20001220703125 389.149993896484375 396.443756103515625 400.568756103515625 402.318756103515625 399.506256103515625 394.88751220703125 387.25 381.8125
161.975006103515625 162.649993896484375 165.4375 169.6187591552734375 174.337493896484375 180.225006103515625 187.631256103515625 196.78125 205.5 215.212493896484375 226.7624969482421875 235.537506103515625 239.6062469482421875 241.0124969482421875 241.9375 240.931243896484375 239.912506103515625 239.1687469482421875 237.9187469482421875 238 242.40625 253.59375 271.712493896484375 290.26251220703125 306.01251220703125 312.8125 314.45001220703125 317.225006103515625 321.587493896484375 327.36248779296875 333.631256103515625 340.1875 348.64373779296875 358.04998779296875 368.962493896484375 379.21875 388.712493896484375 397.368743896484375 405.54376220703125 411.193756103515625 414.92498779296875 412.40625 405.475006103515625 395.306243896484375 387.493743896484375
165.5 166.6125030517578125 170 174.1999969482421875 179.7937469482421875 186.46875 194.8249969482421875 204.006256103515625 213.068756103515625 224.274993896484375 235.9499969482421875 244.8249969482421875 248.46875 247.818756103515625 247.90625 246.006256103515625 244.443756103515625 244.068756103515625 243.46875 242.600006103515625 245.0500030517578125 258.41876220703125 279.600006103515625 298.125 311.10626220703125 318.40625 322.46875 325.79376220703125 329.66876220703125 334.88751220703125 340.4375 345.95001220703125 352.131256103515625 361.381256103515625 372.100006103515625 381.818756103515625 391.42498779296875 402.850006103515625 412.98748779296875 420.368743896484375 427.04998779296875 423.48126220703125 411.76873779296875 398.4375 386.806243896484375
168.087493896484375 169.4812469482421875 173.274993896484375 178.0625 184.381256103515625 191.5625 201.03125 210.8249969482421875 220.649993896484375 231.5 242.3625030517578125 249.443756103515625 252.8000030517578125 253.662506103515625 252.125 250.8312530517578125 248.5749969482421875 249.399993896484375 249.431243896484375 250.9375 258.04998779296875 271.600006103515625 289.881256103515625 304.006256103515625 315.35626220703125 323.381256103515625 328.693756103515625 332.318756103515625 336.85626220703125 339.86248779296875 344.431243896484375 348.35626220703125 353.524993896484375 362.29998779296875 372.04998779296875 382.67498779296875 394.95623779296875 408.13751220703125 421.38751220703125 430.243743896484375 434.38751220703125 425 414.64373779296875 403.975006103515625 393.006256103515625
169.5749969482421875 171.1062469482421875 175.65625 181.868743896484375 188.1750030517578125 196.5187530517578125 207.068756103515625 217.118743896484375 227.493743896484375 238.162506103515625 247.756256103515625 254.65625 258.04998779296875 259.11248779296875 258.118743896484375 256.25 254.774993896484375 255.912506103515625 257.506256103515625 261.45001220703125 271.381256103515625 284.58123779296875 301.04998779296875 312.631256103515625 321.82501220703125 330.818756103515625 336.037506103515625 338.931243896484375 342.60626220703125 345.243743896484375 346.70001220703125 347.875 352.506256103515625 359.04998779296875 368.318756103515625 378.76251220703125 394.274993896484375 411.64373779296875 427.35626220703125 436.34375 435.4375 428.61248779296875 420.63751220703125 409.318756103515625 396.76251220703125
169.9499969482421875 171.78125 177.1437530517578125 184.1062469482421875 191.681243896484375 200.806243896484375 211.837493896484375 222.0187530517578125 232.9562530517578125 244.5187530517578125 254.375 261.34375 265.08123779296875 265.693756103515625 264.568756103515625 260.98748779296875 260.943756103515625 264.08123779296875 267.462493896484375 272.9375 283.54998779296875 297.03125 312.337493896484375 323.23748779296875 330.0625 336.67498779296875 340.493743896484375 344.28125 348.70001220703125 350.493743896484375 351.068756103515625 348.70001220703125 348.131256103515625 351.399993896484375 357.243743896484375 369.462493896484375 388.131256103515625 410.662506103515625 432.350006103515625 443.20001220703125 442.256256103515625 433.07501220703125 422.91876220703125 410.850006103515625 396.0625
168.475006103515625 171.600006103515625 177.6062469482421875 185.3312530517578125 194.006256103515625 203.8874969482421875 215.3874969482421875 226.6374969482421875 238.0749969482421875 250.2937469482421875 261.631256103515625 269.46875 274.13751220703125 275.287506103515625 273.61248779296875 269.725006103515625 267.70001220703125 270.568756103515625 274.743743896484375 281.73126220703125 294.631256103515625 309.037506103515625 323.368743896484375 332.743743896484375 339.193756103515625 341.98748779296875 343.443756103515625 348.256256103515625 354.10626220703125 357.01873779296875 355.725006103515625 350.48748779296875 345.118743896484375 340.25 343.5 355.76873779296875 376.20001220703125 407.08123779296875 440.162506103515625 446.787506103515625 441.443756103515625 431.36248779296875 418.76873779296875 406.16876220703125 392.943756103515625
164.5812530517578125 168.8125 176.381256103515625 185.4250030517578125 194.90625 205.46875 217.6437530517578125 229.681243896484375 241.681243896484375 254.2375030517578125 267.118743896484375 277.71875 285.45623779296875 287.63751220703125 286.25 282.3125 276.67498779296875 275.23126220703125 280.83123779296875 287.8125 303.89373779296875 318.725006103515625 330.962493896484375 337.21875 342.21875 344.993743896484375 345.006256103515625 351.25 358.850006103515625 362.5 359.33123779296875 345.84375 336.32501220703125 328.006256103515625 326.181243896484375 334.118743896484375 360.63751220703125 392.46875 422.693756103515625 433.20001220703125 428.85626220703125 419.756256103515625 409.63751220703125 399.70001220703125 387.82501220703125
159.9250030517578125 165.3937530517578125 173.84375 183.2687530517578125 193.8562469482421875 206 218.256256103515625 231.59375 244.8625030517578125 257.76251220703125 272.181243896484375 284.3125 295.206268310546875 302.20623779296875 299.399993896484375 291.787506103515625 284.14373779296875 279.71875 282.48126220703125 290.39373779296875 308.899993896484375 325.4375 333.5 338.431243896484375 342.962493896484375 347.443756103515625 350 355.96875 364.57501220703125 369.712493896484375 366.70001220703125 348.95001220703125 332.34375 315.243743896484375 306.181243896484375 315.76251220703125 342.66876220703125 372.681243896484375 398.925018310546875 410.64373779296875 411.67498779296875 404.256256103515625 397.962493896484375 391.506256103515625 381.23126220703125
155.556243896484375 161.274993896484375 170.4499969482421875 180.6687469482421875 192.631256103515625 205.7312469482421875 219.381256103515625 232.5500030517578125 246.1999969482421875 259.79376220703125 274.056243896484375 287.743743896484375 302.70001220703125 315.943756103515625 310.256256103515625 296.100006103515625 284.57501220703125 281.256256103515625 283.21875 290.5625 305.39373779296875 319.625 332.962493896484375 337.743743896484375 342.29998779296875 347.17498779296875 352.45001220703125 360.40625 366.75 369.943756103515625 363.806243896484375 349.35626220703125 327.4375 303.07501220703125 285.98748779296875 299.25 331 361.306243896484375 383.48126220703125 395.212493896484375 395.868743896484375 389.443756103515625 388.40625 385.65625 377.149993896484375
