data/historical-monthly-weather-data/wc2.1_cruts4.09_10m_prec_1994-03.asc
ncols        51
nrows        45
xllcorner    -63.500000000000
yllcorner    -7.500000000000
cellsize     0.166666666667
NODATA_value -9999
[rows 20 to 39 of 45, columns 0 to 44 of 51]
293.381256103515625 304.95001220703125 315.67498779296875 326.787506103515625 338.462493896484375 349.48126220703125 359.287506103515625 366.42498779296875 369.912506103515625 368.818756103515625 364.875 362.868743896484375 361.71875 362.21875 351.26251220703125 334.149993896484375 318.95001220703125 308.368743896484375 302.04998779296875 296.64373779296875 296.91876220703125 298.04376220703125 298.681243896484375 304.63751220703125 312.13751220703125 320.462493896484375 329.42498779296875 338.21875 346.568756103515625 351.975006103515625 351.3125 345.3125 333.14373779296875 316.149993896484375 300.01873779296875 329.20623779296875 369.73126220703125 396.59375 413.73126220703125 423.881256103515625 429.681243896484375 431.16876220703125 429.993743896484375 429.1875 425.068756103515625
286.912506103515625 299.58123779296875 313.256256103515625 326.287506103515625 340.01873779296875 353.5625 365.67498779296875 375.568756103515625 379.61248779296875 375.01251220703125 364.95001220703125 356.89373779296875 350.26873779296875 346.63751220703125 338.931243896484375 328.40625 318.681243896484375 309.024993896484375 301.25 294.34375 290.76873779296875 288.899993896484375 290.787506103515625 295.712493896484375 303.237518310546875 313.48126220703125 326.287506103515625 335.287506103515625 343.100006103515625 347.25 345.23748779296875 339.375 330.493743896484375 321.149993896484375 318.600006103515625 339.13751220703125 371.787506103515625 397.95623779296875 414.90625 423.306243896484375 427.506256103515625 428.725006103515625 428.287506103515625 427.787506103515625 424.912506103515625
284.26873779296875 299 312.98748779296875 327.63751220703125 342.125 355.662506103515625 368.3125 382.625 390.375 380.29998779296875 364.3125 348.1875 335.39373779296875 330.66876220703125 327.881256103515625 322.375 315.024993896484375 306.3125 297.79998779296875 290.100006103515625 284.875 280.08123779296875 278.41876220703125 282.699981689453125 292.29376220703125 304.712493896484375 318.61248779296875 329.54998779296875 337.39373779296875 340.48126220703125 340.100006103515625 339.33123779296875 339.10626220703125 338.274993896484375 345.86248779296875 364.14373779296875 387.756256103515625 407.712493896484375 420.125 425.787506103515625 427.681243896484375 427.818756103515625 427.51873779296875 425.9375 423.818756103515625
286.57501220703125 300.875 315.26873779296875 330.368743896484375 345.0625 357.40625 370.850006103515625 384.399993896484375 389.837493896484375 377.043731689453125 358.09375 341.38751220703125 323.83123779296875 319.993743896484375 320.23748779296875 317.399993896484375 312.41876220703125 304.57501220703125 294.46875 285.350006103515625 278.149993896484375 271.193756103515625 267.11248779296875 270.537506103515625 278.1875 290.0625 304.92498779296875 318.943756103515625 329.82501220703125 336.98126220703125 341.95001220703125 345.29998779296875 349.9375 355.787506103515625 367.350006103515625 386.51251220703125 405.85626220703125 417.649993896484375 424.08123779296875 427.443756103515625 428.70001220703125 427.03125 425.943756103515625 422.91876220703125 422.899993896484375
295.07501220703125 307.193756103515625 318.89373779296875 333.662506103515625 349.48126220703125 360.806243896484375 370.243743896484375 378.76873779296875 379.48748779296875 370.337493896484375 356.5625 340.33123779296875 327.88751220703125 321.649993896484375 318.306243896484375 316.09375 311.13751220703125 303.51873779296875 293.743743896484375 282.09375 271.618743896484375 262.23748779296875 255.068756103515625 255.2312469482421875 263.4375 278.39373779296875 293.48748779296875 310.73748779296875 324.32501220703125 336.806243896484375 345.07501220703125 351.850006103515625 360.70623779296875 369.875 381.350006103515625 394.493743896484375 410.04998779296875 420.36248779296875 424.899993896484375 429.29998779296875 430.368743896484375 427.38751220703125 423.04998779296875 422.28125 416.962493896484375
308.462493896484375 319.931243896484375 327.556243896484375 340.649993896484375 352.92498779296875 361.40625 368.024993896484375 372.975006103515625 371.10626220703125 363.76251220703125 353.48126220703125 342.618743896484375 333.04376220703125 325.556243896484375 320.86248779296875 318.07501220703125 312.100006103515625 304.70001220703125 295.16876220703125 281.068756103515625 269.48126220703125 255.7062530517578125 243.5437469482421875 239.681243896484375 249.8312530517578125 267.912506103515625 287.33123779296875 304.837493896484375 321.26251220703125 336.837493896484375 349.07501220703125 360.29998779296875 372.14373779296875 380.681243896484375 389.58123779296875 399.66876220703125 411.61248779296875 420.787506103515625 426.175018310546875 429.756256103515625 431.462493896484375 426.693756103515625 418.21875 415.431243896484375 411.3125
325.368743896484375 331.73126220703125 338.36248779296875 346.67498779296875 354.850006103515625 360.725006103515625 364.149993896484375 366.26873779296875 364.006256103515625 359.725006103515625 353.51251220703125 345.524993896484375 337.962493896484375 331.693756103515625 327.181243896484375 322.943756103515625 318.48126220703125 309.568756103515625 298.65625 285.8125 271.29376220703125 255.4937591552734375 238.4187469482421875 232.1374969482421875 245.868743896484375 263.681243896484375 283.91876220703125 301.368743896484375 318.631256103515625 335.29998779296875 350.23748779296875 365.71875 380.462493896484375 387.11248779296875 393.70623779296875 402.899993896484375 413.899993896484375 422.08123779296875 427.96875 432.71875 432.8125 426.23126220703125 415.70001220703125 409.91876220703125 415.9375
344.13751220703125 347.024993896484375 350.475006103515625 354.975006103515625 357.837493896484375 360.34375 363.443756103515625 363.712493896484375 361.462493896484375 358.42498779296875 353.26873779296875 347.20001220703125 342.006256103515625 337.33123779296875 332.98126220703125 328.46875 324.41876220703125 317.73126220703125 307.25 294.618743896484375 280.07501220703125 263.45001220703125 250.8249969482421875 246.3249969482421875 254.1999969482421875 268.13751220703125 285.631256103515625 302.85626220703125 319.04376220703125 334.006256103515625 348.662506103515625 363.20623779296875 377.912506103515625 385.625 393.23748779296875 402.90625 411.787506103515625 421.524993896484375 429.125 436.587493896484375 441.38751220703125 432.86248779296875 417.33123779296875 410.41876220703125 428.9375
361.29376220703125 361.73748779296875 361.918731689453125 361.64373779296875 363.256256103515625 362.91876220703125 361.89373779296875 361.037506103515625 359.60626220703125 356.86248779296875 354.04376220703125 349.86248779296875 345.837493896484375 342.92498779296875 340.181243896484375 337.34375 335.21875 329.17498779296875 320.287506103515625 308.70001220703125 294.193756103515625 278.337493896484375 267.225006103515625 262.337493896484375 267.17498779296875 275.95623779296875 290.131256103515625 305.53125 320.274993896484375 334.11248779296875 346.11248779296875 358.45001220703125 372.54998779296875 382.5 391.756256103515625 401.618743896484375 409.76873779296875 419.48748779296875 427.89373779296875 435.25 445.20001220703125 436.54998779296875 421.39373779296875 424.61248779296875 447.45623779296875
372.84375 370.9375 368.125 365.274993896484375 364.162506103515625 361.149993896484375 359.693756103515625 358.493743896484375 357.67498779296875 355.58123779296875 353.881256103515625 352.350006103515625 351.118743896484375 349.76251220703125 348.050018310546875 346.34375 344.912506103515625 344.48126220703125 337.86248779296875 323.95001220703125 308.681243896484375 293.92498779296875 282.475006103515625 278.04376220703125 279.51873779296875 285.63751220703125 297.068756103515625 309.087493896484375 320.76873779296875 332.32501220703125 343.412506103515625 353.54376220703125 366.53125 379.23748779296875 390.08123779296875 399.006256103515625 406.9375 417.068756103515625 420.67498779296875 426.88751220703125 436.76873779296875 439.28125 435.443756103515625 445.431243896484375 458.243743896484375
380.087493896484375 375.89373779296875 370.912506103515625 367.33123779296875 364.8125 359.98748779296875 358.83123779296875 357.01251220703125 356.11248779296875 354.962493896484375 354.524993896484375 353.706268310546875 354.15625 353.399993896484375 353.350006103515625 353.818756103515625 355.98748779296875 357.04376220703125 354.89373779296875 340.53125 324.29376220703125 308.15625 297.11248779296875 291.725006103515625 290.556243896484375 295.48748779296875 303.1875 311.475006103515625 321.225006103515625 331.024993896484375 341.01251220703125 351.443756103515625 364.193756103515625 377.03125 388.6875 396.149993896484375 404.050018310546875 414.350006103515625 415.625 412.95623779296875 424.693756103515625 438.96875 447.92498779296875 459.875 473.1875
383.23748779296875 377.48126220703125 371.125 366.131256103515625 362.95623779296875 357.98748779296875 356.725006103515625 353.993743896484375 353.23748779296875 352.837493896484375 353.256256103515625 353.337493896484375 353.88751220703125 355.88751220703125 358.193756103515625 360.73748779296875 361.068756103515625 362.04998779296875 360.21875 350.76873779296875 334.70623779296875 320.5625 308.20623779296875 301.84375 301.61248779296875 303.412506103515625 307.70623779296875 314.712493896484375 320.84375 330.20623779296875 339.850006103515625 349.625 361.193756103515625 374.006256103515625 385.975006103515625 393.71875 403.33123779296875 412.162506103515625 410.100006103515625 411.5625 427.6875 447.54998779296875 462.48126220703125 482.162506103515625 500.0625
377.899993896484375 372.875 366.725006103515625 361.899993896484375 357.649993896484375 354.5 351.975006103515625 348.95623779296875 347.375 348.5 352.837493896484375 352.83123779296875 354.98748779296875 360.193756103515625 362.96875 365.024993896484375 364.73126220703125 366.068756103515625 363.15625 355.912506103515625 343.681243896484375 330.5625 318.07501220703125 312.875 310.98748779296875 310.82501220703125 313.318756103515625 318.09375 323.850006103515625 331.41876220703125 339.600006103515625 348.26251220703125 360.41876220703125 373.193756103515625 384.162506103515625 394.693756103515625 404.850006103515625 412.70001220703125 413.024993896484375 423.98748779296875 440.399993896484375 459.625 478.931243896484375 501.118743896484375 531.34375
370.743743896484375 366.17498779296875 362.475006103515625 358.493743896484375 354.662506103515625 350.625 347.10626220703125 344.037506103515625 342.13751220703125 343.33123779296875 348.15625 352.193756103515625 356.162506103515625 360.024993896484375 362.86248779296875 366.618743896484375 368.837493896484375 369.462493896484375 365.4375 359.3125 349.89373779296875 337.96875 327.42498779296875 320.743743896484375 317.899993896484375 315.725006103515625 317.76873779296875 320.649993896484375 326.506256103515625 332.399993896484375 338.381256103515625 347.16876220703125 360.04376220703125 372.51251220703125 385.368743896484375 396.38751220703125 406.21875 413.993743896484375 421.600006103515625 434.431243896484375 448.837493896484375 467.912506103515625 491.556243896484375 516.09375 549.79376220703125
363.693756103515625 360.550018310546875 358.16876220703125 354.537506103515625 349.431243896484375 345.98126220703125 341.48748779296875 338.95001220703125 335.287506103515625 335.287506103515625 342.08123779296875 349.649993896484375 356.98748779296875 362.09375 367.01873779296875 369.57501220703125 372.162506103515625 372.337493896484375 368.71875 363.024993896484375 355.212493896484375 343.806243896484375 333.45001220703125 326.07501220703125 322.806243896484375 320.38751220703125 320.618743896484375 323.46875 326.881256103515625 332.556243896484375 338.91876220703125 346.774993896484375 359.162506103515625 372.45623779296875 384.66876220703125 394.850006103515625 405.08123779296875 418.59375 429.08123779296875 441.10626220703125 455.1875 471.54376220703125 493.8125 518.23126220703125 546.11248779296875
357.23126220703125 354.16876220703125 351.806243896484375 348.76251220703125 344.625 340.29998779296875 336.337493896484375 331.25 325.41876220703125 325.20001220703125 332.524993896484375 343.66876220703125 356.625 366.381256103515625 371.368743896484375 374.83123779296875 376.118743896484375 375.64373779296875 373.26873779296875 368.9375 360.475006103515625 348.86248779296875 337.70001220703125 330.85626220703125 326.5625 323.212493896484375 322.95001220703125 325.587493896484375 328.58123779296875 332.943756103515625 338.88751220703125 345.36248779296875 356.36248779296875 370.42498779296875 382.51251220703125 392.17498779296875 405.256256103515625 418.67498779296875 427.28125 439.89373779296875 454.5625 469.09375 486.32501220703125 509.006256103515625 529.1312255859375
349.381256103515625 347.725006103515625 346.375 343.6875 340.993743896484375 337.45623779296875 332.54376220703125 326.83123779296875 318.45001220703125 313.100006103515625 324.256256103515625 344.6875 360.95623779296875 371.01873779296875 377.07501220703125 379.32501220703125 379.48748779296875 378.399993896484375 376.65625 370.475006103515625 362.46875 351.20001220703125 340.5625 332.225006103515625 327.100006103515625 323.76873779296875 323.600006103515625 326.96875 329.42498779296875 333.524993896484375 337.95001220703125 343.20001220703125 355.375 369.48748779296875 381.03125 392.0625 405.087493896484375 418.431243896484375 427.15625 436.056243896484375 447.65625 460.368743896484375 475.98748779296875 494.96875 511.21875
342.83123779296875 342.568756103515625 341.350006103515625 339.962493896484375 339.23748779296875 336.787506103515625 332.693756103515625 326.568756103515625 320.17498779296875 312.662506103515625 333.45623779296875 356.41876220703125 369.23748779296875 378.61248779296875 382.131256103515625 383.83123779296875 381.787506103515625 379.65625 376.20001220703125 368.92498779296875 359.14373779296875 348.787506103515625 340.40625 331.774993896484375 326.57501220703125 323.71875 323.46875 327.475006103515625 330.568756103515625 333.76873779296875 336.274993896484375 340.29376220703125 352.475006103515625 366.98126220703125 377.943756103515625 390.46875 403.100006103515625 413.76251220703125 423.48748779296875 432.82501220703125 440.21875 452.10626220703125 463.3125 474.212493896484375 487.306243896484375
338.26251220703125 337.91876220703125 338.037506103515625 337.88751220703125 338.09375 335.79998779296875 334.70001220703125 332.25 333.0625 343.399993896484375 367.125 374.850006103515625 379.006256103515625 384.34375 386.96875 387.45623779296875 384.83123779296875 380.600006103515625 374.5 365.51873779296875 353.8125 343.57501220703125 335.506256103515625 328.29998779296875 323.962493896484375 322.212493896484375 322.88751220703125 325.893768310546875 329.29998779296875 332.318756103515625 335.618743896484375 338.14373779296875 348.350006103515625 361.70001220703125 375.40625 385.60626220703125 395.98748779296875 407.34375 414.20623779296875 420.381256103515625 426.64373779296875 437.48126220703125 445.84375 455.399993896484375 463.9375
334.78125 334.45623779296875 335.36248779296875 335.51873779296875 337.306243896484375 338.73748779296875 338.53125 341.82501220703125 347.181243896484375 357.4375 371.61248779296875 381.42498779296875 386.850006103515625 390.1875 392.725006103515625 392.07501220703125 388.90625 382.26251220703125 372.79998779296875 362.78125 349.337493896484375 338.38751220703125 328.8125 322.274993896484375 320.100006103515625 319.54998779296875 320.087493896484375 323.75 326.975006103515625 329.368743896484375 331.21875 336.33123779296875 348.287506103515625 359.3125 371.100006103515625 381.09375 389.006256103515625 398.09375 405.11248779296875 407.681243896484375 411.32501220703125 420.20001220703125 427.087493896484375 433.868743896484375 440.368743896484375
