data/historical-monthly-weather-data/wc2.1_cruts4.09_10m_prec_1997-10.asc
ncols        45
nrows        45
xllcorner    -63.500000000000
yllcorner    -7.500000000000
cellsize     0.166666666667
NODATA_value -9999
[rows 19 to 37 of 45, columns 0 to 43 of 45]
92.03125 88.7937469482421875 87.16249847412109375 85.6875 84.38124847412109375 85.21875 85.8937530517578125 86.09375 87.0625 87.3562469482421875 85.875 80.67499542236328125 75.19374847412109375 70.1750030517578125 67.22499847412109375 64.9875030517578125 62.03125 60.612499237060546875 59.793750762939453125 59.15625 55.94374847412109375 53.625 52.737499237060546875 53.018749237060546875 52.24375152587890625 50.02500152587890625 47.924999237060546875 45.34375 41.418750762939453125 38.018749237060546875 36.012500762939453125 37.08750152587890625 36.05625152587890625 34.450000762939453125 32.41249847412109375 29.950000762939453125 28.368749618530273438 27.487499237060546875 26.662500381469726562 25.431249618530273438 23.96875 22.737499237060546875 20.856250762939453125 19.268749237060546875
88.40000152587890625 86.5124969482421875 86.15000152587890625 85.5812530517578125 84.9562530517578125 86.0500030517578125 87.3125 87.9250030517578125 88.9562530517578125 88.7312469482421875 86.99375152587890625 81.71875 76.25 70.83750152587890625 67.5749969482421875 64.75 61.84999847412109375 60.125 59.99375152587890625 59.231250762939453125 57.081249237060546875 55.08750152587890625 53.3125 52.84375 52.13124847412109375 50.47499847412109375 48.831249237060546875 45.956249237060546875 43.21875 42.206249237060546875 41.981250762939453125 42.831249237060546875 41.27500152587890625 39.72499847412109375 38.28125 35.143749237060546875 32.00624847412109375 29.893749237060546875 28.168750762939453125 26.487499237060546875 24.799999237060546875 23.40625 21.643749237060546875 20.193750381469726562
85.15625 84.74375152587890625 85.28125 85.4375 85.5749969482421875 87.3125 88.93125152587890625 90.15625 91.66249847412109375 90.99375152587890625 88.5 83.24375152587890625 77.99375152587890625 73.44374847412109375 69.6999969482421875 66.6999969482421875 64.16249847412109375 62.44374847412109375 61.668750762939453125 60.91249847412109375 58.112499237060546875 55.91249847412109375 54.3125 53.331249237060546875 51.96250152587890625 50.28749847412109375 49.47499847412109375 47.8125 46.4375 46.74375152587890625 47.575000762939453125 48.65625 46.543750762939453125 44.40000152587890625 41.762500762939453125 38.700000762939453125 35.174999237060546875 32.13124847412109375 29.78125 27.75 25.706249237060546875 24.143749237060546875 22.506250381469726562 20.975000381469726562
83.3874969482421875 84.47499847412109375 85.7312469482421875 86.31874847412109375 86.3249969482421875 88.30625152587890625 90.4499969482421875 92.53749847412109375 95.09375 93.50624847412109375 90.26250457763671875 84.8249969482421875 80.3625030517578125 76.7312469482421875 72.75 69.34999847412109375 66.59375 65.06874847412109375 63.924999237060546875 62.706249237060546875 60.200000762939453125 57.543750762939453125 55.450000762939453125 54.137500762939453125 52.4375 50.200000762939453125 50.018749237060546875 49.84375 49.22499847412109375 50.71250152587890625 52.90625 54.71250152587890625 51.86875152587890625 48.80625152587890625 45.387500762939453125 41.799999237060546875 37.950000762939453125 34.18125152587890625 31.381250381469726562 29.337499618530273438 27.193750381469726562 25.424999237060546875 23.65625 21.950000762939453125
83.8249969482421875 86.3625030517578125 88.36875152587890625 88.1374969482421875 87.6125030517578125 89.5124969482421875 91.4499969482421875 93.74375152587890625 95.9562530517578125 94.58750152587890625 91.13124847412109375 86.83750152587890625 83.2062530517578125 80.11875152587890625 76.3125 72.7312469482421875 69.91249847412109375 68.18125152587890625 66.7375030517578125 65.21250152587890625 62.799999237060546875 60.40000152587890625 57.825000762939453125 56.112499237060546875 53.981250762939453125 51.27500152587890625 50.731250762939453125 51.5625 52.49375152587890625 55.0625 57.981250762939453125 60.143749237060546875 57.03749847412109375 53.19374847412109375 49.274997711181640625 45.356250762939453125 40.93125152587890625 36.47499847412109375 33.487499237060546875 31.006250381469726562 28.625 26.856250762939453125 25.006250381469726562 23.237499237060546875
87.21875 89.9562530517578125 91.8625030517578125 90.3125 88.9499969482421875 90.40625 91.91249847412109375 93.2937469482421875 94.71875 94.3125 92.34999847412109375 89.2375030517578125 86.6687469482421875 84.2624969482421875 80.31874847412109375 76.75 73.6437530517578125 71.7375030517578125 70.0625 68.40000152587890625 65.9250030517578125 63.06874847412109375 60.75624847412109375 58.71250152587890625 56.518749237060546875 54.543750762939453125 54.24375152587890625 55.075000762939453125 56.33750152587890625 59.38124847412109375 62.65625 64.78125 61.75624847412109375 57.456249237060546875 53.22499847412109375 48.5 43.875 39.41249847412109375 36 33.231250762939453125 30.537500381469726562 28.631250381469726562 26.706249237060546875 25.100000381469726562
91.375 93.3312530517578125 93.0124969482421875 91.61875152587890625 89.65625 90.63124847412109375 91.75 92.6750030517578125 94.0812530517578125 94.4875030517578125 92.83750152587890625 91.40625 89.86875152587890625 88.21250152587890625 84.66249847412109375 80.9250030517578125 77.8249969482421875 75.5812530517578125 73.77500152587890625 71.9187469482421875 69.46875 66.6125030517578125 64.24375152587890625 62.206249237060546875 60.206249237060546875 58.55625152587890625 58.75624847412109375 59.40000152587890625 60.66249847412109375 63.96250152587890625 66.9875030517578125 69.65000152587890625 66.47499847412109375 61.71875 57.293750762939453125 52.05625152587890625 46.93125152587890625 42.262500762939453125 38.75624847412109375 35.72499847412109375 32.799999237060546875 30.875 28.875 27.306249618530273438
93.80625152587890625 93.125 92.33750152587890625 90.96250152587890625 89.3249969482421875 90.5124969482421875 91.5187530517578125 92.3937530517578125 93.49375152587890625 93.80625152587890625 93.84375 93.8249969482421875 93.66249847412109375 93.09999847412109375 89.5187530517578125 86.00624847412109375 82.49375152587890625 80.375 78.30625152587890625 76.22499847412109375 73.9499969482421875 71.2312469482421875 68.86875152587890625 67.47499847412109375 65.41249847412109375 63.96250152587890625 64.2687530517578125 65.0625 66.44374847412109375 69.4250030517578125 72.7375030517578125 74.6062469482421875 70.8562469482421875 65.5500030517578125 60.18125152587890625 54.956249237060546875 49.856250762939453125 45.11875152587890625 41.8125 38.9375 36.00624847412109375 34.28125 32.44374847412109375 30.862499237060546875
95.33750152587890625 92.88124847412109375 91.7312469482421875 90.56874847412109375 89.24375152587890625 90.3312530517578125 91.59375 92.2312469482421875 93.3125 94.2062530517578125 94.63124847412109375 95.90000152587890625 97.46875 97.6999969482421875 94.5625 91.0812530517578125 87.8937530517578125 85.21250152587890625 83.1437530517578125 81.2687530517578125 78.84375 76.28125 74.41249847412109375 72.80625152587890625 70.94374847412109375 69.7312469482421875 70.44374847412109375 71.49375152587890625 72.5500030517578125 75.1750030517578125 77.91249847412109375 79.66249847412109375 75.0749969482421875 68.8874969482421875 63.1875 57.71875 52.4375 48.018749237060546875 44.8125 42.206249237060546875 39.831249237060546875 38.15625 36.143749237060546875 34.893749237060546875
96.8312530517578125 93.2062530517578125 91.50624847412109375 90.59999847412109375 89.5749969482421875 90.25624847412109375 91.08750152587890625 91.9499969482421875 93.3249969482421875 94.8312530517578125 96.125 98.5625 101.125 102.3874969482421875 99.81874847412109375 96.47499847412109375 93.5437469482421875 90.77500152587890625 88.41249847412109375 86.40625 83.9812469482421875 81.75624847412109375 80.0187530517578125 78.4499969482421875 76.7312469482421875 75.8562469482421875 76.75624847412109375 77.91249847412109375 79.49375152587890625 81.47499847412109375 83.3249969482421875 84.53125 79.1875 72.3312530517578125 65.99375152587890625 60.56874847412109375 55.293750762939453125 50.643749237060546875 47.38124847412109375 44.893749237060546875 42.887500762939453125 41.362499237060546875 39.581249237060546875 39.043750762939453125
99.24375152587890625 95.2375030517578125 93.19374847412109375 91.52500152587890625 90.5187530517578125 90.59375 91.4187469482421875 92.5187530517578125 94.56874847412109375 96.23125457763671875 98.45000457763671875 101.36875152587890625 104.93125152587890625 107.1999969482421875 105.3125 103.0625 100.3000030517578125 97.9187469482421875 95.18125152587890625 92.4375 90.3937530517578125 88.4562530517578125 86.63124847412109375 85.0124969482421875 83.78749847412109375 83.53125 84.4562530517578125 85.53749847412109375 86.6437530517578125 87.74375152587890625 88.9499969482421875 89.21875 83.4812469482421875 76.74375152587890625 70.15000152587890625 64.53749847412109375 59.049999237060546875 54.375 50.481250762939453125 47.49375152587890625 45.293750762939453125 44.825000762939453125 43.88124847412109375 44.112499237060546875
101.52500152587890625 97.18125152587890625 95.02500152587890625 92.65625 91.49375152587890625 91.97499847412109375 92.53749847412109375 93.58750152587890625 95.7624969482421875 97.83750152587890625 100.8249969482421875 104.75624847412109375 109.3937530517578125 112.53749847412109375 111.18125152587890625 109.83750152587890625 108.24375152587890625 105.34375 102.2687530517578125 99.47499847412109375 97.21250152587890625 95.41249847412109375 93.7937469482421875 92.3562469482421875 91.44374847412109375 91.1750030517578125 92.18125152587890625 93.27500152587890625 94.13124847412109375 94.18125152587890625 94.5625 93.8937530517578125 87.96250152587890625 81.33750152587890625 74.71250152587890625 68.59375 63.05625152587890625 58.19374847412109375 53.768749237060546875 49.293750762939453125 47.15000152587890625 47.793750762939453125 48.18125152587890625 48.61875152587890625
103.43125152587890625 99.00624847412109375 96.3000030517578125 94.4187469482421875 93.78749847412109375 93.4187469482421875 93.8000030517578125 94.80625152587890625 97.21250152587890625 99.86875152587890625 103.1750030517578125 108.15625 113.19374847412109375 117.5 117.78749847412109375 117.36875152587890625 115.9875030517578125 112.46250152587890625 109.72499847412109375 106.71875 104.41249847412109375 102.6062469482421875 101.125 99.75 99.19374847412109375 98.9812469482421875 99.99375152587890625 101.15625 101.77500152587890625 101.13124847412109375 100.375 98.5437469482421875 92.5749969482421875 86.19374847412109375 79.31874847412109375 73.1437530517578125 67.4562530517578125 62.34375 57.31874847412109375 53.05625152587890625 51.09999847412109375 52.22499847412109375 53 54.049999237060546875
108.0812530517578125 103.5187530517578125 100.6750030517578125 98.8937530517578125 97.5749969482421875 97.0124969482421875 96.96250152587890625 97.52500152587890625 99.83124542236328125 102.83750152587890625 107.9499969482421875 113.06874847412109375 119.25 124.9375 125.9875030517578125 125.97499847412109375 124.8000030517578125 121.3562469482421875 118.09999847412109375 114.91249847412109375 112.41249847412109375 110.41249847412109375 108.6125030517578125 107.72499847412109375 107.21875 107.09375 108.2062530517578125 109.2062530517578125 109.90000152587890625 109.03749847412109375 107.4375 105.0625 98.34375 92.24375152587890625 86.19374847412109375 80.5812530517578125 74.5812530517578125 68.88124847412109375 64.28125 61.27500152587890625 59.487499237060546875 60.356250762939453125 61.40000152587890625 62.5
112.3312530517578125 108.22499847412109375 105.63124847412109375 103.6687469482421875 101.46250152587890625 100.7687530517578125 100.3874969482421875 100.6687469482421875 102.39374542236328125 105.6687469482421875 110.4875030517578125 117.91249847412109375 126.23125457763671875 131.850006103515625 134.21875 134.818756103515625 134.2687530517578125 130.881256103515625 126.71250152587890625 123.6437530517578125 120.81874847412109375 118.44374847412109375 116.47499847412109375 115.25624847412109375 115.2375030517578125 115.33750152587890625 116.1999969482421875 117.2937469482421875 118.23749542236328125 116.7062530517578125 114.7687530517578125 112.09375 105.8874969482421875 99.25624847412109375 93.7624969482421875 88.1062469482421875 81.9375 76.18125152587890625 72.47499847412109375 70.1062469482421875 68.0625 68.90625 70.46250152587890625 71.88124847412109375
116.71875 113.25 110.19374847412109375 108.13124847412109375 105.6125030517578125 104.58750152587890625 103.78125 103.88124847412109375 104.71250152587890625 107.88124847412109375 113.56874847412109375 122.53125 132.681243896484375 140.462493896484375 142.4250030517578125 143.6687469482421875 143.868743896484375 140.225006103515625 135.931243896484375 132.0437469482421875 129.25 126.36875152587890625 124.1750030517578125 122.7937469482421875 122.875 123.1374969482421875 124.33750152587890625 125.94374847412109375 126.91249847412109375 124.6125030517578125 121.8625030517578125 119.03749847412109375 113.03125 107.15625 101.375 95.3125 89.15000152587890625 84.2687530517578125 81.09999847412109375 78.7624969482421875 76.93125152587890625 77.46875 79.06874847412109375 80.5437469482421875
122.1999969482421875 118.80625152587890625 116.28749847412109375 113.6687469482421875 111.1999969482421875 110.1125030517578125 108.66875457763671875 107.9499969482421875 108.21875 110.5749969482421875 117.0812530517578125 127.2375030517578125 138.931243896484375 147.34375 150.493743896484375 152.1437530517578125 152.5124969482421875 149.1875 144.96875 140.75 137.899993896484375 135.0812530517578125 131.868743896484375 130.5625 130.3312530517578125 130.1999969482421875 131.256256103515625 132.9499969482421875 133.9375 131.881256103515625 128.9250030517578125 125.9875030517578125 120.4875030517578125 115.59375 109.84375 103.75624847412109375 99.1687469482421875 94.3249969482421875 91.44374847412109375 89.1687469482421875 87.69374847412109375 88.33750152587890625 88.88124847412109375 90.48749542236328125
127.8562469482421875 124.6875 122.24375152587890625 119.78749847412109375 117.38124847412109375 115.78749847412109375 113.8625030517578125 112.375 111.6750030517578125 112.03125 119.8249969482421875 133.65625 144.75 152.537506103515625 157.21875 160.125 160.8000030517578125 157.78125 153.3000030517578125 148.8249969482421875 145.7062530517578125 142.4875030517578125 139.5812530517578125 137.818756103515625 137.118743896484375 137.0124969482421875 137.9250030517578125 139.7312469482421875 141.181243896484375 139 136.3312530517578125 132.868743896484375 128.78125 124.5187530517578125 118.7062530517578125 113.96875 109.5625 105.55625152587890625 102.7687530517578125 100.31874847412109375 98.72499847412109375 98.40625 99.1062469482421875 100.75
132.8937530517578125 130.09375 127.7062530517578125 125.50624847412109375 123.4187469482421875 121.63124847412109375 120.2687530517578125 118.6750030517578125 118.06874847412109375 117.0500030517578125 129 143.256256103515625 152.2937469482421875 159.53125 164.337493896484375 167.7062530517578125 168.631256103515625 165.618743896484375 161.431243896484375 156.59375 152.931243896484375 148.868743896484375 145.725006103515625 143.693756103515625 143.3937530517578125 143.350006103515625 144.037506103515625 145.943756103515625 147.537506103515625 145.75 142.506256103515625 139.712493896484375 136.4875030517578125 132.537506103515625 128.0625 123.3249969482421875 119.9375 116.02500152587890625 113.9875030517578125 111.9187469482421875 109.2062530517578125 109.02500152587890625 108.6687469482421875 109.3312530517578125
