data/historical-monthly-weather-data/wc2.1_cruts4.09_10m_prec_2017-07.asc
ncols        45
nrows        45
xllcorner    -63.500000000000
yllcorner    -7.500000000000
cellsize     0.166666666667
NODATA_value -9999
[rows 19 to 37 of 45, columns 0 to 42 of 45]
79.7062530517578125 81.71875 83.4187469482421875 85.25 86.31874847412109375 89.03125 87.1750030517578125 86.95000457763671875 85.15000152587890625 80.75624847412109375 77.3562469482421875 77.4499969482421875 75.40625 73.3249969482421875 69.50624847412109375 64.7312469482421875 62.25 68.6125030517578125 66.02500152587890625 65.4812469482421875 62.28125 66.7062530517578125 74.05625152587890625 77.3249969482421875 76.9375 72.34999847412109375 69.6687469482421875 70 67.6437530517578125 65.41249847412109375 67.44374847412109375 73.81874847412109375 75.40625 76.58750152587890625 78.3562469482421875 79.55625152587890625 77.5625 73.5187530517578125 68.41249847412109375 60.59999847412109375 50.924999237060546875 43.72499847412109375 39.68125152587890625
76.15625 83.19374847412109375 88.2624969482421875 88.0625 87.3000030517578125 88.9875030517578125 87.63124847412109375 87 84.44374847412109375 81.21250152587890625 77.1125030517578125 77.1750030517578125 76.27500152587890625 73.5437469482421875 69.8125 66.24375152587890625 64.71250152587890625 65.83750152587890625 68.41249847412109375 65.3937530517578125 68.6875 72.5 77.3000030517578125 81.1062469482421875 80.00624847412109375 74.1437530517578125 67.3562469482421875 66.8249969482421875 67.1062469482421875 66.7687530517578125 70.3125 73.90000152587890625 72.09999847412109375 73.40625 74.91249847412109375 74.75624847412109375 72.9499969482421875 67.75624847412109375 61.481250762939453125 54.200000762939453125 46.981250762939453125 42.02500152587890625 37.43125152587890625
77.72499847412109375 80.5187530517578125 86.6062469482421875 89.28749847412109375 90.18125152587890625 87.46250152587890625 85.75 84.43125152587890625 83.1062469482421875 80.4375 78.1999969482421875 75.96250152587890625 74.21250152587890625 74.9187469482421875 74.19374847412109375 70.6687469482421875 71.13124847412109375 70.53749847412109375 71.40000152587890625 71.0500030517578125 70.1687469482421875 73.0812530517578125 77.36875152587890625 76.7937469482421875 73.59375 69.4250030517578125 69.05625152587890625 65.7937469482421875 68.09375 70.4250030517578125 71.11875152587890625 71.40000152587890625 69.84375 69.375 68.43125152587890625 68.9250030517578125 67.05625152587890625 62.63124847412109375 57.09375 50.950000762939453125 44.768749237060546875 40.50624847412109375 36.543750762939453125
78.71875 85.8125 90 91.1374969482421875 91.03125 88.78749847412109375 82.11875152587890625 80.18125152587890625 80.3000030517578125 81.50624847412109375 80.5812530517578125 78.50624847412109375 78.68125152587890625 78.1437530517578125 78.90000152587890625 78.25 75.46250152587890625 72.91249847412109375 72.3874969482421875 73.5124969482421875 76.25 75.97499847412109375 76.84999847412109375 75.4375 74.4250030517578125 69.1125030517578125 65.94374847412109375 65.7624969482421875 65.54375457763671875 66.21875 66.8937530517578125 68.16249847412109375 65.84999847412109375 63.3000030517578125 62.950000762939453125 61.018749237060546875 60.18125152587890625 55.75624847412109375 52.293750762939453125 47.950000762939453125 42.81874847412109375 38.200000762939453125 34.731250762939453125
76.1999969482421875 85.66249847412109375 91.72499847412109375 91.59375 90.71875 86.83750152587890625 84.875 81.5187530517578125 79.4250030517578125 78.0124969482421875 78.25624847412109375 81.4875030517578125 81.71875 82.46875 80.7624969482421875 79.7937469482421875 76.2937469482421875 76.1875 74.91249847412109375 77.1374969482421875 76.83750152587890625 78.8937530517578125 78.9375 79.40000152587890625 77.03749847412109375 70.75624847412109375 68.8874969482421875 64.6125030517578125 62.94374847412109375 62.924999237060546875 63.674999237060546875 64.0749969482421875 60.393749237060546875 56.68125152587890625 57.325000762939453125 54.22499847412109375 53.887500762939453125 51.75624847412109375 48.6875 44.575000762939453125 40.47499847412109375 36.4375 33.46250152587890625
75.59999847412109375 86.21250152587890625 93.0749969482421875 93.27500152587890625 92.31874847412109375 87.2062530517578125 84.78125 81.97499847412109375 80.0812530517578125 80.61875152587890625 81.03125 79.8312530517578125 83.21250152587890625 83.30625152587890625 80.9875030517578125 78.03125 76.50624847412109375 77.0749969482421875 77.11875152587890625 77.8312530517578125 78.9250030517578125 79.75624847412109375 83.08750152587890625 81.0625 75.9187469482421875 73.3000030517578125 67.3000030517578125 62.924999237060546875 59.72499847412109375 59.418750762939453125 57.40625 55.97499847412109375 54.38124847412109375 51.41249847412109375 49.606250762939453125 48.581249237060546875 48.74375152587890625 46.47499847412109375 44.47499847412109375 41.52500152587890625 37.512500762939453125 34.612499237060546875 32.137500762939453125
79.1374969482421875 89.72499847412109375 91.4562530517578125 92.5187530517578125 90.9562530517578125 87.13124847412109375 84.5437469482421875 81.68125152587890625 79.1125030517578125 76.6687469482421875 80.71250152587890625 81.34375 80.7062530517578125 81.4562530517578125 80.15000152587890625 78.3625030517578125 76.1687469482421875 76.53749847412109375 77.3125 77.11875152587890625 80.36875152587890625 81.86875152587890625 84.63124847412109375 82.5 76.53125 71.09375 66.34375 60.72499847412109375 55.91249847412109375 53.612499237060546875 51.431247711181640625 49.125 46.55625152587890625 44.78749847412109375 44.512500762939453125 43.956249237060546875 43.81874847412109375 42.799999237060546875 40.956249237060546875 38.46250152587890625 35.96250152587890625 32.6875 30.137500762939453125
77.65000152587890625 84.34999847412109375 88.28749847412109375 89.8937530517578125 88.3625030517578125 85.9875030517578125 84.2687530517578125 81.1062469482421875 77.11875152587890625 78.96250152587890625 81.40000152587890625 81.7624969482421875 81.40000152587890625 79.96250152587890625 77.8249969482421875 77.86875152587890625 75.88124847412109375 74.69374847412109375 76.0749969482421875 77.16249847412109375 78.03749847412109375 80.00624847412109375 83.69374847412109375 83.4812469482421875 75.8125 67.8937530517578125 62.831249237060546875 58.06874847412109375 53.59375 49.174999237060546875 47.38124847412109375 43.40000152587890625 40.49375152587890625 40.893749237060546875 39.91249847412109375 40.1875 38.856250762939453125 38.018749237060546875 36.875 35.30625152587890625 33.825000762939453125 31.34375 28.693750381469726562
76.21250152587890625 79.2937469482421875 82.71250152587890625 86 85.1750030517578125 83.71875 82.3625030517578125 79.4875030517578125 77.90000152587890625 78.63124847412109375 79.5 78.52500152587890625 78.375 77.44374847412109375 74.96875 73.875 72.83750152587890625 72.6125030517578125 71.8125 73.66249847412109375 76.7062530517578125 77.65000152587890625 77.86875152587890625 77.3249969482421875 72.2937469482421875 65.2687530517578125 60.174999237060546875 55.46875 51.05625152587890625 47.84375 44.9375 42.08750152587890625 39.11875152587890625 37.22499847412109375 36.3125 36.206249237060546875 34.875 34.237499237060546875 33.625 33.112499237060546875 31.768749237060546875 30.631250381469726562 27.643749237060546875
73.5124969482421875 76.0437469482421875 80.0437469482421875 79.5625 80.46250152587890625 78.27500152587890625 76.8312530517578125 76.3937530517578125 75.15625 76.5625 76.75624847412109375 75.7687530517578125 75.7624969482421875 75.72499847412109375 73.5437469482421875 71.9875030517578125 71.74375152587890625 69.5 69.6750030517578125 71.15625 72.7937469482421875 73.52500152587890625 74.4250030517578125 72.0812530517578125 67.75624847412109375 62.06874847412109375 57.293750762939453125 52.875 50.049999237060546875 46.887500762939453125 43.375 40.6875 37.28749847412109375 34.674999237060546875 33.30625152587890625 32.91249847412109375 31.774999618530273438 31.006250381469726562 30.4375 29.306249618530273438 28.962499618530273438 27.350000381469726562 25.5625
68.59999847412109375 72.44374847412109375 74.8312530517578125 74.71875 73.9562530517578125 73.1062469482421875 71.4499969482421875 72.6875 73.06874847412109375 73.1062469482421875 73.43125152587890625 74.1437530517578125 74 72.66249847412109375 70.8874969482421875 69.53749847412109375 68 67.3625030517578125 66.375 66.6687469482421875 68.75 69.0749969482421875 69.8937530517578125 66.41249847412109375 63.018749237060546875 58.674999237060546875 54.09375 50.46250152587890625 47.91249847412109375 44.59375 41.581249237060546875 38.58750152587890625 35.13124847412109375 32.66249847412109375 30.649999618530273438 29.693750381469726562 29.375 27.9375 26.606250762939453125 25.774999618530273438 25.668750762939453125 24.700000762939453125 23.318750381469726562
64.97499847412109375 67.5749969482421875 66.96250152587890625 69.22499847412109375 69.9812469482421875 70.06874847412109375 68.6687469482421875 68.65625 69.27500152587890625 69.90000152587890625 70.9250030517578125 70.83750152587890625 72.50624847412109375 69.78125 67.46250152587890625 66.7312469482421875 67.0124969482421875 64.13124847412109375 61.737499237060546875 63.356250762939453125 65.46250152587890625 65.6750030517578125 65.43125152587890625 61.206249237060546875 57.46250152587890625 55.518749237060546875 51.56874847412109375 47.450000762939453125 44.143749237060546875 41.799999237060546875 39.18125152587890625 36.887500762939453125 33.818752288818359375 31.399999618530273438 29.075000762939453125 27.356250762939453125 26.318750381469726562 25.493749618530273438 23.700000762939453125 22.081249237060546875 21.631250381469726562 21.625 20.725000381469726562
60.91249847412109375 60.27500152587890625 59.84375 60.90625 63.043750762939453125 64.30625152587890625 65.0187530517578125 64.86875152587890625 66.15000152587890625 65.9375 67.3125 68.86875152587890625 68.8125 68.9375 67.125 65.75624847412109375 64.7062530517578125 61.83750152587890625 58.793750762939453125 60.293750762939453125 60.58750152587890625 61.09999847412109375 60.09375 56.325000762939453125 54.16249847412109375 51.16249847412109375 47.981250762939453125 45.293750762939453125 41.41249847412109375 39.293750762939453125 37.543750762939453125 35.206249237060546875 31.975000381469726562 29.524999618530273438 27.462499618530273438 25.34999847412109375 24.28125 22.100000381469726562 20.581249237060546875 19.787500381469726562 19.237499237060546875 18.825000762939453125 18.137500762939453125
53.831249237060546875 52.75 51.88124847412109375 52.668750762939453125 54.887500762939453125 56.52500152587890625 58.487499237060546875 59.700000762939453125 59.643749237060546875 61.856250762939453125 64.6999969482421875 64.8000030517578125 65.8937530517578125 67.44374847412109375 66.3000030517578125 63.606250762939453125 61.00624847412109375 60.36875152587890625 58.71250152587890625 59.174999237060546875 58.518749237060546875 57.325000762939453125 55.325000762939453125 52.831249237060546875 51.424999237060546875 48.41249847412109375 46.25 43.012500762939453125 40.40625 37.69374847412109375 35.637500762939453125 33.13124847412109375 29.637500762939453125 27.424999237060546875 25.831249237060546875 24.34375 22.131250381469726562 20.056249618530273438 18.887500762939453125 18.631250381469726562 18.118749618530273438 17.856250762939453125 16.737499237060546875
46.856250762939453125 46.15000152587890625 46.46875 47.44374847412109375 48.49375152587890625 49.11875152587890625 51.1875 51.84375 54.28749847412109375 55.487499237060546875 58.549999237060546875 60.956249237060546875 63.450000762939453125 64.21875 63.174999237060546875 60.262500762939453125 58.71250152587890625 57.61875152587890625 56.112499237060546875 55.88124847412109375 55.762500762939453125 53.28749847412109375 52.44374847412109375 50.49375152587890625 47.91249847412109375 45.106250762939453125 43.13124847412109375 41.19374847412109375 38.768749237060546875 36.3125 34.11875152587890625 31.350000381469726562 28.043750762939453125 26.162500381469726562 24.362501144409179688 22.5 20.049999237060546875 18.350000381469726562 17.806249618530273438 17.325000762939453125 16.981250762939453125 16.975000381469726562 16.606250762939453125
40.924999237060546875 39.268749237060546875 40.831249237060546875 41.65000152587890625 43.237499237060546875 44.28749847412109375 45.36875152587890625 46.375 46.99375152587890625 48.71875 52.575000762939453125 56.97499847412109375 62.043750762939453125 64.1750030517578125 61.46875 58.831249237060546875 56.799999237060546875 55.112499237060546875 54.450000762939453125 53.03125 52.575000762939453125 51.66249847412109375 49.96875 47.88124847412109375 45.375 42.5625 40.88124847412109375 39.15625 36.88124847412109375 32.956249237060546875 30.90625 29.381250381469726562 26.793750762939453125 24.706249237060546875 22.399999618530273438 20.612499237060546875 18.8125 17.587499618530273438 16.799999237060546875 16.056249618530273438 15.568750381469726562 15.231249809265136719 15.59375
34.21875 33.69374847412109375 35.49375152587890625 35.65625 36.86875152587890625 37.668750762939453125 38.90625 39.8125 40.643749237060546875 41.97499847412109375 45.856250762939453125 51.418750762939453125 58.22499847412109375 59.28749847412109375 58.543750762939453125 56.61875152587890625 55.21250152587890625 53.03125 51.16249847412109375 50.075000762939453125 47.5625 47.856250762939453125 45.793750762939453125 43.674999237060546875 40.918750762939453125 40 38.58750152587890625 37.106250762939453125 34.96875 31.46875 29.34375 28.068750381469726562 25.53125 23.700000762939453125 21.65625 19.681249618530273438 18.293750762939453125 17.03125 16.700000762939453125 16.024999618530273438 15.131250381469726562 14.956250190734863281 14.581250190734863281
27.875 28.306249618530273438 29.568750381469726562 29.674999237060546875 30.737499237060546875 32.231250762939453125 33.40000152587890625 34.21875 34.887500762939453125 35.206249237060546875 39.72499847412109375 46.15625 51.80625152587890625 53.6875 54.36875152587890625 53.575000762939453125 52.143749237060546875 49.537502288818359375 47.56874847412109375 46.625 44.06874847412109375 42.706249237060546875 41.22499847412109375 40.168750762939453125 37.88124847412109375 36.77500152587890625 35.74375152587890625 34.25 32.5 30.231250762939453125 27.956249237060546875 26.043750762939453125 23.712499618530273438 22.118749618530273438 20.350000381469726562 18.418750762939453125 17.174999237060546875 16.706249237060546875 16.59375 15.706250190734863281 14.668749809265136719 14.462499618530273438 14
21.950000762939453125 22.875 23.487499237060546875 24.581249237060546875 25.618749618530273438 27.043750762939453125 28.331249237060546875 29.268751144409179688 30.481250762939453125 30.75 37.63124847412109375 43.456249237060546875 46.97499847412109375 49.325000762939453125 50.762500762939453125 50.581249237060546875 48.16249847412109375 47.1875 44.612499237060546875 43.34999847412109375 41.58750152587890625 39.762500762939453125 37.58750152587890625 36.856250762939453125 35.61875152587890625 34.512500762939453125 33.3125 32.09375 30.668750762939453125 28.1875 25.024999618530273438 23.700000762939453125 21.75 20.537500381469726562 18.587499618530273438 16.806249618530273438 16.512500762939453125 16.006250381469726562 15.875 15.225000381469726562 14.34375 14.456250190734863281 13.90625
