data/historical-monthly-weather-data/wc2.1_cruts4.09_10m_prec_1961-03.asc
ncols        45
nrows        45
xllcorner    -63.500000000000
yllcorner    -7.500000000000
cellsize     0.166666666667
NODATA_value -9999
[rows 20 to 39 of 45, columns 0 to 44 of 45]
130.9187469482421875 130.087493896484375 132.693756103515625 136.0500030517578125 140.306243896484375 148.818756103515625 157.850006103515625 166.4875030517578125 176.5500030517578125 185.1062469482421875 191.3625030517578125 193.0500030517578125 194.3125 196.65625 194.0749969482421875 188.09375 183.1875 182.53125 184.506256103515625 186.9499969482421875 193.256256103515625 200.131256103515625 206.46875 215.087493896484375 224.6687469482421875 234.875 245.375 255.84375 266.100006103515625 274.54998779296875 278.306243896484375 277.04376220703125 266.787506103515625 252.1437530517578125 238.2937469482421875 260.068756103515625 290.5625 309.95001220703125 320.475006103515625 325.350006103515625 327 326.225006103515625 323.60626220703125 321.76251220703125 320.13751220703125
127.6875 127.4250030517578125 131.3000030517578125 135.462493896484375 140.568756103515625 150.1437530517578125 160.25 170.15625 180.1750030517578125 186.649993896484375 189.5187530517578125 188.975006103515625 188.381256103515625 189.3874969482421875 188.28125 185.537506103515625 183.399993896484375 183.1062469482421875 184.0124969482421875 185.375 188.943756103515625 193.5749969482421875 200.5625 209.0625 219.3937530517578125 231.71875 245.53125 256.51251220703125 266.8125 274.70623779296875 277.806243896484375 276.868743896484375 268.993743896484375 260.11248779296875 256.743743896484375 271.41876220703125 295.51873779296875 314.056243896484375 324.181243896484375 327.368743896484375 327.54998779296875 326.64373779296875 324.73126220703125 323.193756103515625 322.45623779296875
126.22499847412109375 126.9250030517578125 130.899993896484375 135.6750030517578125 141.037506103515625 150.625 160.96875 172.8312530517578125 184.3125 187.787506103515625 187.4812469482421875 183.631256103515625 180.756256103515625 181.9375 183.2937469482421875 182.9250030517578125 181.806243896484375 181.806243896484375 182.056243896484375 182.631256103515625 184.9375 187.3562469482421875 191.7375030517578125 200.2624969482421875 212.662506103515625 227.21875 242.243743896484375 255.068756103515625 265.73126220703125 273.15625 277.875 281.399993896484375 280.399993896484375 278.13751220703125 282.70001220703125 295.15625 311.65625 324.84375 331.03125 331.73126220703125 329.806243896484375 328.07501220703125 326.3125 324.037506103515625 323.89373779296875
127.1125030517578125 128.193756103515625 132.1125030517578125 136.65625 141.7312469482421875 150.7937469482421875 161.506256103515625 173.0437469482421875 183.3312530517578125 185.3625030517578125 183.506256103515625 180.2624969482421875 175.818756103515625 178.25 181.068756103515625 181.8312530517578125 181.6875 181.7937469482421875 180.6875 180.056243896484375 180.96875 181.850006103515625 184.5062408447265625 192.774993896484375 204.2375030517578125 218.8625030517578125 234.787506103515625 250.1750030517578125 263.42498779296875 274.20001220703125 283.399993896484375 290.462493896484375 293.556243896484375 296.79376220703125 304.58123779296875 317.23748779296875 329.681243896484375 335.71875 336.67498779296875 335.09375 332.212493896484375 328.76251220703125 326.056243896484375 322.475006103515625 324.48748779296875
130.7937469482421875 131.46875 133.943756103515625 137.9375 143.0187530517578125 151.6374969482421875 160.6750030517578125 169.962493896484375 177.8000030517578125 181.34375 182.1062469482421875 180.0749969482421875 179.462493896484375 181.5124969482421875 182.1750030517578125 182.9437408447265625 182.475006103515625 182.3125 181.0187530517578125 178.462493896484375 177.1750030517578125 176.3562469482421875 176.837493896484375 183.0625 195.2687530517578125 212.568756103515625 228.8937530517578125 247.056243896484375 262.67498779296875 277.931243896484375 290.01251220703125 300.13751220703125 306.881256103515625 312.98748779296875 320.681243896484375 327.83123779296875 336.587493896484375 340.82501220703125 339.76873779296875 338.5625 335.100006103515625 330.181243896484375 324.58123779296875 322.462493896484375 321.03125
135.9187469482421875 136.681243896484375 137.28125 140.28125 143.7062530517578125 151.1374969482421875 159.0187530517578125 166.693756103515625 173.1875 177.381256103515625 179.881256103515625 181.618743896484375 183.6875 186.0437469482421875 185.850006103515625 186.0500030517578125 184.693756103515625 184.368743896484375 182.875 178.5124969482421875 176.493743896484375 172.693756103515625 169.6687469482421875 173.2062530517578125 187.056243896484375 207.100006103515625 227.068756103515625 245.6999969482421875 263.912506103515625 281.881256103515625 297.48748779296875 311.600006103515625 320.993743896484375 326.631256103515625 332.162506103515625 336.256256103515625 341.475006103515625 344.32501220703125 343.5 341.21875 337.8125 331.100006103515625 321.91876220703125 317.993743896484375 317.89373779296875
138.0812530517578125 136.5437469482421875 137.6062469482421875 139.712493896484375 142.5124969482421875 149.21875 155.9250030517578125 162.475006103515625 168.7624969482421875 174.368743896484375 179.0562591552734375 183.25 187.587493896484375 191.662506103515625 191.8625030517578125 191.4187469482421875 191.1125030517578125 189.818756103515625 187.381256103515625 183.6750030517578125 179.7312469482421875 174.5625 168.068756103515625 169.899993896484375 186.618743896484375 206.7937469482421875 227.756256103515625 246.75 265.98126220703125 284.89373779296875 302.712493896484375 320.475006103515625 332.39373779296875 336.32501220703125 339.79376220703125 343.181243896484375 347.725006103515625 349.76251220703125 349.149993896484375 347.53125 342.54376220703125 334.04376220703125 322.837493896484375 316.26873779296875 323.42498779296875
139.818756103515625 136.65625 137.587493896484375 139.5500030517578125 141.5500030517578125 147.287506103515625 154.100006103515625 160.0812530517578125 166.40625 172.6437530517578125 178.037506103515625 184.2062530517578125 190.96875 197 197.6750030517578125 197.3312530517578125 197.5187530517578125 197.568756103515625 195.381256103515625 191.806243896484375 187.9250030517578125 182.318756103515625 179.1062469482421875 182.693756103515625 195.6437530517578125 213.375 232.6687469482421875 251.9250030517578125 270.649993896484375 288.15625 305.625 322.475006103515625 334.337493896484375 339.100006103515625 343.40625 347.39373779296875 350.350006103515625 353.85626220703125 354.524993896484375 354.912506103515625 353.381256103515625 342.881256103515625 327.306243896484375 319.399993896484375 335.649993896484375
141.318756103515625 137.125 137.868743896484375 139.28125 141.9375 146.9250030517578125 152.193756103515625 157.8000030517578125 164.556243896484375 170.9499969482421875 177.6750030517578125 185.7375030517578125 194.1999969482421875 202.2937469482421875 204.443756103515625 205.53125 207.3000030517578125 207.818756103515625 206.662506103515625 203.787506103515625 200.118743896484375 195.1999969482421875 193.3625030517578125 197.25 208.5437469482421875 222.7937469482421875 239.9499969482421875 258.1875 276.131256103515625 292.625 307.631256103515625 322.375 333.725006103515625 340.51251220703125 346.337493896484375 350.71875 353.287506103515625 357.04376220703125 358.35626220703125 358.568756103515625 361.131256103515625 350.193756103515625 334.524993896484375 334.23126220703125 353.375
145.84375 141 140.8562469482421875 141.5124969482421875 143.2687530517578125 146.837493896484375 151.475006103515625 156.5124969482421875 163.462493896484375 170.131256103515625 177.493743896484375 187.4499969482421875 198.1374969482421875 207.9875030517578125 211.9875030517578125 215.09375 218.4375 222.6374969482421875 222.881256103515625 218.350006103515625 214.0625 209.868743896484375 207.8312530517578125 212.3562469482421875 221.4562530517578125 234.0187530517578125 249.4812469482421875 265.443756103515625 281.212493896484375 295.53125 309.368743896484375 321.82501220703125 332.63751220703125 342.399993896484375 350.181243896484375 354.34375 357.350006103515625 362.07501220703125 359.83123779296875 359.618743896484375 362.712493896484375 361.21875 354.818756103515625 360.20001220703125 371.318756103515625
149.625 144.25 143.381256103515625 143.806243896484375 144.96875 147.3499908447265625 151.5437469482421875 155.8562469482421875 162.662506103515625 169.7687530517578125 177.78125 188.587493896484375 200.8249969482421875 211.75 218.09375 224.0437469482421875 231.0500030517578125 236.3937530517578125 239.4812469482421875 234.4812469482421875 229.375 224.0500030517578125 222.3000030517578125 226.3312530517578125 233.662506103515625 245.6062469482421875 258.493743896484375 271.82501220703125 286.306243896484375 298.84375 311.3125 323.73748779296875 334.79376220703125 345.3125 354.41876220703125 357.91876220703125 361.54998779296875 367.068756103515625 363.318756103515625 356.056243896484375 361.475006103515625 370.524993896484375 375.17498779296875 382.70001220703125 394.20001220703125
153.3312530517578125 147.7062530517578125 146.1999969482421875 145.943756103515625 146.6687469482421875 148.4187469482421875 151.9812469482421875 155.3312530517578125 161.9875030517578125 169.2937469482421875 177.6374969482421875 189.2312469482421875 202 215.193756103515625 224.3125 233.068756103515625 240.2312469482421875 245.587493896484375 248.7062530517578125 246.78125 241.4812469482421875 237.375 234.4875030517578125 237.806243896484375 246.0124969482421875 255.5999908447265625 266.04376220703125 278.774993896484375 290.4375 302.45001220703125 314.33123779296875 326 336.475006103515625 347.600006103515625 357.65625 362.03125 367.85626220703125 372.73748779296875 366.54998779296875 363.45623779296875 373.443756103515625 388.11248779296875 398.556243896484375 413.337493896484375 428.850006103515625
162.78125 157.4250030517578125 154.9562530517578125 153.618743896484375 152.8000030517578125 154.350006103515625 156.5 158.7687530517578125 164.162506103515625 171.34375 180.912506103515625 192.5 206.337493896484375 221.8937530517578125 232.431243896484375 242.162506103515625 249.993743896484375 255.59375 257.693756103515625 256.899993896484375 253.7312469482421875 249.78125 246.225006103515625 249.8562469482421875 256.20001220703125 263.725006103515625 272.89373779296875 284.037506103515625 295.76251220703125 306.774993896484375 318.08123779296875 329.443756103515625 341.29376220703125 353.21875 363.14373779296875 370.774993896484375 377.725006103515625 382.462493896484375 379.431243896484375 386.056243896484375 397.70623779296875 413.08123779296875 428.59375 446.83123779296875 473.899993896484375
172.8874969482421875 167.649993896484375 165.068756103515625 162.7312469482421875 160.837493896484375 160.96875 161.649993896484375 162.90625 167.1999969482421875 173.4250030517578125 182.4187469482421875 196.087493896484375 211.1062469482421875 226.1875 237.787506103515625 249.787506103515625 260.399993896484375 265.462493896484375 266.45623779296875 266.08123779296875 264.287506103515625 260.51873779296875 257.79998779296875 259.493743896484375 264.306243896484375 269.5625 278.51251220703125 288.29376220703125 300.48748779296875 310.78125 320.89373779296875 333.274993896484375 346.693756103515625 359.162506103515625 371.743743896484375 380.54376220703125 387.89373779296875 393.23126220703125 398.231231689453125 408.056243896484375 419.431243896484375 436.01873779296875 456.931243896484375 478.774993896484375 510.131256103515625
183.493743896484375 178.84375 175.75 172.28125 168.5437469482421875 167.899993896484375 167.1125030517578125 167.6437530517578125 170.0812530517578125 174.7687530517578125 184 199.318756103515625 216.21875 232.193756103515625 246.0625 258.35626220703125 270.11248779296875 274.79376220703125 275.79376220703125 275.337493896484375 274.100006103515625 270.01873779296875 266.774993896484375 267.024993896484375 270.649993896484375 275.04998779296875 282.54376220703125 292.475006103515625 302.756256103515625 313.743743896484375 325.23126220703125 337.78125 351.58123779296875 365.762481689453125 378.493743896484375 387.1875 395.537506103515625 407.193756103515625 416.23126220703125 426.806243896484375 439.40625 454.76251220703125 475.837493896484375 499.0625 526.11248779296875
197.8000030517578125 192.7624969482421875 189.056243896484375 185.1437530517578125 181.131256103515625 179.181243896484375 177.756256103515625 176.131256103515625 176.5187530517578125 180.34375 189.162506103515625 205.131256103515625 223.818756103515625 241.2687530517578125 255.149993896484375 268.225006103515625 279.162506103515625 283.243743896484375 285 285.34375 283.024993896484375 278.13751220703125 273.556243896484375 273.34375 275.268768310546875 278.056243896484375 284.756256103515625 294.256256103515625 304.118743896484375 315.318756103515625 328.162506103515625 341.056243896484375 354.39373779296875 370.09375 383.51873779296875 392.33123779296875 404.181243896484375 416.46875 424.48126220703125 436.53125 450.725006103515625 465.350006103515625 482.787506103515625 505.712493896484375 526.4937744140625
211.8625030517578125 207.100006103515625 203.350006103515625 199.0124969482421875 195.0812530517578125 192.725006103515625 189.899993896484375 187.0124969482421875 185.03125 185.09375 195.587493896484375 215.806243896484375 234.9499969482421875 250.9562530517578125 265.337493896484375 277.5625 287.54376220703125 291.056243896484375 293.125 291.79376220703125 289.212493896484375 283.92498779296875 279.09375 276.73748779296875 276.993743896484375 278.95001220703125 285.274993896484375 295.03125 304.3125 316.806243896484375 330.08123779296875 343.556243896484375 359 375.568756103515625 389.21875 400.087493896484375 412.60626220703125 425.5625 434.431243896484375 443.600006103515625 455.556243896484375 469.38751220703125 486.318756103515625 506.806243896484375 524.86248779296875
225.28125 221.1062469482421875 217.006256103515625 212.962493896484375 209.712493896484375 207.3249969482421875 204.225006103515625 200.337493896484375 198.7062530517578125 196.6999969482421875 213.100006103515625 233.9875030517578125 249.4187469482421875 263.34375 275.54376220703125 287.01873779296875 294.931243896484375 297.375 297.91876220703125 295.34375 290.75 285.506256103515625 281.850006103515625 278.35626220703125 277.725006103515625 279.34375 285.125 295.03125 304.76873779296875 317.712493896484375 330.756256103515625 344.587493896484375 360.868743896484375 378.600006103515625 392.318756103515625 405.48748779296875 418.33123779296875 429.28125 439.868743896484375 450.212493896484375 458.625 472.38751220703125 485.631256103515625 498.649993896484375 514.23748779296875
231.96875 228.7312469482421875 226.243743896484375 223.7062530517578125 221.71875 219.8312530517578125 219.0437469482421875 217.681243896484375 220.649993896484375 230.350006103515625 249.556243896484375 260.04998779296875 268.5625 278.32501220703125 287.881256103515625 296.25 301.59375 301.75 299.70623779296875 295.306243896484375 288.59375 283.006256103515625 279.14373779296875 276.506256103515625 276.274993896484375 278.556243896484375 284.70001220703125 293.3125 302.931243896484375 315.59375 329.375 341.743743896484375 356.337493896484375 373.23748779296875 390.243743896484375 401.5625 412.662506103515625 424.899993896484375 432.881256103515625 440.25 447.75 460.381256103515625 470.524993896484375 481.9375 492.306243896484375
238.068756103515625 236.024993896484375 235.100006103515625 233.6999969482421875 233.6687469482421875 234.975006103515625 235.443756103515625 238.600006103515625 244.9562530517578125 255.15625 268.431243896484375 279.5 287.625 294.4375 301.5625 306.41876220703125 308.899993896484375 306.35626220703125 301.118743896484375 295.3125 286.76251220703125 280.131256103515625 274.63751220703125 272.287506103515625 273.66876220703125 276.73748779296875 282.33123779296875 291.08123779296875 300.118743896484375 311.850006103515625 323.82501220703125 338.48748779296875 355.09375 369.9375 385.32501220703125 396.993743896484375 406.149993896484375 416.58123779296875 425.006256103515625 428.837493896484375 433.76251220703125 444.14373779296875 452.4375 460.600006103515625 468.1875
