data/historical-monthly-weather-data/wc2.1_cruts4.09_10m_prec_2012-01.asc
ncols        45
nrows        45
xllcorner    -63.500000000000
yllcorner    -7.500000000000
cellsize     0.166666666667
NODATA_value -9999
[rows 20 to 39 of 45, columns 0 to 44 of 45]
319.006256103515625 316.86248779296875 316.45001220703125 318.149993896484375 320.831268310546875 330.681243896484375 342.32501220703125 352.01873779296875 364.274993896484375 374.631256103515625 383.59375 391.899993896484375 403.756256103515625 416.41876220703125 405.71875 382.10626220703125 365.225006103515625 355.63751220703125 354.375 353.274993896484375 358.649993896484375 362.662506103515625 365.287506103515625 370.67498779296875 377.39373779296875 384.53125 389.48748779296875 394.98748779296875 399.568756103515625 401.79376220703125 394.993743896484375 382.943756103515625 369.26873779296875 355.274993896484375 343.306243896484375 367.118743896484375 403.76251220703125 430.287506103515625 438.681243896484375 431.70001220703125 414.64373779296875 396.15625 383.10626220703125 372.79376220703125 363.131256103515625
305 300.443756103515625 300.243743896484375 303.71875 309.70623779296875 322.41876220703125 336.57501220703125 351.181243896484375 364.16876220703125 369.63751220703125 371.868743896484375 369.712493896484375 371.4375 377.274993896484375 375.45623779296875 365.67498779296875 358.962493896484375 353.98126220703125 352.01873779296875 351.92498779296875 353.20623779296875 356.76873779296875 361.70001220703125 368.23126220703125 376.125 385.10626220703125 393.993743896484375 396.993743896484375 397.274993896484375 393.318756103515625 381.100006103515625 368.01251220703125 361.337493896484375 359.618743896484375 361.912506103515625 384.462493896484375 422.006256103515625 453.5 461.712493896484375 450.10626220703125 429.018768310546875 407.837493896484375 391.96875 379.20001220703125 367.787506103515625
291.6875 286.32501220703125 284.51251220703125 288.29998779296875 296.73748779296875 313.8125 330.912506103515625 348.725006103515625 364.962493896484375 364.943756103515625 357.16876220703125 344.149993896484375 336.51873779296875 340.581268310546875 347.931243896484375 350.48748779296875 349.36248779296875 348.04376220703125 347.162506103515625 346.881256103515625 348.625 350.79376220703125 353.868743896484375 360.306243896484375 371.17498779296875 383.95623779296875 394.51251220703125 396.76873779296875 394.006256103515625 384.03125 369.57501220703125 358.006256103515625 362.487518310546875 370.08123779296875 382.82501220703125 404.82501220703125 442.73748779296875 485.881256103515625 490.524993896484375 466.087493896484375 439.76873779296875 417.524993896484375 396.96875 382.256256103515625 370.45623779296875
279.350006103515625 271.25 269.39373779296875 275.556243896484375 287.48748779296875 305.04998779296875 323.818756103515625 341.975006103515625 355.61248779296875 352.48126220703125 341.26251220703125 326.350006103515625 309.024993896484375 316.725006103515625 331 338.45623779296875 340.962493896484375 341.493743896484375 341.649993896484375 342.09375 341.912506103515625 342.79376220703125 344.98126220703125 350.73748779296875 363.01873779296875 376.10626220703125 388.61248779296875 390.07501220703125 387.04376220703125 379.912506103515625 369.36248779296875 362.53125 370.625 382.787506103515625 398.9375 421.443756103515625 454.66876220703125 492.4375 495.556243896484375 471.46875 444.412506103515625 420.20001220703125 399.162506103515625 383.556243896484375 373.1875
268.78125 258.88751220703125 256.79376220703125 267.38751220703125 284.04998779296875 300.587493896484375 316.993743896484375 332.350006103515625 341.149993896484375 340.58123779296875 332.95623779296875 321.818756103515625 312.66876220703125 316.40625 324.95001220703125 332.5625 336.774993896484375 339.10626220703125 338.712493896484375 336.587493896484375 335.25 333.45623779296875 333.85626220703125 338.54998779296875 349.91876220703125 364.987518310546875 375.649993896484375 382.399993896484375 383.01873779296875 380.899993896484375 375.86248779296875 374.45001220703125 382.54376220703125 395.78125 411.96875 430.04376220703125 455.693756103515625 475.600006103515625 477.16876220703125 463.03125 440.475006103515625 417.943756103515625 397.95623779296875 384.61248779296875 371.46875
264.75 256.98126220703125 257.84375 269.125 282.86248779296875 297.95001220703125 311.70623779296875 322.693756103515625 329.212493896484375 330.131256103515625 327.79998779296875 323.637481689453125 319.86248779296875 321.75 325.818756103515625 331.26251220703125 335.95001220703125 338.225006103515625 337.506256103515625 333.90625 331.61248779296875 325.76873779296875 323.193756103515625 324.54998779296875 336.76873779296875 353.83123779296875 368.14373779296875 376.806243896484375 381.975006103515625 380.818756103515625 382.743743896484375 385.70001220703125 396.16876220703125 407.100006103515625 421.6875 435.443756103515625 452.274993896484375 463.087493896484375 462.16876220703125 450.88751220703125 433.21875 412.125 391.75 380.01873779296875 371.95623779296875
265.70001220703125 259.300018310546875 263.83123779296875 273.40625 283.8125 296.306243896484375 308.08123779296875 315.712493896484375 321.037506103515625 324.9375 326.26251220703125 326.13751220703125 325.95623779296875 328.34375 330.48126220703125 334.6875 338.475006103515625 340.10626220703125 340.08123779296875 334.693756103515625 328.91876220703125 323.26251220703125 315.66876220703125 314.86248779296875 330.006256103515625 346.54998779296875 360.600006103515625 371.01251220703125 378.850006103515625 381.32501220703125 386.8125 392.149993896484375 405.818756103515625 417.23748779296875 428.556243896484375 440.42498779296875 452.26251220703125 457.056243896484375 452.193756103515625 442.83123779296875 426.493743896484375 405.03125 386.3125 376.21875 379.618743896484375
269.09375 262.79376220703125 269.287506103515625 278.193756103515625 287.20623779296875 296.39373779296875 305.15625 311.11248779296875 316.6875 320.881256103515625 324.29998779296875 327.32501220703125 329.14373779296875 332.36248779296875 334.40625 338.09375 341.09375 345.056243896484375 342.61248779296875 338.4375 333.98126220703125 325.837493896484375 322.67498779296875 322.875 332.96875 345.73748779296875 357.96875 367.34375 376 382.35626220703125 387.568756103515625 393.875 408.23126220703125 420.10626220703125 432.36248779296875 442.5 449.95623779296875 453.83123779296875 449.5625 438.774993896484375 424.875 405.068756103515625 384.76873779296875 377.1875 397.63751220703125
270.73126220703125 265.993743896484375 272.962493896484375 282.59375 290.881256103515625 297.33123779296875 301.931243896484375 307.57501220703125 312.34375 317.4375 322.70623779296875 326.993743896484375 330.92498779296875 337.100006103515625 340.01251220703125 344.48748779296875 350.306243896484375 352.037506103515625 350.45623779296875 346.287506103515625 340.631256103515625 333.09375 330.3125 331.712493896484375 338.42498779296875 347.38751220703125 357.774993896484375 366.26873779296875 375.556243896484375 382.46875 386.975006103515625 392.95623779296875 407.6875 422.337493896484375 436.243743896484375 444.38751220703125 451.91876220703125 454.875 451.399993896484375 440.88751220703125 424.67498779296875 407.125 393.712493896484375 396.306243896484375 419.65625
272.618743896484375 269.23126220703125 277.42498779296875 287.60626220703125 294.48748779296875 297.399993896484375 299.26873779296875 303.65625 308 312.475006103515625 319.149993896484375 326.225006103515625 332.6875 340.34375 345.693756103515625 350.506256103515625 355.5 358.59375 359.131256103515625 353.712493896484375 347.04998779296875 341.53125 337.51873779296875 337.70001220703125 342.837493896484375 349.96875 357.875 364.8125 373.11248779296875 379.82501220703125 386.462493896484375 393.5 407.34375 423.88751220703125 437.837493896484375 446.61248779296875 453.42498779296875 459.26873779296875 455.98748779296875 448.493743896484375 438.26873779296875 426.76873779296875 419.618743896484375 424.3125 435.8125
272.04376220703125 270.243743896484375 276.67498779296875 286.131256103515625 293.54376220703125 292.98748779296875 294.625 297.51251220703125 301.86248779296875 307.524993896484375 315.58123779296875 324.431243896484375 333.212493896484375 341.475006103515625 348.79376220703125 354.587493896484375 361.13751220703125 365.48748779296875 366.524993896484375 361.631256103515625 353.73126220703125 346.86248779296875 343.662506103515625 342.73748779296875 345.368743896484375 352.118743896484375 358.537506103515625 363.89373779296875 371.85626220703125 378.443756103515625 386.20001220703125 394.6875 408.287506103515625 424.868743896484375 439.38751220703125 448.73126220703125 455.743743896484375 464.081268310546875 464.375 459.681243896484375 454.8125 448.20001220703125 445.03125 445.59375 454.287506103515625
269.01251220703125 267.856231689453125 272.67498779296875 279.056243896484375 283.48126220703125 284.443756103515625 287.76251220703125 289.78125 294.73126220703125 301.087493896484375 309.78125 320.149993896484375 331.024993896484375 342.35626220703125 351.193756103515625 357.86248779296875 363.15625 366.875 366.524993896484375 363.60626220703125 355.60626220703125 348.899993896484375 346.125 344.475006103515625 347.73748779296875 352.54998779296875 356.931243896484375 362.01873779296875 367.59375 376.65625 385.475006103515625 394.931243896484375 409.475006103515625 426.23748779296875 441.45623779296875 450.51251220703125 460.818756103515625 467.54376220703125 468.08123779296875 467.59375 470.881256103515625 468.9375 468.881256103515625 474.59375 483.556243896484375
266.337493896484375 265.543731689453125 269.318756103515625 273.33123779296875 274.88751220703125 275.90625 277.537506103515625 279.625 283.5 292.07501220703125 303.756256103515625 315.96875 330.70001220703125 345.51251220703125 353.524993896484375 359.51251220703125 363.65625 364.70623779296875 363.381256103515625 361.25 354.506256103515625 348.493743896484375 345.08123779296875 345.337493896484375 347.399993896484375 351.61248779296875 354.92498779296875 357.243743896484375 362.26873779296875 374.08123779296875 383.899993896484375 393.13751220703125 408.818756103515625 426.693756103515625 441.443756103515625 452.381256103515625 462.46875 470.26873779296875 470.518768310546875 477.38751220703125 482.75 484.725006103515625 489.41876220703125 499.818756103515625 518.23126220703125
263.024993896484375 262.743743896484375 264.787506103515625 266.90625 266.11248779296875 266.787506103515625 267.92498779296875 268.931243896484375 273.10626220703125 280.6875 293.53125 311.34375 330.256256103515625 346.1875 354.350006103515625 359.1875 363.806243896484375 364.26251220703125 360.912506103515625 357.306243896484375 351.743743896484375 346.8125 343.768768310546875 343.412506103515625 345 347.625 349.65625 352.600006103515625 358.28125 369.537506103515625 381.975006103515625 393.17498779296875 408.70623779296875 427.381256103515625 442.89373779296875 454.04998779296875 463.4375 469.91876220703125 474.899993896484375 482.95001220703125 489.0625 494.962493896484375 503.88751220703125 517.40625 537.9124755859375
261.443756103515625 260.600006103515625 261.20001220703125 260.66876220703125 259.181243896484375 259.26873779296875 258.48126220703125 258.35626220703125 260.10626220703125 268.23748779296875 284.04998779296875 305.54376220703125 330.26251220703125 349.556243896484375 356.850006103515625 359.76251220703125 362.712493896484375 361.03125 357.20001220703125 351.45001220703125 347.45623779296875 343.34375 340.725006103515625 339.66876220703125 340.98126220703125 341.5 344.225006103515625 347.6875 352.993743896484375 364.556243896484375 378.42498779296875 392.66876220703125 409.21875 426.51251220703125 441.756256103515625 452.631256103515625 460.65625 471.33123779296875 477.774993896484375 484.068756103515625 491.46875 497.48126220703125 508.01873779296875 521.1812744140625 537.0250244140625
262.98748779296875 261.193756103515625 260.506256103515625 258.806243896484375 256.493743896484375 254.1750030517578125 252.368743896484375 249.568756103515625 248.912506103515625 254.6687469482421875 271.693756103515625 297.98748779296875 326.40625 347.51251220703125 355.462493896484375 358.649993896484375 359.78125 356.975006103515625 352.149993896484375 345.82501220703125 341.100006103515625 338.100006103515625 334.962493896484375 333.17498779296875 333.912506103515625 335.46875 337.84375 341.45623779296875 347.20001220703125 359.381256103515625 374.8125 389.51873779296875 407.243743896484375 424.73126220703125 439.41876220703125 447.98126220703125 459.29998779296875 467.818756103515625 471.16876220703125 477.193756103515625 484.587493896484375 491.412506103515625 499.962493896484375 511.90625 522.2125244140625
264.931243896484375 262.61248779296875 260.29998779296875 257.787506103515625 254.6999969482421875 251.65625 249.3312530517578125 244.5625 240.15625 239.3249969482421875 260.125 296.01251220703125 324.818756103515625 342.67498779296875 351.625 355.59375 356.5 352.625 346.774993896484375 339.375 335.08123779296875 330.493743896484375 327.71875 325.90625 326.79376220703125 328.975006103515625 331.643768310546875 336.006256103515625 341.774993896484375 355.006256103515625 370.88751220703125 386.38751220703125 404.881256103515625 422.725006103515625 437.024993896484375 445.600006103515625 454.225006103515625 460.225006103515625 463.725006103515625 467.381256103515625 471.36248779296875 477.39373779296875 487.07501220703125 496.774993896484375 503.350006103515625
266.756256103515625 263.899993896484375 260.73126220703125 258.21875 255.193756103515625 252.8874969482421875 249.806243896484375 245.368743896484375 241.493743896484375 238.0500030517578125 271.51251220703125 307.71875 328.350006103515625 341.28125 349.16876220703125 352.67498779296875 352.48126220703125 348.71875 342.818756103515625 334.86248779296875 329.162506103515625 323.193756103515625 319.493743896484375 317.899993896484375 318.90625 321.79998779296875 324.29998779296875 328.818756103515625 335.225006103515625 350.03125 365.850006103515625 380.681243896484375 399 417.33123779296875 431.26251220703125 439.15625 444.54998779296875 449.975006103515625 453.15625 455.024993896484375 456.537506103515625 463.04376220703125 469.5625 475.26251220703125 481.462493896484375
269.412506103515625 264.537506103515625 262.01873779296875 259.54376220703125 257.23748779296875 255.6312408447265625 253.5437469482421875 253.8625030517578125 259.64373779296875 277.837493896484375 316.681243896484375 329.149993896484375 336.399993896484375 344.20623779296875 349.712493896484375 351.51251220703125 351.5625 346.037506103515625 338.837493896484375 330.76251220703125 322.29376220703125 315.54998779296875 311.600006103515625 310.33123779296875 311.20623779296875 314.193756103515625 318.21875 323.89373779296875 331.600006103515625 346.931243896484375 361.51873779296875 374.98748779296875 390.243743896484375 404.1875 419.34375 425.89373779296875 429.25 433.8125 435.006256103515625 434.01873779296875 435 439.212493896484375 443.29376220703125 449.57501220703125 454.79998779296875
272.45001220703125 267.29998779296875 264.20001220703125 260.975006103515625 260.42498779296875 260.59375 261.11248779296875 266.04376220703125 277.5 297.162506103515625 320.243743896484375 334.53125 341.306243896484375 347.256256103515625 350.45623779296875 351.95001220703125 351.225006103515625 345.412506103515625 335.818756103515625 326.0625 314.07501220703125 306.881256103515625 302.58123779296875 301.462493896484375 303.256256103515625 306.350006103515625 311.875 319.42498779296875 327.67498779296875 341.618743896484375 354.568756103515625 368.399993896484375 383.01873779296875 394.48126220703125 404.125 409.20001220703125 411.66876220703125 414.375 414.01251220703125 411.774993896484375 412.274993896484375 415.006256103515625 416.98126220703125 421.506256103515625 426.51873779296875
