data/historical-monthly-weather-data/wc2.1_cruts4.09_10m_prec_1981-04.asc
ncols        51
nrows        45
xllcorner    -63.500000000000
yllcorner    -7.500000000000
cellsize     0.166666666667
NODATA_value -9999
[rows 19 to 37 of 45, columns 0 to 43 of 51]
251.34375 257.13751220703125 261.23748779296875 264.03125 269.212493896484375 275.225006103515625 279.46875 280.04376220703125 281.125 280.306243896484375 275.48126220703125 269.34375 262.79998779296875 256.54998779296875 246.412506103515625 236.21875 229.1875 229.899993896484375 228.1062469482421875 228.774993896484375 226.087493896484375 219.5812530517578125 213.068756103515625 206.5 200.9375 196.1750030517578125 193.4875030517578125 192.8625030517578125 190.28125 185.493743896484375 178.225006103515625 173.0749969482421875 159.8937530517578125 144.6374969482421875 133.8312530517578125 132.6062469482421875 134.5500030517578125 134.8625030517578125 133.4562530517578125 130.0187530517578125 124.7624969482421875 121.34375 117.46250152587890625 113.71250152587890625
237.975006103515625 246.5625 252.381256103515625 257.1875 260.45623779296875 267.787506103515625 274.274993896484375 276.33123779296875 276.806243896484375 273.774993896484375 268.01873779296875 259.212493896484375 250.59375 243.6687469482421875 234.0437469482421875 226.1750030517578125 220.318756103515625 218.568756103515625 219.1687469482421875 218.681243896484375 218.681243896484375 216.381256103515625 212.243743896484375 208.006256103515625 206.212493896484375 203.8937530517578125 200.493743896484375 196.681243896484375 191.868743896484375 189.0124969482421875 183.7687530517578125 177.743743896484375 161.881256103515625 144.6687469482421875 130.1875 130.84375 134.7937469482421875 135.59375 133.7312469482421875 129.131256103515625 122.9562530517578125 119.5500030517578125 114.63124847412109375 110.81874847412109375
226.875 232.8937530517578125 239.4250030517578125 248.40625 254.625 260.431243896484375 267.243743896484375 271.90625 272.9375 267.743743896484375 258.100006103515625 244.774993896484375 234.243743896484375 227.625 223.1374969482421875 217.6062469482421875 215.087493896484375 213.193756103515625 213.556243896484375 212.9250030517578125 209.662506103515625 207.899993896484375 207.3125 204.4250030517578125 203.3874969482421875 205.0500030517578125 210.368743896484375 205.90625 199.9875030517578125 196.912506103515625 191.28125 183.8562469482421875 168.9875030517578125 154.4812469482421875 143.787506103515625 139.9812469482421875 140.5437469482421875 139.6374969482421875 135.7312469482421875 129.7312469482421875 123.125 118.5437469482421875 113.125 108.4499969482421875
217.024993896484375 227.4250030517578125 234.8562469482421875 242.931243896484375 249.2375030517578125 255.193756103515625 259.85626220703125 266.4375 272.649993896484375 262.9375 248.0625 231.34375 219.149993896484375 214.3874969482421875 213.162506103515625 211.71875 209.2062530517578125 206.975006103515625 206.087493896484375 204.4187469482421875 202.3937530517578125 200.725006103515625 198.5812530517578125 196.9499969482421875 198.912506103515625 202.993743896484375 209.875 208.149993896484375 203.59375 200.412506103515625 197.0437469482421875 191.8874969482421875 180.743743896484375 168.618743896484375 159.3000030517578125 152.3000030517578125 148.6750030517578125 145.0124969482421875 138.9875030517578125 130.75 122.81874847412109375 116.9250030517578125 111.06874847412109375 105.83750152587890625
209.037506103515625 219.25 227.9499969482421875 233.96875 239.368743896484375 245.524993896484375 252.662506103515625 258.056243896484375 262.287506103515625 252.399993896484375 237.7624969482421875 224.0500030517578125 209.03125 207.7624969482421875 208.3125 207.068756103515625 204.3625030517578125 203.8312530517578125 202.1062469482421875 200.837493896484375 197.7687530517578125 194.0437469482421875 191.3562469482421875 191.1750030517578125 192.899993896484375 194.0500030517578125 198.943756103515625 202.8312530517578125 202.78125 204.5500030517578125 205.256256103515625 204.881256103515625 195.368743896484375 183.2062530517578125 173.3125 164.1875 157.3249969482421875 149.212493896484375 140.350006103515625 130.274993896484375 121.4187469482421875 114.9812469482421875 109.0812530517578125 103.59375
203.787506103515625 213.5 220.506256103515625 226.8562469482421875 232.743743896484375 237.8562469482421875 243.056243896484375 247.1125030517578125 247.1875 242.431243896484375 231.5124969482421875 219.568756103515625 212.162506103515625 207.5124969482421875 205.6687469482421875 203.90625 202.881256103515625 202.21875 200.631256103515625 197.756256103515625 193.306243896484375 188.5812530517578125 185.412506103515625 183.618743896484375 184.0124969482421875 188.506256103515625 194.9375 199.756256103515625 203.600006103515625 211.1687469482421875 216.6687469482421875 220.068756103515625 211.40625 198.350006103515625 185.6999969482421875 172.475006103515625 161.9187469482421875 149.96875 139.84375 129.75 120.1374969482421875 113.3249969482421875 107.875 102.0749969482421875
204.84375 212.4187469482421875 214.618743896484375 219.3562469482421875 223.0187530517578125 227.71875 232.2312469482421875 235.0625 233.0124969482421875 228.6374969482421875 223.4375 218.1687469482421875 213.34375 210.618743896484375 206.725006103515625 205.4562530517578125 203.6437530517578125 202.5562591552734375 199.899993896484375 195.25 191.4187469482421875 184.943756103515625 179.3625030517578125 173.993743896484375 177.024993896484375 183.96875 194.056243896484375 200.2375030517578125 207.6125030517578125 216.7687530517578125 227.5 235.5437469482421875 227.4812469482421875 211.006256103515625 194.1999969482421875 178.3562469482421875 164.40625 150.568756103515625 139.1687469482421875 128.6062469482421875 118.94374847412109375 111.8312530517578125 105.875 99.71875
204 207.0500030517578125 209.712493896484375 212.524993896484375 214.125 219.100006103515625 222.306243896484375 223.4875030517578125 222.462493896484375 223.03125 222.024993896484375 218.9875030517578125 216.9187469482421875 215.7687530517578125 212.524993896484375 210.306243896484375 207.881256103515625 205.3000030517578125 203.1374969482421875 199.3312530517578125 192.9875030517578125 185.443756103515625 177.431243896484375 171.412506103515625 176.84375 183.412506103515625 194.5749969482421875 202.25 211.274993896484375 222.0187530517578125 235.3625030517578125 245.868743896484375 238.443756103515625 218.1437530517578125 198.1437530517578125 180.25 164.693756103515625 149.8874969482421875 137.662506103515625 126.96250152587890625 116.7312469482421875 110.40000152587890625 104.5812530517578125 99.31874847412109375
204.2062530517578125 203.4187469482421875 204.462493896484375 205.743743896484375 207.399993896484375 210.693756103515625 214.21875 214.412506103515625 216.0437469482421875 218.256256103515625 217.7062530517578125 218.5625 219.0124969482421875 220.5437469482421875 218.1374969482421875 214.693756103515625 212.725006103515625 212.131256103515625 208.524993896484375 205.4562530517578125 199.837493896484375 191.7375030517578125 187.4562530517578125 181.837493896484375 183.4875030517578125 188.881256103515625 197.46875 205.725006103515625 214.1999969482421875 225.4375 237.0187530517578125 245.6125030517578125 235.681243896484375 216.556243896484375 197.65625 179.2062530517578125 163.6812591552734375 148.7937469482421875 136.6750030517578125 125.6750030517578125 115.77500152587890625 109.8625030517578125 104.53125 100.375
202.9187469482421875 199.9250030517578125 199.125 199.8562469482421875 200.21875 201.693756103515625 204.2937469482421875 207.431243896484375 211.71875 213.9250030517578125 216.306243896484375 219.09375 221.149993896484375 224.493743896484375 224.318756103515625 223.625 222.3874969482421875 219.274993896484375 217.1937408447265625 213.5124969482421875 208.7062530517578125 201.6125030517578125 198.09375 194.118743896484375 193.21875 196.6062469482421875 203.9124908447265625 210.7375030517578125 217.9812469482421875 227.5 235.462493896484375 240.9812469482421875 227.9499969482421875 211.1875 193.5625 176.5812530517578125 161.7312469482421875 147.4187469482421875 135.78125 124.3125 113.53749847412109375 108.1687469482421875 104.0437469482421875 103.38124847412109375
204.412506103515625 199.7624969482421875 198.037506103515625 195.6999969482421875 195.6875 197.943756103515625 200.818756103515625 204.5749969482421875 208.65625 211.6750030517578125 215.931243896484375 220.1062469482421875 225.943756103515625 230.875 231.618743896484375 231.212493896484375 230.71875 230.712493896484375 227.7687530517578125 222.475006103515625 216.524993896484375 212.5625 210.75 205.65625 202.90625 204.6374969482421875 210.993743896484375 215.5500030517578125 221.318756103515625 227.493743896484375 232.475006103515625 233.631256103515625 220.7687530517578125 205.725006103515625 189.868743896484375 173.881256103515625 159.9250030517578125 146.125 134.1750030517578125 124.0124969482421875 114.6875 110.3312530517578125 106.5500030517578125 106.15000152587890625
204.5749969482421875 198.225006103515625 195.493743896484375 193.3562469482421875 193.2937469482421875 194.943756103515625 198.274993896484375 200.84375 205.3000030517578125 210.2937469482421875 215.8249969482421875 221.993743896484375 230.568756103515625 235.524993896484375 238.149993896484375 239.34375 241.3312530517578125 241.71875 239.8312530517578125 235.3562469482421875 229.412506103515625 224.475006103515625 221.712493896484375 214.7937469482421875 210.1999969482421875 213.693756103515625 216.5875091552734375 220.75 224.5187530517578125 226.5437469482421875 228.850006103515625 227.725006103515625 215.868743896484375 201.3249969482421875 185.6437530517578125 170.8625030517578125 156.131256103515625 142.899993896484375 132.975006103515625 123.4812469482421875 114.77500152587890625 110.74375152587890625 108.1437530517578125 106.59999847412109375
203.5500030517578125 196.2312469482421875 193.274993896484375 192.375 191.5687408447265625 191.7624969482421875 194.774993896484375 196.8812408447265625 201.662506103515625 207.03125 214.09375 223.9250030517578125 232.3312530517578125 239.8562469482421875 243.5124969482421875 246.6374969482421875 247.59375 248.725006103515625 246.75 245.5812530517578125 240.681243896484375 236.037506103515625 231.7312469482421875 225.0437469482421875 222.4187469482421875 222.4187469482421875 222.868743896484375 226.0124969482421875 227.1062469482421875 227.3000030517578125 227.462493896484375 224.318756103515625 210.7687530517578125 196.4187469482421875 181.5 167 153.274993896484375 139.46875 129.9562530517578125 120.9812469482421875 114.36875152587890625 111.3625030517578125 108.99375152587890625 107.6374969482421875
205.399993896484375 197.1437530517578125 194.3625030517578125 192.5 192.068756103515625 191.806243896484375 192.475006103515625 194.84375 198.9499969482421875 205.4812469482421875 215.524993896484375 224.8625030517578125 235.9812469482421875 245.993743896484375 250.3562469482421875 253.4312591552734375 256.39373779296875 257.98126220703125 255.1687469482421875 252.899993896484375 250.2312469482421875 246.03125 241.306243896484375 235.318756103515625 232.9562530517578125 229.8625030517578125 230.131256103515625 230.524993896484375 230.618743896484375 229.5749969482421875 226.4250030517578125 220.631256103515625 206.78125 192.993743896484375 178.6750030517578125 165.2624969482421875 151.5187530517578125 138.412506103515625 128.625 122.46250152587890625 115.64374542236328125 112.55625152587890625 110.6875 109.78749847412109375
206.40625 199.3874969482421875 196.693756103515625 194.09375 192.256256103515625 192.6125030517578125 192.8562469482421875 193.1999969482421875 196.7687530517578125 203.1125030517578125 211.993743896484375 225.068756103515625 238.6125030517578125 248.2312469482421875 254.5812530517578125 258.181243896484375 262.631256103515625 264.162506103515625 262.29998779296875 260.07501220703125 257.587493896484375 254.2375030517578125 250.28125 242.4437408447265625 240.625 237.068756103515625 234.912506103515625 233.962493896484375 233.350006103515625 229.0500030517578125 223.90625 217.71875 203.9499969482421875 190.024993896484375 176.2624969482421875 162.75 149.568756103515625 135.4875030517578125 128.506256103515625 122.50624847412109375 115.7312469482421875 113.3125 111.83750152587890625 111.1750030517578125
206.21875 201.131256103515625 199.131256103515625 195.256256103515625 192.4499969482421875 191.59375 190.7937469482421875 191.15625 193.024993896484375 197.7062530517578125 208.649993896484375 224.9250030517578125 241.9187469482421875 255.743743896484375 261.79376220703125 266.212493896484375 269.318756103515625 268.45001220703125 268.6875 265 264.29376220703125 259.89373779296875 256.475006103515625 247.774993896484375 244.756256103515625 242.9875030517578125 240.3000030517578125 237.1125030517578125 235.6374969482421875 230.662506103515625 223.125 215.6374969482421875 200.9499969482421875 187.6687469482421875 173.524993896484375 159.8562469482421875 146 135.5812530517578125 128.9499969482421875 122.6875 116.1750030517578125 114.0187530517578125 112.75624847412109375 111.8249969482421875
209.024993896484375 205.618743896484375 203.1875 199.524993896484375 195.96875 193.5625 192.337493896484375 191.006256103515625 190.3312530517578125 193.2624969482421875 202.8187408447265625 221.524993896484375 242.537506103515625 257.662506103515625 264.78125 269.881256103515625 273.850006103515625 273.57501220703125 273.412506103515625 272.34375 269.631256103515625 266.13751220703125 259.17498779296875 252.225006103515625 247.787506103515625 245.693756103515625 243.5625 241.28125 239.1999969482421875 232.0625 223.618743896484375 214.243743896484375 200.024993896484375 187.6750030517578125 173.4250030517578125 159.306243896484375 149.2624969482421875 139.756256103515625 132.7375030517578125 126.90625 121.47499847412109375 118.78125 116.75624847412109375 115.6374969482421875
212.4562530517578125 210.537506103515625 207.5749969482421875 204.3937530517578125 200.46875 197.587493896484375 195.8125 191.7624969482421875 187.837493896484375 187.03125 198.3937530517578125 222.46875 241.712493896484375 254.912506103515625 264.875 271.46875 274.33123779296875 275.068756103515625 275.76873779296875 272.98126220703125 270.712493896484375 266.381256103515625 259.618743896484375 253.8937530517578125 248.9499969482421875 246.84375 245.962493896484375 244.59375 241.84375 233.100006103515625 224.493743896484375 215.056243896484375 201.25 187.681243896484375 173.6687469482421875 162.1062469482421875 153.1125030517578125 144.9250030517578125 139.0749969482421875 132.100006103515625 126.6750030517578125 123.46250152587890625 121.50624847412109375 119.7062530517578125
217.6750030517578125 214.6999969482421875 211.118743896484375 208.631256103515625 204.875 202.25 199.181243896484375 194.006256103515625 190.7125091552734375 187.8312530517578125 204.25 227.774993896484375 243.431243896484375 255.1687469482421875 264.412506103515625 271.63751220703125 273.975006103515625 275.631256103515625 273.625 269.91876220703125 267.318756103515625 262.36248779296875 258.09375 253.03125 248.506256103515625 248.1125030517578125 245.4375 245.9812469482421875 244.3312530517578125 235.712493896484375 224.681243896484375 215.006256103515625 203.03125 189.3249969482421875 174.5749969482421875 166.3874969482421875 158.2062530517578125 149.743743896484375 145.0812530517578125 138.6125030517578125 132.1750030517578125 128.993743896484375 125.59999847412109375 122.83750152587890625
