data/historical-monthly-weather-data/wc2.1_cruts4.09_10m_prec_2020-12.asc
ncols        45
nrows        45
xllcorner    -63.500000000000
yllcorner    -7.500000000000
cellsize     0.166666666667
NODATA_value -9999
[rows 20 to 39 of 45, columns 0 to 44 of 45]
334.01251220703125 347.73748779296875 359.212493896484375 372.32501220703125 387.331268310546875 404.15625 420.337493896484375 436.32501220703125 454.412506103515625 469.58123779296875 479.931243896484375 483.743743896484375 485.193756103515625 481.693756103515625 467.837493896484375 450.0625 432.475006103515625 415.756256103515625 404.09375 393.29998779296875 387.67498779296875 382.368743896484375 377.25 372.5625 370.006256103515625 364.837493896484375 349.943756103515625 326.45623779296875 298.89373779296875 271.51251220703125 249.2312469482421875 235.818756103515625 226.774993896484375 220.181243896484375 214.087493896484375 208.1687469482421875 204.3312530517578125 199.493743896484375 186.493743896484375 168.15625 147.3125 128.6750030517578125 112.7937469482421875 99.3562469482421875 94.84999847412109375
312.03125 322.225006103515625 334.693756103515625 350.34375 367.14373779296875 388.91876220703125 412.36248779296875 435.162506103515625 453.53125 468.10626220703125 476.587493896484375 478.23748779296875 477.662506103515625 472.46875 460.26251220703125 444.88751220703125 429.631256103515625 414.79998779296875 402.26873779296875 391.175018310546875 382.912506103515625 378.70623779296875 376.84375 372.08123779296875 369.806243896484375 369.0625 360.943756103515625 339.568756103515625 313.65625 289.412506103515625 268.524993896484375 253.1875 241.818756103515625 234.2312469482421875 226.5812530517578125 219.506256103515625 215.2312469482421875 210.524993896484375 195.5437469482421875 174.693756103515625 153.193756103515625 134.037506103515625 116.96875 102.5812530517578125 97.97499847412109375
291.84375 301.79376220703125 313.181243896484375 328.4375 347.037506103515625 375.01873779296875 403.58123779296875 432.59375 453.806243896484375 466.15625 472.73748779296875 470.850006103515625 469.76873779296875 464.67498779296875 453.056243896484375 439.17498779296875 424.84375 410.412506103515625 398.368743896484375 386.17498779296875 378.07501220703125 373.32501220703125 370.287506103515625 365.90625 365.26251220703125 368.556243896484375 366.35626220703125 348.10626220703125 324.125 303.287506103515625 284.931243896484375 269.67498779296875 257.98748779296875 247.875 238.5749969482421875 228.350006103515625 224.3562469482421875 223.162506103515625 206.84375 183.3249969482421875 160.149993896484375 139.743743896484375 121.6062469482421875 106.28749847412109375 101.1374969482421875
275.881256103515625 283.399993896484375 296.04376220703125 314.09375 336.225006103515625 365.11248779296875 395.51873779296875 424.118743896484375 444.01251220703125 454.76873779296875 460.95623779296875 460.61248779296875 459.725006103515625 456.25 445.66876220703125 433.16876220703125 420.85626220703125 408.149993896484375 396.20623779296875 384.125 373.32501220703125 366.41876220703125 360.412506103515625 356.26873779296875 355.04998779296875 357.306243896484375 355.45001220703125 344.524993896484375 329.01251220703125 312.40625 297.618743896484375 282.725006103515625 272.34375 261.90625 252.0625 239.087493896484375 233.84375 232.3249969482421875 215.71875 191.8562469482421875 167.787506103515625 146.6374969482421875 127.21875 110.9187469482421875 106.2312469482421875
263.850006103515625 268.306243896484375 281.899993896484375 305.51251220703125 332.649993896484375 359.993743896484375 388.0625 413.256256103515625 430.04998779296875 441.9375 449.16876220703125 449.01251220703125 448.368743896484375 445.63751220703125 437.53125 427.4375 416.82501220703125 405.806243896484375 394.381256103515625 382.431243896484375 369.39373779296875 358.40625 350 343.83123779296875 342.91876220703125 346.16876220703125 345.48126220703125 339.556243896484375 329.787506103515625 318.725006103515625 307.54376220703125 294.82501220703125 286.10626220703125 276.5625 265.9375 254.212493896484375 247.5812530517578125 240.3874969482421875 222.787506103515625 200.28125 176.193756103515625 154.131256103515625 133.2937469482421875 116.77500152587890625 110.9187469482421875
257.95001220703125 263.8125 279.73126220703125 304.73126220703125 330.524993896484375 355.556243896484375 379.5625 401.493743896484375 416.53125 427.175018310546875 434.181243896484375 436.125 436.01873779296875 434.45001220703125 429.25 421.73126220703125 412.48748779296875 402.90625 392.556243896484375 380.79376220703125 367.85626220703125 352.631256103515625 339.07501220703125 329.131256103515625 331.16876220703125 336.756256103515625 339.037506103515625 336.33123779296875 330.4375 323.056243896484375 314.681243896484375 306.46875 300.274993896484375 290.837493896484375 281.1875 269.149993896484375 260.51251220703125 251.0500030517578125 232.462493896484375 210.4375 186.3249969482421875 161.9875030517578125 139.243743896484375 121.3249969482421875 115.96875
258.23748779296875 265.17498779296875 283.76251220703125 307.42498779296875 330.79998779296875 352.100006103515625 371.01873779296875 388.600006103515625 400.58123779296875 411.65625 421.11248779296875 424.274993896484375 424.962493896484375 425.431243896484375 422.462493896484375 418.01251220703125 411.38751220703125 402.912506103515625 393.29998779296875 380.85626220703125 366.556243896484375 349.868743896484375 333.368743896484375 320.03125 324.399993896484375 330.42498779296875 333.443756103515625 332.21875 329.28125 324.03125 318.850006103515625 313.54998779296875 310.649993896484375 302.29998779296875 293.33123779296875 281.975006103515625 271.48126220703125 260.70623779296875 241.8625030517578125 220.662506103515625 197.0749969482421875 171.212493896484375 146.381256103515625 127.8625030517578125 125.33750152587890625
260.23126220703125 268.71875 288.39373779296875 310.787506103515625 331.38751220703125 348.962493896484375 363.90625 376.375 386.26873779296875 395.95623779296875 404.57501220703125 409.318756103515625 413.631256103515625 416.5625 416.100006103515625 413.38751220703125 410.01873779296875 402.29376220703125 394.068756103515625 382.712493896484375 368.90625 353.556243896484375 340.79376220703125 329.662506103515625 328.381256103515625 330.9375 331.45001220703125 329.32501220703125 326.375 322.58123779296875 318.26251220703125 313.537506103515625 312.03125 307.875 301.743743896484375 291.26251220703125 281.21875 270.71875 252.899993896484375 233.15625 210.8249969482421875 184.15625 155.006256103515625 135.8874969482421875 138.0500030517578125
260.89373779296875 271.16876220703125 291.693756103515625 314.34375 332.274993896484375 344.556243896484375 354.662506103515625 363.65625 371.86248779296875 379.712493896484375 388.837493896484375 395.88751220703125 401.875 407.431243896484375 408.712493896484375 410 409.1875 403.306243896484375 396.11248779296875 386.29376220703125 373.537506103515625 360.337493896484375 350.38751220703125 339.131256103515625 334.837493896484375 333.850006103515625 331.76873779296875 328.39373779296875 324.85626220703125 320.63751220703125 316.15625 311.33123779296875 311.256256103515625 309.618743896484375 306.756256103515625 298.306243896484375 289.88751220703125 279.993743896484375 262.65625 244.787506103515625 225.5812530517578125 197.8874969482421875 168.7687530517578125 152.2312469482421875 154.5187530517578125
264.64373779296875 274.82501220703125 295.07501220703125 317.36248779296875 334.39373779296875 340.61248779296875 345.95001220703125 352.48126220703125 358.631256103515625 364.943756103515625 373.537506103515625 380.58123779296875 389.23748779296875 397.29376220703125 400.67498779296875 402.681243896484375 404.125 402.39373779296875 396.975006103515625 387.95623779296875 375.70001220703125 364.287506103515625 354.26873779296875 343.837493896484375 338.04998779296875 335.056243896484375 329.42498779296875 325.36248779296875 320.556243896484375 316.88751220703125 313.037506103515625 308.850006103515625 310.11248779296875 309.70001220703125 308.35626220703125 300.993743896484375 293.893768310546875 285.087493896484375 269.67498779296875 252.92498779296875 234.274993896484375 212.9875030517578125 189.818756103515625 175.225006103515625 172.412506103515625
266.568756103515625 276.04376220703125 293.024993896484375 312.46875 325.818756103515625 329.03125 332.806243896484375 337.21875 341.912506103515625 349.15625 357.58123779296875 365.881256103515625 376.10626220703125 385.20001220703125 389.78125 394.17498779296875 398.943756103515625 397.84375 395.850006103515625 388.412506103515625 376.587493896484375 365.82501220703125 356.975006103515625 346.350006103515625 338.86248779296875 333.806243896484375 327.08123779296875 321.524993896484375 315.868743896484375 313.3125 310.181243896484375 306.84375 307.98126220703125 308.90625 308.274993896484375 302.63751220703125 297.21875 289.90625 275.756256103515625 259.48748779296875 243.8625030517578125 228.412506103515625 211.8000030517578125 197.2624969482421875 192.2937469482421875
266.274993896484375 273.212493896484375 285.40625 296.66876220703125 303.85626220703125 309.475006103515625 314.09375 317.600006103515625 323.03125 329.818756103515625 338.993743896484375 349.42498779296875 361.41876220703125 372.01873779296875 379.368743896484375 385.63751220703125 389.462493896484375 389.118743896484375 387.899993896484375 382.76251220703125 373.45001220703125 364.112518310546875 355.35626220703125 344.818756103515625 338.337493896484375 331.837493896484375 323.506256103515625 317.037506103515625 311.08123779296875 309.462493896484375 307.26251220703125 305 305.14373779296875 306.443756103515625 307.0625 303.90625 299.03125 292.762481689453125 280.875 267.524993896484375 256.899993896484375 247.6062469482421875 237.631256103515625 228.2562408447265625 225.9375
262.66876220703125 266.337493896484375 273.5625 281.212493896484375 285.98748779296875 290.0625 292.34375 294.10626220703125 298.975006103515625 306.45623779296875 318.8125 330.899993896484375 345.40625 359.806243896484375 367.662506103515625 373.431243896484375 376.73126220703125 377.95001220703125 375.0625 371.287506103515625 363.875 356.71875 349.20623779296875 339.193756103515625 332.70001220703125 327.068756103515625 318.58123779296875 310.256256103515625 304.61248779296875 303.41876220703125 302.931243896484375 301.95001220703125 302.493743896484375 303.82501220703125 304.89373779296875 302.6875 299.42498779296875 295.181243896484375 286.95623779296875 280.88751220703125 274.58123779296875 270.443756103515625 267.79998779296875 268.100006103515625 277.443756103515625
257.381256103515625 258.51251220703125 263.04998779296875 266.96875 268.399993896484375 270.04998779296875 270.70623779296875 270.774993896484375 274.78125 282.068756103515625 294.256256103515625 311.28125 329.42498779296875 344.79998779296875 353.993743896484375 359.756256103515625 364.04998779296875 365.29376220703125 362.04998779296875 358.850006103515625 352.82501220703125 346.399993896484375 339.462493896484375 330.837493896484375 324.32501220703125 318.899993896484375 311.274993896484375 303.45001220703125 298.15625 297.243743896484375 297.743743896484375 298.537506103515625 299.431243896484375 300.86248779296875 301.625 300.26251220703125 299 295.65625 293.61248779296875 293.13751220703125 292.51873779296875 293.337493896484375 296.73748779296875 304.70001220703125 319.743743896484375
250.9250030517578125 250.774993896484375 252.8125 253.5812530517578125 253.1999969482421875 252.2062530517578125 250.28125 248.4875030517578125 250.5062408447265625 257.61248779296875 271.40625 291.350006103515625 313.931243896484375 333.04376220703125 342.662506103515625 348.53125 352.08123779296875 352.337493896484375 350.125 345.556243896484375 341.23126220703125 334.64373779296875 329.57501220703125 321.41876220703125 314.79376220703125 309.9375 302.618743896484375 295.73748779296875 290.587493896484375 290.79376220703125 292.600006103515625 294.48126220703125 295.931243896484375 297.78125 298.587493896484375 297.475006103515625 296.649993896484375 297.006256103515625 299.837493896484375 302.91876220703125 307.399993896484375 311.756256103515625 318.82501220703125 329.76873779296875 343.34375
243.8249969482421875 242.6750030517578125 242.7624969482421875 242.024993896484375 240.006256103515625 238.1999969482421875 234.743743896484375 231.087493896484375 230.84375 235.0500030517578125 249.78125 273.0625 298.818756103515625 318.9375 329.85626220703125 336.587493896484375 340.274993896484375 340.01873779296875 336.381256103515625 331.225006103515625 326.84375 322.33123779296875 316.75 309.70623779296875 304.556243896484375 299.943756103515625 293.82501220703125 287.631256103515625 282.993743896484375 284.506256103515625 287.649993896484375 289.931243896484375 292.212493896484375 293.850006103515625 294.9375 294.42498779296875 296.67498779296875 298.587493896484375 302.45623779296875 307.40625 313.51251220703125 320.431243896484375 327.98126220703125 338.76251220703125 348.899993896484375
236.243743896484375 234.6062469482421875 233.6687469482421875 232.193756103515625 229.774993896484375 227.6875 224.475006103515625 219.34375 215.381256103515625 213.3937530517578125 231.524993896484375 262.693756103515625 287.45623779296875 305.16876220703125 316.73748779296875 324.11248779296875 328.662506103515625 327.20001220703125 323.556243896484375 318.024993896484375 313.131256103515625 308.15625 302.98748779296875 296.98126220703125 292.29376220703125 288.837493896484375 283.274993896484375 279.0625 276.01873779296875 278.57501220703125 282.23748779296875 285.256256103515625 287.868743896484375 290.318756103515625 291.57501220703125 293.86248779296875 297.087493896484375 300.10626220703125 303.66876220703125 309.0625 315.537506103515625 323.100006103515625 331.493743896484375 342.125 349.537506103515625
228.3249969482421875 226.8562469482421875 225.837493896484375 224.0124969482421875 222.056243896484375 219.9375 217.8249969482421875 213.8312530517578125 210.350006103515625 205.5187530517578125 234.6437530517578125 266.037506103515625 283.256256103515625 296.14373779296875 306.21875 313.58123779296875 317.54998779296875 316 310.962493896484375 305.475006103515625 299.0625 293.506256103515625 288.95001220703125 283.743743896484375 279.64373779296875 276.993743896484375 273.837493896484375 270.743743896484375 268.774993896484375 272.65625 276.51251220703125 280.556243896484375 283.71875 286.712493896484375 288.625 292.13751220703125 296.20001220703125 299.649993896484375 304.15625 309.29376220703125 315.212493896484375 322.787506103515625 330.662506103515625 340.58123779296875 348.41876220703125
220.5749969482421875 219.225006103515625 218.9875030517578125 218.2624969482421875 216.8562469482421875 216.006256103515625 215.587493896484375 215.8562469482421875 220.024993896484375 234.100006103515625 267.068756103515625 278.65625 286.125 294.98748779296875 302.506256103515625 308.32501220703125 311.306243896484375 308.037506103515625 302.568756103515625 296.33123779296875 288.71875 281.78125 276.79376220703125 272.550018310546875 269.70623779296875 267.98748779296875 265.95001220703125 264.868743896484375 264.568756103515625 269.01251220703125 273.96875 277.068756103515625 280.63751220703125 283.91876220703125 287.66876220703125 291.306243896484375 294.962493896484375 298.375 302.006256103515625 305.993743896484375 311.5625 317.33123779296875 323.475006103515625 331.04998779296875 337.131256103515625
213.875 212.7312469482421875 213.0500030517578125 213.1875 213.087493896484375 214.399993896484375 216.40625 220.8249969482421875 229.243743896484375 244.4499969482421875 265.5 278.83123779296875 286.318756103515625 294.149993896484375 300.36248779296875 304.1875 305.568756103515625 302.256256103515625 295.46875 288.16876220703125 277.912506103515625 269.15625 263.162506103515625 259.162506103515625 258.256256103515625 258.45001220703125 258.931243896484375 260 261.20623779296875 266.28125 270.625 275.04998779296875 279.556243896484375 283.193756103515625 286.71875 289.306243896484375 293.131256103515625 296.006256103515625 298.681243896484375 301.23126220703125 304.818756103515625 309.51873779296875 314.787506103515625 320.600006103515625 325.98126220703125
