data/historical-monthly-weather-data/wc2.1_cruts4.09_10m_prec_2013-02.asc
ncols        45
nrows        45
xllcorner    -63.500000000000
yllcorner    -7.500000000000
cellsize     0.166666666667
NODATA_value -9999
[rows 0 to 19 of 45, columns 0 to 44 of 45]
308.475006103515625 307.71875 303.88751220703125 305.26873779296875 302.45001220703125 305.193756103515625 304.975006103515625 299.45623779296875 291.21875 287.98748779296875 291.20001220703125 288.225006103515625 283.07501220703125 268.100006103515625 253.2687530517578125 238.7062530517578125 226.181243896484375 210.149993896484375 200.368743896484375 192.3249969482421875 190.100006103515625 188.75 189.2312469482421875 187.993743896484375 187.274993896484375 186.5374908447265625 183.350006103515625 179.375 175.4562530517578125 171.274993896484375 167.53125 163.931243896484375 160.375 157.15625 154.6875 155.006256103515625 154.34375 153.443756103515625 154.75 155.024993896484375 156.274993896484375 157.90625 158.3937530517578125 161.3562469482421875 164.15625
320.48126220703125 319.068756103515625 319.20623779296875 318.256256103515625 318.756256103515625 325.54998779296875 327.556243896484375 330.368743896484375 329.84375 327.774993896484375 326.58123779296875 317.26873779296875 306.14373779296875 291.4375 273.462493896484375 255.368743896484375 239.2624969482421875 221.6374969482421875 207.381256103515625 194.9499969482421875 190.837493896484375 189.287506103515625 188.649993896484375 186.412506103515625 183.787506103515625 182.34375 179.1687469482421875 176.443756103515625 173.0749969482421875 169.2312469482421875 164.662506103515625 162.100006103515625 159.9187469482421875 158.524993896484375 156.5812530517578125 156.524993896484375 155.6875 154.1875 154.975006103515625 154.931243896484375 155.556243896484375 156.6687469482421875 156.662506103515625 158.712493896484375 161.068756103515625
330.71875 329.787506103515625 329.274993896484375 329.28125 331.65625 338.806243896484375 347.01251220703125 356.962493896484375 362.443756103515625 361.51251220703125 356.193756103515625 342.71875 327.14373779296875 308.83123779296875 287.25 266.36248779296875 247.3874969482421875 231.1875 216.9562530517578125 205.037506103515625 200.53125 199.6437530517578125 197.225006103515625 192.7312469482421875 189.306243896484375 184.5625 181.0812530517578125 178.6062469482421875 174.3937530517578125 170.5124969482421875 167.756256103515625 165.4187469482421875 164.118743896484375 162.0187530517578125 160.943756103515625 159.625 158.681243896484375 157.743743896484375 157.537506103515625 157.1999969482421875 157.25 157.681243896484375 157.506256103515625 157.818756103515625 160.756256103515625
336.662506103515625 336.63751220703125 338.40625 339.318756103515625 346.506256103515625 353.056243896484375 364.899993896484375 380.1875 391.40625 394.16876220703125 385.412506103515625 365.068756103515625 342.39373779296875 319.993743896484375 296.76251220703125 274.08123779296875 253.90625 237.09375 225.381256103515625 217.6687469482421875 213.993743896484375 211.3312530517578125 206.868743896484375 200.1437530517578125 193.25 186.162506103515625 183.1125030517578125 180.0500030517578125 175.7624969482421875 173.256256103515625 170.774993896484375 170.3874969482421875 168.443756103515625 166.8000030517578125 164.912506103515625 164 162.681243896484375 161.006256103515625 161.1750030517578125 160.7312469482421875 159.3625030517578125 159.287506103515625 158.8312530517578125 158.2312469482421875 160.8937530517578125
349.95001220703125 345.83123779296875 343.28125 346.16876220703125 354.881256103515625 364.631256103515625 376.631256103515625 396.912506103515625 417.100006103515625 426.649993896484375 407.818756103515625 378.51251220703125 354.118743896484375 330.48126220703125 304.17498779296875 280.381256103515625 259.91876220703125 243.462493896484375 235.0500030517578125 230.2249908447265625 226.868743896484375 221.5749969482421875 216.2062530517578125 207.2624969482421875 197.037506103515625 187.8000030517578125 182.75 179.1687469482421875 177.181243896484375 176.024993896484375 175.03125 174.25 173.537506103515625 172.1750030517578125 170.193756103515625 169.0437469482421875 167.9812469482421875 166.368743896484375 166.243743896484375 164.662506103515625 163.181243896484375 161.8312530517578125 160.1875 159.125 160.4375
358.26873779296875 356.631256103515625 352.21875 352.4375 360.01873779296875 372.40625 387.17498779296875 407.04998779296875 429.53125 444.61248779296875 419.70623779296875 388.46875 364.16876220703125 341.70623779296875 317.10626220703125 295.818756103515625 274.725006103515625 259.64373779296875 253.125 249.212493896484375 242.493743896484375 235.149993896484375 227.46875 216.1687469482421875 203.806243896484375 193.9250030517578125 189.3000030517578125 185.412506103515625 182.787506103515625 181.8125 181.162506103515625 180.78125 179.493743896484375 180.006256103515625 179.1687469482421875 178.40625 178.03125 177 177.3937530517578125 175.506256103515625 172.193756103515625 169.7687530517578125 167.274993896484375 165.21875 164.25
367.1875 365.78125 362.712493896484375 360.13751220703125 365.54376220703125 374.91876220703125 387.65625 400.818756103515625 414.85626220703125 417.95623779296875 407.625 387.600006103515625 367.66876220703125 348.725006103515625 329.024993896484375 310.70001220703125 294.48748779296875 284.40625 277.98126220703125 270.493743896484375 258.337493896484375 247.868743896484375 236.1374969482421875 223.131256103515625 211.90625 200.5 195.9875030517578125 192.9812469482421875 188.993743896484375 187.5187530517578125 187.9499969482421875 187.8000030517578125 187.6875 186.7624969482421875 186.5187530517578125 187.774993896484375 187.9562530517578125 188.181243896484375 189.6875 187.350006103515625 182.0500030517578125 178.837493896484375 175.8312530517578125 172.6687469482421875 170.3125
374.712493896484375 371.181243896484375 367.92498779296875 368.79376220703125 373.09375 377.631256103515625 382.568756103515625 386.15625 387.40625 388.212493896484375 389.350006103515625 381.912506103515625 369.41876220703125 353.256256103515625 337.92498779296875 324.33123779296875 312.15625 306.92498779296875 303.0625 290.84375 272.96875 258.21875 243.7062530517578125 230.3625030517578125 218.4375 206.4875030517578125 202.100006103515625 198.6750030517578125 195.743743896484375 194.318756103515625 193.618743896484375 194.3312530517578125 194.6125030517578125 194.787506103515625 194.8000030517578125 196.0124969482421875 197.15625 197.868743896484375 198.59375 196.5625 192.1125030517578125 188.975006103515625 185.556243896484375 181.1875 179.181243896484375
382.84375 379.5625 376 376.73748779296875 378.82501220703125 378.818756103515625 380.881256103515625 379.475006103515625 373.54998779296875 372.943756103515625 379.0625 379.14373779296875 371.75 359.774993896484375 347.76251220703125 338.787506103515625 329.462493896484375 322.850006103515625 318.368743896484375 303.86248779296875 282.368743896484375 265.48748779296875 250 238.537506103515625 226.1687469482421875 213.631256103515625 208.40625 204.8249969482421875 202.40625 201.0124969482421875 200.975006103515625 202.03125 202.568756103515625 202.8312530517578125 203.3125 205.725006103515625 207.774993896484375 209.21875 210.837493896484375 209.65625 205.881256103515625 202.9375 199.96875 195.9812469482421875 194.787506103515625
390.20001220703125 387.162506103515625 384.337493896484375 383.20623779296875 383.068756103515625 381.399993896484375 382.86248779296875 381.068756103515625 379.40625 379.493743896484375 384.04376220703125 381.35626220703125 376.84375 365.962493896484375 358.23126220703125 350.537506103515625 342.506256103515625 333.46875 322.39373779296875 308.350006103515625 287.899993896484375 270.96875 256.23126220703125 246.65625 234.0187530517578125 220.6125030517578125 215.662506103515625 211.225006103515625 209.34375 208.3874969482421875 207.649993896484375 208.5625 209.8625030517578125 211.625 213.256256103515625 216.1750030517578125 219.068756103515625 220.65625 222.7312469482421875 223.1374969482421875 221.4187469482421875 219.1750030517578125 215.6687469482421875 210.881256103515625 210.9187469482421875
395.3125 392.21875 389.20623779296875 387.318756103515625 385.63751220703125 383.743743896484375 384.399993896484375 385.35626220703125 386.225006103515625 388.050018310546875 392.493743896484375 390.381256103515625 383.95001220703125 373.48126220703125 367.45623779296875 361.36248779296875 353.1875 339.868743896484375 325.206268310546875 310.693756103515625 289.625 272.756256103515625 260.568756103515625 250.03125 240.8937530517578125 227.100006103515625 221.2375030517578125 217.712493896484375 214.8937530517578125 213.7375030517578125 213.96875 215 216.568756103515625 219.037506103515625 222.53125 226.693756103515625 229.3625030517578125 232.5437469482421875 235.1875 235.899993896484375 235.350006103515625 233.056243896484375 229.8937530517578125 225.4375 225.1062469482421875
399.568756103515625 396.381256103515625 392.350006103515625 390.743743896484375 389.681243896484375 387.8125 388.399993896484375 391.975006103515625 393.350006103515625 395.82501220703125 401.04376220703125 402.25 395.41876220703125 385.037506103515625 378.70623779296875 370.337493896484375 360.86248779296875 344.0625 326.11248779296875 308.82501220703125 286.568756103515625 270.70623779296875 261.76251220703125 255.993743896484375 247.006256103515625 232.21875 225.837493896484375 222.3125 220.0437469482421875 220.068756103515625 220.5812530517578125 221.212493896484375 223.306243896484375 225.9187469482421875 229.618743896484375 234.649993896484375 239.4812469482421875 243.6687469482421875 247.181243896484375 249.0437469482421875 249.743743896484375 246.8312530517578125 241.34375 234.5124969482421875 232.306243896484375
398.693756103515625 396.881256103515625 394.193756103515625 392.368743896484375 393.01251220703125 392.26251220703125 394.08123779296875 396.899993896484375 398.087493896484375 402.29998779296875 407.181243896484375 410.975006103515625 406.48126220703125 395.381256103515625 387.41876220703125 376.89373779296875 365.837493896484375 348.524993896484375 330.412506103515625 310.79998779296875 284.443756103515625 269.131256103515625 261.57501220703125 256.125 245.7937469482421875 232.5187530517578125 228.681243896484375 226.1999969482421875 224.3625030517578125 225 226.068756103515625 227.0437469482421875 228.3687591552734375 231.5812530517578125 235.8937530517578125 241.1999969482421875 246.693756103515625 253.212493896484375 258.337493896484375 261.59375 264.26251220703125 259.88751220703125 250.475006103515625 240.8249969482421875 235.806243896484375
395.95001220703125 394.993743896484375 393.10626220703125 392.337493896484375 394.17498779296875 393.9375 397.243743896484375 400.4375 402.29998779296875 405.056243896484375 408.1875 411.4375 409.568756103515625 403.48748779296875 392.71875 382.42498779296875 369.5625 353 334.78125 317.10626220703125 293.85626220703125 275.95623779296875 263.350006103515625 254.5187530517578125 244.0812530517578125 232.662506103515625 230.5 228.9562530517578125 228.318756103515625 228.431243896484375 229.881256103515625 230.806243896484375 232.1374969482421875 235.681243896484375 240.068756103515625 246.4812469482421875 254.1999969482421875 262.375 269.75 274.08123779296875 275.17498779296875 266.506256103515625 257.162506103515625 248.4250030517578125 243.3625030517578125
395.11248779296875 393.524993896484375 392.443756103515625 393.83123779296875 394.618743896484375 395.9375 400.42498779296875 403.17498779296875 405.73748779296875 408.056243896484375 409.08123779296875 412.806243896484375 411.98126220703125 407.056243896484375 396.67498779296875 384.86248779296875 372.61248779296875 356.1875 339.756256103515625 324.54998779296875 302.462493896484375 281.875 265.90625 256.068756103515625 245.725006103515625 236.7375030517578125 235.1999969482421875 233.6999969482421875 233.056243896484375 233.524993896484375 233.462493896484375 233.1125030517578125 234.3625030517578125 236.693756103515625 240.975006103515625 247.25 257.024993896484375 267.75 275.91876220703125 279.40625 276.58123779296875 270.10626220703125 262.98126220703125 254.443756103515625 248.46875
392.287506103515625 390.399993896484375 390.149993896484375 392.068756103515625 394.399993896484375 396.381256103515625 400.82501220703125 402.912506103515625 406.462493896484375 410.375 411.9375 416.243743896484375 416.59375 411.462493896484375 400.32501220703125 385.33123779296875 374.63751220703125 360.756256103515625 346.41876220703125 332.493743896484375 309.0625 286.59375 268.125 259.087493896484375 248.850006103515625 239.975006103515625 238.1999969482421875 237.912506103515625 238.337493896484375 238.7624969482421875 238.6687469482421875 236.4187469482421875 234.34375 234.649993896484375 236.8312530517578125 244.1750030517578125 255.881256103515625 269.743743896484375 280.89373779296875 284.443756103515625 280.6875 273.51251220703125 266.037506103515625 257.88751220703125 250.631256103515625
385.743743896484375 385.806243896484375 385.95623779296875 388.443756103515625 392.03125 394.693756103515625 399.10626220703125 402.375 406.618743896484375 411.5625 415.493743896484375 421.462493896484375 423.662506103515625 419.681243896484375 407.037506103515625 390.89373779296875 376.6875 362.33123779296875 348.92498779296875 336.42498779296875 313.98748779296875 290.76873779296875 270.375 261.5625 252.975006103515625 243.149993896484375 240.4375 241.4187469482421875 243.381256103515625 245.118743896484375 244.274993896484375 240.4812469482421875 235.2062530517578125 230.1062469482421875 230.65625 237.912506103515625 250.6687469482421875 269.86248779296875 287.743743896484375 287.60626220703125 280.306243896484375 273.225006103515625 265.09375 257.306243896484375 251.149993896484375
376.600006103515625 378.16876220703125 380.899993896484375 385.256256103515625 389.48748779296875 392.96875 398.149993896484375 402.23748779296875 406.756256103515625 411.45623779296875 417.03125 426.26873779296875 432.11248779296875 428.73126220703125 415.75 398.912506103515625 379.21875 359.193756103515625 347.881256103515625 335.587493896484375 317.125 294.88751220703125 273.5625 263.5 255.181243896484375 246.5749969482421875 243.350006103515625 245.6875 249.2312469482421875 251.850006103515625 250.0187530517578125 240.7062530517578125 232.3625030517578125 224.6687469482421875 221.587493896484375 225.6750030517578125 242.256256103515625 261.9375 278.29998779296875 281.037506103515625 274.61248779296875 268.037506103515625 261.287506103515625 255.056243896484375 249.8249969482421875
366.168731689453125 369.61248779296875 373.524993896484375 377.83123779296875 383.493743896484375 389.65625 394.631256103515625 400.556243896484375 406.431243896484375 410.83123779296875 417.73126220703125 428.01251220703125 437.212493896484375 439.6875 423.83123779296875 401.29376220703125 378.59375 355.125 340.756256103515625 330.1875 315.506256103515625 296.48126220703125 273.11248779296875 263.46875 256.162506103515625 250.006256103515625 248.993743896484375 251.431243896484375 256.037506103515625 260.056243896484375 258.64373779296875 246.4187469482421875 232.7687530517578125 218.65625 210.368743896484375 215.318756103515625 231.975006103515625 250.28125 264.54376220703125 268.70623779296875 266.149993896484375 260.42498779296875 255.8125 251.537506103515625 247.375
355.887481689453125 358.993743896484375 363.65625 368.79376220703125 376.375 384.0625 391.256256103515625 396.524993896484375 402.475006103515625 407.306243896484375 413.287506103515625 424.61248779296875 438.33123779296875 448.337493896484375 427.818756103515625 396.17498779296875 368.493743896484375 347.34375 332.712493896484375 322.225006103515625 305.92498779296875 287.306243896484375 271.125 262.681243896484375 256.556243896484375 251.743743896484375 253.024993896484375 257.20001220703125 260.51873779296875 263.506256103515625 260.16876220703125 250.3874969482421875 232.53125 212.875 198.71875 206.006256103515625 225.837493896484375 244.1875 256.10626220703125 260.70001220703125 258.21875 252.9187469482421875 251.4250030517578125 249.3125 246.350006103515625
