data/historical-monthly-weather-data/wc2.1_cruts4.09_10m_prec_2015-02.asc
ncols        51
nrows        45
xllcorner    -63.500000000000
yllcorner    -7.500000000000
cellsize     0.166666666667
NODATA_value -9999
[rows 20 to 39 of 45, columns 0 to 43 of 51]
121.2375030517578125 125.75624847412109375 133.8125 143 154.131256103515625 165.412506103515625 177.65625 190.381256103515625 202.837493896484375 214.8562469482421875 225.899993896484375 236.0500030517578125 246.912506103515625 257.20001220703125 253.3562469482421875 242.350006103515625 233.5187530517578125 228.84375 230.2624969482421875 232.03125 233.462493896484375 233.8000030517578125 232.6062469482421875 229.193756103515625 225.84375 223.568756103515625 224.2375030517578125 225.1999969482421875 227.25 230.5124969482421875 228.96875 221.837493896484375 205.212493896484375 184.96875 166.912506103515625 177.6750030517578125 198.875 215.9375 227.2624969482421875 233.056243896484375 233.975006103515625 232.962493896484375 232.3312530517578125 231.212493896484375
121.97499847412109375 127.84999847412109375 137.2375030517578125 148.7062530517578125 160.712493896484375 172.774993896484375 185.3937530517578125 198.4875030517578125 210.649993896484375 220.5812530517578125 228.6374969482421875 235.131256103515625 241.806243896484375 247.3625030517578125 248.8562469482421875 244.806243896484375 240.0062408447265625 237.1687469482421875 237.0437469482421875 237.993743896484375 236.0812530517578125 234.875 234.881256103515625 230.9812469482421875 227.8874969482421875 226.5500030517578125 228.0124969482421875 229.2624969482421875 231.943756103515625 236.34375 237.350006103515625 230.9875030517578125 216.21875 200.6875 190.1437530517578125 196.6437530517578125 211.556243896484375 223.818756103515625 230.9250030517578125 233.9875030517578125 234.5625 233.875 232.6374969482421875 230.7375030517578125
125.03125 132.5625 142.506256103515625 154.90625 167.693756103515625 180.681243896484375 192.618743896484375 206.037506103515625 218.306243896484375 225.03125 228.975006103515625 231.2375030517578125 233.4375 238.037506103515625 243.5812530517578125 244.9499969482421875 243.53125 242.5625 241.7312469482421875 240.6125030517578125 237.9875030517578125 235.212493896484375 233.475006103515625 229.443756103515625 227.59375 227.65625 229.3937530517578125 231.399993896484375 235.2624969482421875 241.3562469482421875 245.287506103515625 244.100006103515625 231.100006103515625 219.818756103515625 216.2062530517578125 222.7062530517578125 231.068756103515625 236.6437530517578125 238.4562530517578125 236.850006103515625 235.3874969482421875 234.1437530517578125 232.399993896484375 230.3312530517578125
134.118743896484375 143.25 153.056243896484375 163.8249969482421875 175.9250030517578125 188.25 200.274993896484375 211.875 222.712493896484375 227.1125030517578125 229.225006103515625 229.506256103515625 227.068756103515625 233.193756103515625 240.7312469482421875 244.087493896484375 244.6999969482421875 245.225006103515625 244.225006103515625 242.0625 237.8874969482421875 233.7687530517578125 230.6374969482421875 227.149993896484375 226.381256103515625 226.1687469482421875 229.6999969482421875 233.381256103515625 237.443756103515625 244.662506103515625 250.225006103515625 250.975006103515625 242.193756103515625 235.212493896484375 235.100006103515625 242.662506103515625 247.243743896484375 245.649993896484375 242.818756103515625 238.875 236.149993896484375 233.7937469482421875 232.0500030517578125 230.662506103515625
146.587493896484375 156.5625 165.25 175.131256103515625 186.618743896484375 196.6687469482421875 207.100006103515625 216.7624969482421875 224.4250030517578125 228.993743896484375 231.1687469482421875 232.0124969482421875 232.9499969482421875 237.15625 241.9875030517578125 245.9562530517578125 248.2312469482421875 248.59375 247.212493896484375 244.1687469482421875 239.03125 232.6999969482421875 227.2937469482421875 223.243743896484375 222.5749969482421875 226.350006103515625 229.9250030517578125 234.9250030517578125 239.193756103515625 245.818756103515625 250.556243896484375 251.649993896484375 247.4812469482421875 243.962493896484375 244.1687469482421875 247.3000030517578125 249.037506103515625 246.1875 242.375 238.25 235.15625 232.6437530517578125 231.4250030517578125 231.6125030517578125
162.662506103515625 173.462493896484375 179.9875030517578125 188.087493896484375 197.6062469482421875 206.1750030517578125 213.8625030517578125 221.412506103515625 227.618743896484375 231.9187469482421875 234.4812469482421875 237.0437469482421875 240.28125 243.368743896484375 247.5500030517578125 250.556243896484375 252.8000030517578125 252.8312530517578125 251.806243896484375 248.125 241.2375030517578125 232.28125 223.8937530517578125 217.818756103515625 220.3249969482421875 226.256256103515625 232.5812530517578125 236.743743896484375 241.1999969482421875 246.1437530517578125 249.818756103515625 251.40625 249.1750030517578125 247.193756103515625 246.787506103515625 247.2624969482421875 246.837493896484375 244.118743896484375 239.337493896484375 235.587493896484375 232.75 230.71875 229.337493896484375 230.03125
176.649993896484375 185.912506103515625 191.149993896484375 198.4499969482421875 205.806243896484375 212.131256103515625 218.8000030517578125 224.056243896484375 229.618743896484375 234.556243896484375 238.375 241.84375 246.0500030517578125 250.087493896484375 253.6687469482421875 257.32501220703125 259.28125 259.443756103515625 257.743743896484375 253.412506103515625 245.3312530517578125 235.6374969482421875 224.6687469482421875 217.09375 222.725006103515625 229.75 235.8562469482421875 240.1999969482421875 243.5812530517578125 247.756256103515625 251.287506103515625 251.7062530517578125 249.71875 249.350006103515625 247 246.4250030517578125 245.0500030517578125 241.3000030517578125 237.34375 233.4375 230.2687530517578125 228.0437469482421875 226.587493896484375 227.1437530517578125
191.0812530517578125 197.818756103515625 202.493743896484375 207.9875030517578125 213.399993896484375 217.618743896484375 223.28125 228.712493896484375 233.59375 238.75 242.462493896484375 246.5812530517578125 251.0437469482421875 255.4375 259.70001220703125 263.943756103515625 266.100006103515625 267.524993896484375 265.524993896484375 261.73748779296875 254.1937408447265625 244.625 236.71875 230.631256103515625 232.0437469482421875 237.3249969482421875 242.0124969482421875 245.625 248.03125 251.4250030517578125 254.03125 254.774993896484375 253.5625 250.475006103515625 246.975006103515625 245.5812530517578125 242.3625030517578125 239.1687469482421875 234.881256103515625 230.5 227.2312469482421875 225.6999969482421875 224.4875030517578125 226.118743896484375
204.6374969482421875 209.7937469482421875 212.818756103515625 216.868743896484375 221.149993896484375 224.1062469482421875 228.46875 232.78125 237.8249969482421875 243.006256103515625 246.943756103515625 251.3249969482421875 255.7687530517578125 261.58123779296875 266.79376220703125 272.412506103515625 276.25 276.96875 276.625 272.774993896484375 266.068756103515625 257.100006103515625 251.462493896484375 246.431243896484375 244.8000030517578125 246.975006103515625 250.3937530517578125 252.662506103515625 255.2062530517578125 257.506256103515625 258.20001220703125 258.868743896484375 255.875 251.8562469482421875 248.0500030517578125 244.806243896484375 241.774993896484375 238.225006103515625 234.9187469482421875 229.625 224.287506103515625 222.368743896484375 223.5187530517578125 227.993743896484375
215.587493896484375 218.587493896484375 220.524993896484375 222.9499969482421875 226.71875 229.225006103515625 232.28125 235.84375 240.1374969482421875 245.6062469482421875 250.3937530517578125 256.350006103515625 262.212493896484375 269.26251220703125 275.756256103515625 280.89373779296875 286.193756103515625 289.64373779296875 290.13751220703125 286.056243896484375 278.79376220703125 271.48126220703125 266.487518310546875 260.84375 257.65625 257.98748779296875 259.58123779296875 260.3125 261.5625 262.475006103515625 263.600006103515625 263.86248779296875 259.6875 255.4875030517578125 250.6750030517578125 247.2687530517578125 242.899993896484375 239.462493896484375 235 229.818756103515625 227.34375 227.318756103515625 228.431243896484375 233.8375091552734375
224.4375 226.09375 226.1437530517578125 227.8874969482421875 230.149993896484375 232.6687469482421875 235.3000030517578125 238.681243896484375 242.975006103515625 248.037506103515625 254.7312469482421875 262.41876220703125 270.350006103515625 277.256256103515625 283.73126220703125 290.53125 297.01251220703125 301.850006103515625 304.36248779296875 300.368743896484375 292.78125 285.118743896484375 279.63751220703125 273.53125 269.5 268.787506103515625 268.71875 268.64373779296875 268.73126220703125 268.73748779296875 269.09375 269.03125 265.5625 261.21875 256.287506103515625 250.7624969482421875 246.0124969482421875 242.5500030517578125 237.75 232.1125030517578125 230.6062469482421875 233.0500030517578125 235.3562469482421875 238.256256103515625
230.131256103515625 230.9250030517578125 230.681243896484375 231.9812469482421875 233.1687469482421875 234.9375 237.649993896484375 239.9562530517578125 244.2062530517578125 250.475006103515625 257.537506103515625 266.943756103515625 276.73748779296875 285.83123779296875 292.96875 301.01251220703125 305.71875 310.01873779296875 312.537506103515625 310.89373779296875 304.4375 298.01873779296875 291.75 285.681243896484375 281.681243896484375 279.53125 277.931243896484375 276.82501220703125 276.11248779296875 276.337493896484375 276.23748779296875 275.256256103515625 271.625 266.818756103515625 261.881256103515625 255.8625030517578125 250.600006103515625 245.7937469482421875 240.618743896484375 237.75 238.524993896484375 241.4187469482421875 243.8874969482421875 247.5625
233.618743896484375 234.5687408447265625 234.7312469482421875 235.368743896484375 235.6125030517578125 237.0437469482421875 238.587493896484375 240.9875030517578125 245.8937530517578125 252.7937469482421875 261.993743896484375 272.96875 285.89373779296875 297.631256103515625 305.256256103515625 311.26251220703125 315.26251220703125 320.037506103515625 321.243743896484375 320.53125 315.98748779296875 309.85626220703125 304.100006103515625 297.48126220703125 293.25 290.45623779296875 287.45623779296875 285.962493896484375 284.36248779296875 283.537506103515625 283.61248779296875 282.037506103515625 277.818756103515625 273.837493896484375 269.58123779296875 264.01251220703125 257.95623779296875 251.462493896484375 246.84375 247.225006103515625 248.4562530517578125 251.5625 255.4812469482421875 260.806243896484375
237.28125 237.587493896484375 237.5 238.287506103515625 238.0812530517578125 238.412506103515625 239.5749969482421875 241.8874969482421875 245.5749969482421875 252.8125 263.287506103515625 278.20623779296875 295.212493896484375 309.08123779296875 316.850006103515625 322.181243896484375 325.5 329.306243896484375 330.537506103515625 330.256256103515625 325.60626220703125 319.65625 314.86248779296875 308.037506103515625 303.649993896484375 300.34375 296.67498779296875 293.70001220703125 291.83123779296875 291.399993896484375 291.337493896484375 289.756256103515625 286.5625 282.40625 277.243743896484375 271.743743896484375 264.95001220703125 258.23126220703125 255.181243896484375 255.7937469482421875 256.67498779296875 260.606231689453125 267.08123779296875 273.975006103515625
240.649993896484375 241.368743896484375 241.1937408447265625 240.59375 240.59375 240.6062469482421875 240.3249969482421875 241.399993896484375 244.087493896484375 250.8249969482421875 263.6875 283.76873779296875 305.443756103515625 322.23126220703125 329.20623779296875 333.51251220703125 335.21875 337.89373779296875 340.08123779296875 339.181243896484375 335.73748779296875 329.29376220703125 324.08123779296875 316.5 312.462493896484375 308.20623779296875 304.63751220703125 301.64373779296875 299.23748779296875 299.024993896484375 298.100006103515625 297.850006103515625 294.662506103515625 291.087493896484375 285.92498779296875 278.975006103515625 271.11248779296875 266.287506103515625 264.375 263.350006103515625 264.25 267.524993896484375 273.79376220703125 281.04998779296875
244.7062530517578125 245.850006103515625 245.5437469482421875 244.40625 243.756256103515625 244.1437530517578125 243.4187469482421875 243.212493896484375 244.443756103515625 250.5437469482421875 265.462493896484375 288.54376220703125 313.399993896484375 332.212493896484375 339.98126220703125 344.70001220703125 347.73126220703125 349.881256103515625 349.818756103515625 349.662506103515625 345.149993896484375 339.42498779296875 332.850006103515625 325.943756103515625 320.412506103515625 315.98126220703125 312.17498779296875 310.23748779296875 307.493743896484375 306.162506103515625 305.39373779296875 304.662506103515625 302.375 299.32501220703125 293.431243896484375 285.556243896484375 279.912506103515625 273.45623779296875 270.82501220703125 270.76251220703125 272.36248779296875 274.39373779296875 278.493743896484375 285.35626220703125
249.9875030517578125 251.1437530517578125 250.1750030517578125 250.537506103515625 249.6125030517578125 249.631256103515625 248.649993896484375 247.462493896484375 246.5124969482421875 246.8000030517578125 266.86248779296875 297.806243896484375 322.01251220703125 338.899993896484375 348.943756103515625 354.743743896484375 358.774993896484375 360.506256103515625 361.3125 359.600006103515625 353.64373779296875 346.568756103515625 339.76251220703125 332.649993896484375 326.64373779296875 322.649993896484375 318.96875 316.587493896484375 314.67498779296875 312.79998779296875 311.48126220703125 310.125 309.01251220703125 306.48748779296875 301.693756103515625 295.318756103515625 287.743743896484375 280.8125 278.125 277.037506103515625 276.96875 278.83123779296875 282.20001220703125 287.46875
255.5 256.875 256.45001220703125 256.61248779296875 256.66876220703125 256.73126220703125 256.556243896484375 256.162506103515625 257.20623779296875 256.01873779296875 287.181243896484375 319.9375 337.23748779296875 349.14373779296875 359.050018310546875 365.5 368.36248779296875 370.09375 369.11248779296875 365.850006103515625 359.29376220703125 350.90625 344.3125 337.100006103515625 331.756256103515625 327.993743896484375 324.26873779296875 322.48126220703125 320.837493896484375 319.606231689453125 316.51251220703125 314.943756103515625 314.149993896484375 312.79376220703125 308.26873779296875 302.375 294.774993896484375 287.943756103515625 284.868743896484375 282.625 280.912506103515625 282.162506103515625 283.625 286.787506103515625
262.993743896484375 263.631256103515625 263.287506103515625 264.943756103515625 265.306243896484375 266.912506103515625 269.681243896484375 273.431243896484375 281.60626220703125 301.225006103515625 337.92498779296875 351.34375 359.17498779296875 367.6875 375.868743896484375 379.70001220703125 381.89373779296875 380.649993896484375 376.40625 371.149993896484375 361.51251220703125 351.78125 345.556243896484375 338.08123779296875 333.13751220703125 331.056243896484375 327.975006103515625 326.5625 325.65625 323.63751220703125 321.375 318.431243896484375 316.90625 315.431243896484375 313.587493896484375 307.8125 299.98126220703125 294.15625 290.118743896484375 285.587493896484375 283.53125 283.40625 284.45001220703125 286.600006103515625
271.037506103515625 271.443756103515625 271.881256103515625 273.149993896484375 274.57501220703125 278.29376220703125 282.787506103515625 291.34375 304.756256103515625 326.79376220703125 351.95001220703125 367.881256103515625 378.86248779296875 387.0625 393.131256103515625 396.48748779296875 397.01251220703125 392.64373779296875 384.79376220703125 377.21875 362.8125 351.07501220703125 342.95001220703125 336.131256103515625 333.85626220703125 332.475006103515625 330.70623779296875 330.09375 329.96875 327.40625 323.63751220703125 322.04998779296875 322.61248779296875 320.61248779296875 317.0625 311.91876220703125 304.337493896484375 297.60626220703125 293.63751220703125 287.912506103515625 284.631256103515625 284.23126220703125 284.33123779296875 284.649993896484375
