data/historical-monthly-weather-data/wc2.1_cruts4.09_10m_prec_2008-12.asc
ncols        45
nrows        45
xllcorner    -63.500000000000
yllcorner    -7.500000000000
cellsize     0.166666666667
NODATA_value -9999
[rows 20 to 39 of 45, columns 0 to 44 of 45]
381.76251220703125 392.100006103515625 400.57501220703125 410.868743896484375 422.693756103515625 433.54376220703125 442.9375 450.85626220703125 454.76251220703125 454.46875 451.51873779296875 454.8125 457.96875 457.181243896484375 451.037506103515625 441.493743896484375 431.57501220703125 421.63751220703125 416.41876220703125 410.875 404.63751220703125 397.743743896484375 391.006256103515625 384.068756103515625 379.20001220703125 371.899993896484375 356.100006103515625 331.82501220703125 303.82501220703125 278.34375 258.21875 247.537506103515625 243.8625030517578125 243.2624969482421875 242.993743896484375 240.7624969482421875 240.75 240.6062469482421875 235.368743896484375 224.3312530517578125 209.524993896484375 197.056243896484375 187.868743896484375 180.3249969482421875 177.774993896484375
371.600006103515625 380.82501220703125 391.88751220703125 406.42498779296875 420.806243896484375 432.83123779296875 444.78125 455.20623779296875 459.475006103515625 459.431243896484375 455.225006103515625 455.1875 454.83123779296875 451.04376220703125 446.1875 438.868743896484375 431.162506103515625 423.068756103515625 416.91876220703125 410.975006103515625 401.875 396.0625 392.649993896484375 385.67498779296875 381.20623779296875 378.5 369.381256103515625 346.9375 320.20001220703125 297.006256103515625 277.39373779296875 263.89373779296875 257.10626220703125 254.7312469482421875 252.0124969482421875 248.431243896484375 247.931243896484375 248.0124969482421875 241.256256103515625 228.068756103515625 213.5437469482421875 201.59375 191.8000030517578125 183.8874969482421875 181.46875
362.60626220703125 374.399993896484375 385.274993896484375 400.368743896484375 417.26251220703125 432.65625 445.60626220703125 458.631256103515625 466 464.524993896484375 458.899993896484375 454.09375 451.625 446.46875 441.84375 435.79998779296875 428.84375 421.01873779296875 415.20623779296875 407.931243896484375 398.962493896484375 392.57501220703125 387.931243896484375 381.46875 378.787506103515625 380.274993896484375 377.04376220703125 357.443756103515625 332.237518310546875 311.54376220703125 293.568756103515625 279.20001220703125 271.36248779296875 265.493743896484375 260.25 253.131256103515625 252.8937530517578125 257.04376220703125 249.5749969482421875 234.25 218.59375 206.1437530517578125 195.993743896484375 187.6875 184.693756103515625
354.48126220703125 364.79376220703125 375.631256103515625 392.0625 411.5 428.51251220703125 444.506256103515625 457.98748779296875 464.756256103515625 462.29998779296875 456.54998779296875 451.662506103515625 447.493743896484375 442.21875 437.931243896484375 432.76251220703125 427.35626220703125 420.88751220703125 414.8125 407.33123779296875 395.837493896484375 387.618743896484375 380.256256103515625 374.01251220703125 370.681243896484375 371.04376220703125 367.79376220703125 355.28125 338.256256103515625 321.337493896484375 306.4375 291.89373779296875 284.5625 277.5 270.962493896484375 260.831268310546875 259.181243896484375 262.8125 255.125 239.537506103515625 223.0812530517578125 210.4812469482421875 199.368743896484375 190.3000030517578125 188.681243896484375
350.86248779296875 358.631256103515625 368.412506103515625 389.14373779296875 412.4375 428.793731689453125 443.875 455.29998779296875 459.66876220703125 459.09375 454.662506103515625 448.23748779296875 442.34375 436.068756103515625 433.45623779296875 430.11248779296875 425.837493896484375 420.649993896484375 414.649993896484375 407.006256103515625 393.524993896484375 381.475006103515625 371.993743896484375 363.58123779296875 360.51251220703125 361.818756103515625 359.443756103515625 351.618743896484375 340.037506103515625 328.243743896484375 316.568756103515625 303.649993896484375 297.131256103515625 290.056243896484375 281.88751220703125 273.13751220703125 270.068756103515625 267.29998779296875 258.337493896484375 244.4187469482421875 228.1187591552734375 215.1125030517578125 202.850006103515625 194.3562469482421875 191.25
354.89373779296875 365.875 376.375 396.118743896484375 415.51873779296875 430.17498779296875 442.368743896484375 451.887481689453125 455.162506103515625 453.86248779296875 449.475006103515625 443.41876220703125 436.056243896484375 429.09375 428.59375 427.149993896484375 423.681243896484375 419.54998779296875 414.287506103515625 406.54998779296875 393.63751220703125 377.581268310546875 363.04376220703125 350.57501220703125 350.600006103515625 354.287506103515625 354.66876220703125 349.73748779296875 341.63751220703125 333.162506103515625 323.84375 315.006256103515625 310.10626220703125 302.181243896484375 294.20623779296875 285.11248779296875 279.875 274.61248779296875 264.524993896484375 251.1687469482421875 235.1374969482421875 219.875 205.693756103515625 195.5437469482421875 193.787506103515625
360.92498779296875 372.57501220703125 386.818756103515625 405.17498779296875 421.98748779296875 433.58123779296875 441.48748779296875 447.73126220703125 448.01251220703125 447.412506103515625 445.40625 438.58123779296875 429.67498779296875 422.70001220703125 423.350006103515625 424.149993896484375 422.61248779296875 419.61248779296875 415.20623779296875 406.90625 393.3125 376.587493896484375 359.51251220703125 343.337493896484375 345.76251220703125 349.806243896484375 350.57501220703125 346.725006103515625 341.206268310546875 334.631256103515625 328.324981689453125 322.13751220703125 320.1875 312.868743896484375 305.162506103515625 296.34375 288.65625 281.54998779296875 270.962493896484375 258.443756103515625 243.0437469482421875 225.7312469482421875 208.3937530517578125 197.024993896484375 199.8249969482421875
368.51873779296875 381.006256103515625 397.42498779296875 415.03125 429.38751220703125 437.92498779296875 442.8125 444.64373779296875 442.756256103515625 440.67498779296875 437.59375 430.32501220703125 422.8125 416.212493896484375 418.225006103515625 419.868743896484375 420.90625 418.6875 415.875 409 396.89373779296875 382.537506103515625 370.243743896484375 356.3125 352.4375 352.60626220703125 350.26873779296875 344.962493896484375 338.92498779296875 333.587493896484375 327.949981689453125 322.09375 321.13751220703125 317.712493896484375 312.45623779296875 303.96875 296.15625 288.743743896484375 279.04998779296875 268.118743896484375 254.2375030517578125 235.8937530517578125 212.6374969482421875 200.056243896484375 209.90625
373.993743896484375 387.850006103515625 406.399993896484375 425.662506103515625 437.8125 441.09375 441.57501220703125 440.649993896484375 436.912506103515625 432.774993896484375 430.07501220703125 423.431243896484375 415.60626220703125 409.76873779296875 412.3125 416.95001220703125 419.67498779296875 419.375 417.79376220703125 412.818756103515625 402.79376220703125 391.73126220703125 383.306243896484375 369.118743896484375 361.787506103515625 357.931243896484375 352.375 345.20623779296875 338.03125 331.98748779296875 325.98748779296875 319.79376220703125 319.89373779296875 318.60626220703125 316.26873779296875 309.212493896484375 302.42498779296875 295 285.40625 276.212493896484375 265.725006103515625 245.9375 222.8312530517578125 213.774993896484375 223.6750030517578125
380.46875 394.20623779296875 414.524993896484375 435.806243896484375 448.9375 444.443756103515625 438.96875 435.168731689453125 428.975006103515625 423.08123779296875 419.850006103515625 412.975006103515625 407.70001220703125 403.875 406.850006103515625 410.3125 413.79998779296875 417.556243896484375 417.875 413.92498779296875 405.131256103515625 396.79998779296875 388.943756103515625 375.725006103515625 366.83123779296875 360.806243896484375 351.09375 342.78125 333.875 328.274993896484375 322.79998779296875 317.131256103515625 318.36248779296875 318.11248779296875 317.01251220703125 310.35626220703125 304.087493896484375 296.931243896484375 288.162506103515625 278.92498779296875 267.712493896484375 254.568756103515625 238.462493896484375 231.431243896484375 234.024993896484375
383.712493896484375 396.66876220703125 414.95001220703125 435.399993896484375 446.15625 437.98126220703125 430.4625244140625 424.01873779296875 416.149993896484375 411.506256103515625 408.26873779296875 402.868743896484375 399.306243896484375 396.3125 398.70001220703125 402.600006103515625 407.70001220703125 411.837493896484375 415.73748779296875 413.587493896484375 405.95623779296875 399.07501220703125 393.149993896484375 379.88751220703125 369.21875 361.006256103515625 349.76251220703125 339.443756103515625 329.243743896484375 324.67498779296875 319.83123779296875 314.92498779296875 315.84375 316.743743896484375 316.056243896484375 310.39373779296875 304.98126220703125 298.45001220703125 289.65625 279.41876220703125 270.08123779296875 262.33123779296875 253.1374969482421875 245.337493896484375 244.9499969482421875
384.375 393.91876220703125 407.73748779296875 419.51873779296875 424.28125 420.26873779296875 414.35626220703125 407.20623779296875 400.53125 395.662506103515625 393.568756103515625 390.712493896484375 389.20623779296875 387.51251220703125 391.01873779296875 394.79998779296875 397.193756103515625 401.774993896484375 406.375 406.67498779296875 402.29376220703125 397.58123779296875 392.29998779296875 379.34375 369.912506103515625 360.193756103515625 346.899993896484375 335.23748779296875 324.39373779296875 320.662506103515625 316.6875 312.8125 312.443756103515625 313.506256103515625 313.806243896484375 309.89373779296875 304.14373779296875 297.70623779296875 289.818756103515625 281.125 275.57501220703125 273.26873779296875 270.5 267.89373779296875 270.66876220703125
383.70623779296875 388.537506103515625 395.287506103515625 402.15625 403.98748779296875 399.743743896484375 392.66876220703125 384.95001220703125 378.368743896484375 374.96875 377.243743896484375 376.26873779296875 377.41876220703125 379.36248779296875 381.693756103515625 383.10626220703125 383.287506103515625 389.03125 391.681243896484375 393.20001220703125 390.66876220703125 388.17498779296875 384.212493896484375 372.118743896484375 363.04376220703125 354.60626220703125 341.14373779296875 327.48126220703125 317 313.662506103515625 311.399993896484375 308.75 308.53125 309.17498779296875 309.5 305.91876220703125 301.100006103515625 295.90625 290.068756103515625 287.006256103515625 284.14373779296875 285.76251220703125 289.574981689453125 296.58123779296875 312.125
381.243743896484375 382.181243896484375 384.850006103515625 385.98748779296875 383.11248779296875 377.556243896484375 370.53125 362.381256103515625 355.54998779296875 352.6875 355.4375 360.493743896484375 365.60626220703125 368.21875 370.33123779296875 369.86248779296875 369.41876220703125 374.73748779296875 376.787506103515625 378.681243896484375 377.26251220703125 375.26251220703125 371.73748779296875 361.51873779296875 352.837493896484375 344.95001220703125 332.568756103515625 319.51251220703125 309.462493896484375 306.36248779296875 305.131256103515625 304.23126220703125 303.96875 304.32501220703125 303.899993896484375 300.493743896484375 297.08123779296875 291.943756103515625 290.51873779296875 291.087493896484375 291.975006103515625 296.96875 305.256256103515625 318.506256103515625 338.84375
376.88751220703125 375.76251220703125 374.524993896484375 370.82501220703125 365.38751220703125 357.73748779296875 348.86248779296875 339.70001220703125 331.14373779296875 328.850006103515625 334.5 343.587493896484375 354.0687255859375 360.61248779296875 361.46875 359.17498779296875 356.28125 360.11248779296875 362.96875 363.15625 363.193756103515625 360.67498779296875 358.88751220703125 349.475006103515625 341.0625 334.181243896484375 322.287506103515625 310.40625 300.631256103515625 298.67498779296875 298.73748779296875 298.868743896484375 298.79376220703125 299.15625 298.306243896484375 294.649993896484375 291.081268310546875 288.90625 290.70623779296875 292.993743896484375 297.068756103515625 303.76251220703125 313.743743896484375 327.79998779296875 344.89373779296875
370.4375 367.806243896484375 363.73748779296875 358.03125 350.28125 341.162506103515625 329.79998779296875 317.91876220703125 307.162506103515625 302.149993896484375 310.1875 325.350006103515625 341.51251220703125 350.493743896484375 351.368743896484375 348.068756103515625 343.60626220703125 346.243743896484375 347.15625 346.274993896484375 345.618743896484375 344.681243896484375 341.86248779296875 333.693756103515625 326.975006103515625 320.493743896484375 310.35626220703125 299.725006103515625 290.96875 290.368743896484375 291.681243896484375 292.09375 292.475006103515625 292.16876220703125 291.20001220703125 288.212493896484375 287.79998779296875 287.225006103515625 289.756256103515625 293.493743896484375 298.618743896484375 306.493743896484375 315.350006103515625 327.53125 339.443756103515625
363.087493896484375 359.63751220703125 354.21875 347.64373779296875 339.35626220703125 329.17498779296875 317.39373779296875 302.95623779296875 287.76873779296875 275.63751220703125 289.10626220703125 316.006256103515625 333.11248779296875 340.89373779296875 341.03125 336.475006103515625 331.131256103515625 331.88751220703125 332.26873779296875 330.45623779296875 328.631256103515625 326.556243896484375 323.600006103515625 316.556243896484375 310.368743896484375 305.28125 296.26251220703125 288.375 281.82501220703125 282.23126220703125 283.993743896484375 285.006256103515625 285.29998779296875 285.38751220703125 284.193756103515625 284.13751220703125 284.912506103515625 285.59375 287.79998779296875 291.875 297.11248779296875 304.337493896484375 312.524993896484375 322.899993896484375 330.568756103515625
354.83123779296875 351.53125 346.162506103515625 339.16876220703125 331.625 320.774993896484375 309.88751220703125 296.431243896484375 282.193756103515625 266.70623779296875 294.5625 322.95623779296875 332.506256103515625 335.850006103515625 333.13751220703125 326.98126220703125 319.625 319.46875 317.806243896484375 315.399993896484375 311.306243896484375 307.943756103515625 305.068756103515625 298.912506103515625 293.45623779296875 289.35626220703125 283.4375 277.368743896484375 272.48748779296875 274.29998779296875 276.181243896484375 278.118743896484375 278.66876220703125 278.90625 278.125 279.399993896484375 281.243743896484375 282.60626220703125 285.693756103515625 289.443756103515625 293.9375 300.13751220703125 306.625 315.01873779296875 321.837493896484375
344.681243896484375 341.568756103515625 337.25 331.787506103515625 324.92498779296875 315.931243896484375 307.38751220703125 299.806243896484375 295.587493896484375 304.056243896484375 335.57501220703125 338.306243896484375 335.64373779296875 334.29998779296875 329.818756103515625 323.318756103515625 315.79998779296875 312.58123779296875 308.79376220703125 304.125 298.03125 292.54998779296875 288.712493896484375 283.725006103515625 279.837493896484375 277.03125 272.85626220703125 269.51251220703125 266.975006103515625 269.568756103515625 272.693756103515625 273.89373779296875 275.131256103515625 276 277.306243896484375 278.912506103515625 280.600006103515625 282.10626220703125 284.32501220703125 286.975006103515625 291.11248779296875 295.58123779296875 300.418731689453125 306.618743896484375 311.84375
335.868743896484375 333 329.381256103515625 324.993743896484375 319.899993896484375 314.15625 309.07501220703125 307.1875 308.35626220703125 317.743743896484375 333.57501220703125 337.96875 334.837493896484375 332.11248779296875 327.743743896484375 320.912506103515625 313.068756103515625 308.29998779296875 301.28125 293.912506103515625 284.306243896484375 276.306243896484375 270.899993896484375 266.368743896484375 264.79998779296875 264.23126220703125 263.29376220703125 262.8125 262.42498779296875 265.90625 268.631256103515625 271.375 273.931243896484375 275.54998779296875 277.068756103515625 277.86248779296875 279.931243896484375 281.068756103515625 282.41876220703125 283.668731689453125 285.931243896484375 289.54376220703125 293.71875 298.418731689453125 303.20623779296875
