data/historical-monthly-weather-data/wc2.1_cruts4.09_10m_prec_2020-10.asc
ncols        45
nrows        45
xllcorner    -63.500000000000
yllcorner    -7.500000000000
cellsize     0.166666666667
NODATA_value -9999
[rows 0 to 19 of 45, columns 0 to 43 of 45]
133.037506103515625 133.0124969482421875 131.9562530517578125 132.993743896484375 133.0500030517578125 132.3937530517578125 129.8937530517578125 127.52500152587890625 125.3249969482421875 124.40000152587890625 125.08750152587890625 125.0437469482421875 124.31874847412109375 122.0187530517578125 120.1999969482421875 118.3249969482421875 116.375 113.34375 111.1062469482421875 108.7937469482421875 106.80625152587890625 104.40000152587890625 102.41875457763671875 100.78125 99.5812530517578125 98.76874542236328125 98.212493896484375 98.0124969482421875 98.15000152587890625 97.71250152587890625 97.5 97.43125152587890625 97.8562469482421875 98.6437530517578125 99.53125 98.65000152587890625 97.33750152587890625 95.5625 92.24375152587890625 88.4499969482421875 84.4562530517578125 79.80625152587890625 74.34999847412109375 68.5749969482421875
129.618743896484375 129.6875 130.875 134.2062530517578125 137.631256103515625 136.5124969482421875 134.556243896484375 133.6875 133.318756103515625 132.7312469482421875 132.318756103515625 130.850006103515625 128.868743896484375 126.28749847412109375 123.6999969482421875 121.4875030517578125 118.36875152587890625 115.5625 113.25 111.28749847412109375 108.90000152587890625 106.81874847412109375 104.96875 103.5 102.1999969482421875 100.7624969482421875 100.47499847412109375 100.28749847412109375 100.0500030517578125 99.02500152587890625 99.4250030517578125 100.3000030517578125 101.3562469482421875 103.06874847412109375 103.90000152587890625 102.1687469482421875 100.50624847412109375 97.9499969482421875 93.8562469482421875 89.0124969482421875 84.1437530517578125 78.78125 72.625 66.0812530517578125
124.27500152587890625 125.0625 126.69374847412109375 130.90625 135.1437530517578125 136.225006103515625 137.350006103515625 139.506256103515625 141.181243896484375 141.28125 139.9875030517578125 137.056243896484375 133.8000030517578125 130.0124969482421875 126.68125152587890625 123.69374847412109375 120.7312469482421875 117.94374847412109375 115.49375152587890625 113.4812469482421875 111.13124847412109375 109.66249847412109375 107.9187469482421875 106.15625 104.56874847412109375 103.33124542236328125 102.73749542236328125 102.41249847412109375 101.28125 100.81874847412109375 101.6437530517578125 102.2312469482421875 103.21875 105.03749847412109375 106.0812530517578125 104.2312469482421875 102.0187530517578125 99.5187530517578125 95.0124969482421875 89.4562530517578125 83.8937530517578125 78 71.5500030517578125 65.03125
117.9187469482421875 118.61875152587890625 121.7062530517578125 124.9375 129.625 133.037506103515625 137.6875 143.2687530517578125 148.368743896484375 149.9812469482421875 147.2687530517578125 142.3312530517578125 137.3937530517578125 132.8249969482421875 129.618743896484375 125.99375152587890625 122.6374969482421875 120.25 118.08750152587890625 116.30625152587890625 114.3000030517578125 112.25624847412109375 110.00624847412109375 108.33750152587890625 106.52500152587890625 104.84999847412109375 104.03749847412109375 103.22499847412109375 102.16249847412109375 101.75624847412109375 102.625 103.7687530517578125 104.02500152587890625 105.0124969482421875 105.46250152587890625 104.6374969482421875 102.88124847412109375 100.28749847412109375 95.46250152587890625 89.41249847412109375 82.59999847412109375 76.5437469482421875 69.9812469482421875 63.518749237060546875
116.96250152587890625 114.96875 115.0500030517578125 117.90625 123.46875 129.243743896484375 136.0625 144.100006103515625 153.375 158.65625 153.4375 145.2937469482421875 139.5625 135.2624969482421875 131.5437469482421875 127.6062469482421875 124.43125152587890625 121.46250152587890625 119.16249847412109375 117.40625 116.1437530517578125 113.94374847412109375 111.65625 110.09375 108.125 106.2624969482421875 104.6687469482421875 104.0625 103.4375 102.34999847412109375 103.00624847412109375 103.8625030517578125 104.41249847412109375 105.1374969482421875 105.86249542236328125 104.70624542236328125 103.1062469482421875 100.94374847412109375 95.4562530517578125 88.74375152587890625 81.27500152587890625 74.56874847412109375 68.1437530517578125 61.612499237060546875
116.05625152587890625 114.05625152587890625 111.8937530517578125 111.40000152587890625 117.93125152587890625 125.78125 133.0437469482421875 141.162506103515625 150.71875 158.5124969482421875 151.8312530517578125 143.787506103515625 139.337493896484375 135.4812469482421875 132.024993896484375 129.25 126 123.1125030517578125 121.13124847412109375 119.3000030517578125 118.0437469482421875 116.2687530517578125 114.3125 111.8249969482421875 109.6875 107.56874847412109375 105.5749969482421875 104.08124542236328125 103.5625 102.0749969482421875 102.28125 103.4812469482421875 103.59999847412109375 104.3562469482421875 105.1062469482421875 104.6437530517578125 103.6875 102.56874847412109375 97.9499969482421875 90.40625 81.46250152587890625 74.8874969482421875 68.34999847412109375 62.25624847412109375
117.71250152587890625 115.375 113.21250152587890625 112.0749969482421875 116.53125 122.16249847412109375 127.8312530517578125 132.993743896484375 137.600006103515625 140.037506103515625 140.1125030517578125 138.100006103515625 136.5 134.681243896484375 132.1875 130.1937408447265625 127.75 124.65000152587890625 122.27500152587890625 120.9187469482421875 120.1062469482421875 118.6999969482421875 116.68125152587890625 114.11875152587890625 111.75 109.212493896484375 107.09375 104.91875457763671875 103.11875152587890625 101.8312530517578125 101.625 101.9812469482421875 101.875 102.72499847412109375 103.75624847412109375 103.25 102.90625 102.40000152587890625 99.0625 90.3625030517578125 80.96875 73.78749847412109375 67.6374969482421875 62.19374847412109375
120.40625 117.47499847412109375 116.66249847412109375 117.4875030517578125 119.88124847412109375 123.16249847412109375 124.40625 123.3562469482421875 120.53125 121.5437469482421875 127.11875152587890625 130.431243896484375 132.625 133 132.53125 131.1999969482421875 129.375 126.43125152587890625 124.18125152587890625 123.22499847412109375 122.8000030517578125 121.4187469482421875 119.4562530517578125 116.875 114.08750152587890625 110.75 107.8000030517578125 104.625 102.125 99.7687530517578125 99.375 99.71250152587890625 99.71250152587890625 100.5437469482421875 101.09375 100.65000152587890625 99.71875 98.9499969482421875 94.0187530517578125 86.0437469482421875 77.09999847412109375 70.03125 63.793750762939453125 58.424999237060546875
123.91249847412109375 121.9375 122.3874969482421875 123.31874847412109375 125.18125152587890625 126.3625030517578125 125.5749969482421875 120.9812469482421875 112.9187469482421875 110.75624847412109375 119.18125152587890625 125.5 130.0625 131.8312530517578125 132.5625 132.537506103515625 131.506256103515625 130.15625 129.21875 128.09375 127.2312469482421875 125.9875030517578125 122.84375 120.36875152587890625 116.40625 111.90625 107.5749969482421875 104.8562469482421875 102.0500030517578125 98.83750152587890625 98.0437469482421875 97.83124542236328125 97.1437530517578125 97.1687469482421875 97.0187530517578125 96.8000030517578125 96.15000152587890625 94.3125 88.38124847412109375 80.93125152587890625 72.58750152587890625 65.38124847412109375 59.331249237060546875 53.50624847412109375
128.087493896484375 126.6687469482421875 127.3000030517578125 129.125 131.4812469482421875 132.193756103515625 130.5187530517578125 125.3562469482421875 118.8249969482421875 116.68125152587890625 120.51874542236328125 124.84375 129.475006103515625 132.087493896484375 133.625 134.5 134.274993896484375 134.40625 134.6062469482421875 135.1374969482421875 133.6374969482421875 131.3874969482421875 127.19374847412109375 122.9250030517578125 117.19374847412109375 111.9375 107.875 104.15625 101.27500152587890625 97.9375 95.84999847412109375 95.16249847412109375 94.1875 94.03749847412109375 93.90000152587890625 93.375 92.09375 89.6875 83.7062530517578125 75.8937530517578125 67.8249969482421875 60.65000152587890625 53.99375152587890625 48.081249237060546875
132.5187530517578125 131.375 132.1437530517578125 134.274993896484375 137.056243896484375 139.899993896484375 138.899993896484375 133.068756103515625 127.3249969482421875 124.96250152587890625 126.02500152587890625 128.28125 130.78125 133.556243896484375 135.375 136.274993896484375 137.131256103515625 138.40625 140.068756103515625 141.9187469482421875 141.71875 138.006256103515625 132.0625 124.6374969482421875 118.84999847412109375 113.8249969482421875 109.6437530517578125 105.69374847412109375 101.5500030517578125 97.84375 95.3000030517578125 93.8625030517578125 92.6062469482421875 91.8874969482421875 90.90000152587890625 89.65000152587890625 87.9562530517578125 84.6687469482421875 78.49375152587890625 70.81874847412109375 62.90625 55.825000762939453125 49.5 43.3125
136.5500030517578125 135.4187469482421875 136.5625 139.3249969482421875 142.712493896484375 146.21875 146.78125 140.149993896484375 134.9250030517578125 131.78125 131.100006103515625 132.3000030517578125 133.5187530517578125 135.774993896484375 138.087493896484375 139 140.2312469482421875 141.9250030517578125 144.1687469482421875 147.493743896484375 149.2937469482421875 144.8874969482421875 137.193756103515625 128.15625 120.31874847412109375 113.66249847412109375 108.6687469482421875 105.40000152587890625 102.0812530517578125 98.59375 95.125 93.00624847412109375 90.96250152587890625 89.69374847412109375 88.4499969482421875 86.41249847412109375 83.80625152587890625 80.375 73.8312530517578125 66.5124969482421875 58.50624847412109375 51.59375 45.44374847412109375 39.86875152587890625
139.8249969482421875 139.056243896484375 140.375 142.75 145.912506103515625 148.399993896484375 147.5124969482421875 143.7312469482421875 139.5625 137.4375 136.4499969482421875 136.318756103515625 137.1750030517578125 137.5124969482421875 139.618743896484375 141.4375 142.34375 144.6500091552734375 147.306243896484375 150.243743896484375 153.475006103515625 149.4875030517578125 140.899993896484375 131.3249969482421875 119.2687530517578125 111.4250030517578125 109.09375 105.96250152587890625 103.19374847412109375 99.33750152587890625 95.375 91.9875030517578125 89.7312469482421875 87.5500030517578125 85.83750152587890625 83.53125 80.4250030517578125 77.0749969482421875 71.09999847412109375 63.05625152587890625 55.393749237060546875 49.137500762939453125 42.90000152587890625 35.63124847412109375
142.1999969482421875 141.4499969482421875 142.881256103515625 144.9812469482421875 147.1875 148.6999969482421875 147.9187469482421875 146.1125030517578125 143.618743896484375 141.381256103515625 139.975006103515625 139.3249969482421875 139.337493896484375 139.8562469482421875 140.3562469482421875 142.337493896484375 143.03125 144.806243896484375 146.7687530517578125 148.8937530517578125 150.8874969482421875 147.725006103515625 141.993743896484375 133.9375 123.99375152587890625 116.55625152587890625 112.65000152587890625 108.5812530517578125 104.8249969482421875 99.5500030517578125 94.59375 90.93125152587890625 88.0812530517578125 85.65000152587890625 83.68125152587890625 81.3312530517578125 78.3874969482421875 75.4499969482421875 69.9187469482421875 62.731250762939453125 54.4375 46.825000762939453125 40.63124847412109375 35.012500762939453125
144.100006103515625 143.6437530517578125 144.412506103515625 146.34375 148.1687469482421875 149.0812530517578125 149.6875 148.8249969482421875 146.193756103515625 144.125 142.7062530517578125 141.6062469482421875 141.09375 141.306243896484375 141.274993896484375 142.899993896484375 142.912506103515625 143.318756103515625 143.912506103515625 145.725006103515625 147.318756103515625 146.337493896484375 143.725006103515625 139.618743896484375 133.725006103515625 126.8125 120.0124969482421875 113.3125 107.24375152587890625 100.18125152587890625 94.02500152587890625 89.50624847412109375 86.53125 84.6125030517578125 82.59375 79.69374847412109375 77.30625152587890625 75.90625 72.2624969482421875 64.8000030517578125 55.700000762939453125 48.112499237060546875 42.299999237060546875 37.174999237060546875
144.9187469482421875 144.28125 145.2624969482421875 147.1687469482421875 148.787506103515625 150.1875 150.868743896484375 150.1750030517578125 148.162506103515625 146.3562469482421875 144.100006103515625 141.90625 141.125 141.3000030517578125 141.787506103515625 142.2624969482421875 140.6750030517578125 140.212493896484375 140.1750030517578125 141.1125030517578125 142.375 143.931243896484375 145.34375 146.4250030517578125 143.2687530517578125 136.25 127.88124847412109375 118.9499969482421875 110.3125 100.8937530517578125 93.46875 87.7062530517578125 84.2624969482421875 82.3312530517578125 79.8125 76.24375152587890625 75.77500152587890625 75.24375152587890625 73.50624847412109375 67.08750152587890625 59.25 51.81874847412109375 45.36875152587890625 39.63124847412109375
144.2375030517578125 143.9562530517578125 145.8562469482421875 148.25 149.8562469482421875 151.3312530517578125 152.306243896484375 152.0625 150.1875 147.431243896484375 144.5437469482421875 141.787506103515625 139.84375 139.0625 138.850006103515625 138.381256103515625 135.4375 134.2312469482421875 134.21875 135.3249969482421875 136.8937530517578125 140.149993896484375 145.431243896484375 151.431243896484375 152.368743896484375 143.0500030517578125 133.662506103515625 122.2937469482421875 111.2375030517578125 100.5124969482421875 92.65625 87.375 82.0187530517578125 77.875 74.6437530517578125 73.28125 73.7312469482421875 77.3625030517578125 79.8125 72.1374969482421875 63.56874847412109375 55.831249237060546875 48.375 42.612499237060546875
143.53125 143.8562469482421875 146.6125030517578125 149.256256103515625 151.3125 153.375 154.568756103515625 154.1437530517578125 151.881256103515625 148.9875030517578125 145.7375030517578125 141.6750030517578125 138.3937530517578125 135.6999969482421875 134.1750030517578125 132.274993896484375 129.100006103515625 127.0749969482421875 127.50624847412109375 128.2874908447265625 130.21875 134.1125030517578125 140.462493896484375 148.024993896484375 150.649993896484375 144.3249969482421875 136.9250030517578125 124.4875030517578125 111.375 98.8000030517578125 90.05625152587890625 84.53749847412109375 81.21250152587890625 78.69374847412109375 73.46250152587890625 67.33750152587890625 71.8249969482421875 77.5187530517578125 78.7062530517578125 74.18125152587890625 66.2312469482421875 58.700000762939453125 51.22499847412109375 45.24375152587890625
141.693756103515625 143.5 147.03125 150.4875030517578125 153.462493896484375 155.4562530517578125 156.568756103515625 156.4875030517578125 154.7062530517578125 150.8937530517578125 145.975006103515625 141.162506103515625 136.162506103515625 131.7062530517578125 129.125 127.34375 124.1062469482421875 121.3125 121.3937530517578125 121.58750152587890625 123.3249969482421875 129.1875 133.087493896484375 140.0124969482421875 143.100006103515625 141.46875 134.75 123.74375152587890625 111.81874847412109375 97.9250030517578125 87.2687530517578125 84.86875152587890625 85.9562530517578125 82.8874969482421875 78.09375 73.4250030517578125 74.91249847412109375 77.44374847412109375 77.375 73.8249969482421875 67.53749847412109375 61.950000762939453125 54.137500762939453125 47.9375
138.96875 142.412506103515625 146.568756103515625 150.850006103515625 154.8125 157.787506103515625 159.625 159.931243896484375 157.625 153.6374969482421875 147.774993896484375 141.212493896484375 134.743743896484375 128.6812591552734375 125.33750152587890625 123.08750152587890625 119.31874847412109375 118.22499847412109375 118.16249847412109375 119.2312469482421875 119.5 122.56874847412109375 128.868743896484375 134.6062469482421875 137.193756103515625 135.4187469482421875 130.3312530517578125 123.25624847412109375 112.0749969482421875 99.72499847412109375 91.25 91.72499847412109375 92.24375152587890625 92.33750152587890625 90.93125152587890625 85.71875 82.50624847412109375 81.1125030517578125 78.46250152587890625 74.375 69.3874969482421875 64.13124847412109375 56.981250762939453125 50.549999237060546875
