data/historical-monthly-weather-data/wc2.1_cruts4.09_10m_prec_1971-05.asc
ncols        51
nrows        45
xllcorner    -63.500000000000
yllcorner    -7.500000000000
cellsize     0.166666666667
NODATA_value -9999
[rows 0 to 19 of 45, columns 0 to 43 of 51]
246.337493896484375 234.15625 229.4187469482421875 230.0812530517578125 229.100006103515625 229.3625030517578125 227.087493896484375 226.774993896484375 229.131256103515625 233.8249969482421875 237.493743896484375 241.09375 246.350006103515625 252.2624969482421875 258.23748779296875 265.82501220703125 271.89373779296875 274.993743896484375 280.024993896484375 287.01873779296875 292.38751220703125 297.04376220703125 305.35626220703125 311.3125 318.92498779296875 328.58123779296875 336.61248779296875 346.625 354.45623779296875 368.40625 378.15625 390.756256103515625 403.86248779296875 414.88751220703125 425.899993896484375 437.45623779296875 446.931243896484375 452.1875 454.881256103515625 459.625 460.443756103515625 461.256256103515625 457.75 459.962493896484375
243.4812469482421875 231.8312530517578125 230.90625 233.837493896484375 237.006256103515625 238.912506103515625 237.5437469482421875 238.256256103515625 242.8125 246.2624969482421875 250.71875 254.287506103515625 257.90625 261.84375 265.78125 270.1875 274.487518310546875 277.756256103515625 285.806243896484375 294.462493896484375 300.67498779296875 307.287506103515625 314.01873779296875 321.29998779296875 326.98748779296875 332.962493896484375 341.618743896484375 349.98748779296875 357.70001220703125 367.806243896484375 376.318756103515625 391.337493896484375 399.36248779296875 410.98126220703125 419.01251220703125 422.943756103515625 433.149993896484375 437.85626220703125 442.381256103515625 439.17498779296875 438.712493896484375 444.1875 440.71875 435.962493896484375
238.0749969482421875 231.3249969482421875 236.3562469482421875 242.7687530517578125 248.53125 252.9187469482421875 255.78125 259.899993896484375 265.475006103515625 269.087493896484375 272.25 273.09375 273.625 273 275 278.318756103515625 279.475006103515625 280.46875 286.875 295.23126220703125 302.26251220703125 311.756256103515625 319.66876220703125 326.32501220703125 332.13751220703125 340.86248779296875 349.649993896484375 354.64373779296875 358.350006103515625 366.6875 374.181243896484375 385.181243896484375 397.193756103515625 405.556243896484375 415.625 418.04998779296875 425.306243896484375 430.83123779296875 432.01873779296875 431.1875 433.71875 431.08123779296875 430.14373779296875 425.20623779296875
229.625 224.28125 237.8937530517578125 248.662506103515625 259.350006103515625 265.23126220703125 270.95001220703125 279.193756103515625 289.243743896484375 294.337493896484375 294.57501220703125 292.29376220703125 287.506256103515625 284.024993896484375 283.600006103515625 283.693756103515625 282.024993896484375 282.01251220703125 286.57501220703125 296.08123779296875 308.368743896484375 317.337493896484375 324.48126220703125 332.51873779296875 339.024993896484375 345.84375 353.725006103515625 354.66876220703125 356.26873779296875 366.050018310546875 372.96875 381.96875 391.193756103515625 398.5 404.85626220703125 414.118743896484375 422.75 427.32501220703125 428.412506103515625 428.037506103515625 426.993743896484375 427.95623779296875 420.60626220703125 413.61248779296875
236.2312469482421875 230.600006103515625 235.5500030517578125 249.631256103515625 265.868743896484375 273.09375 282.16876220703125 294.11248779296875 309.29998779296875 318.306243896484375 314.006256103515625 305.206268310546875 300.262481689453125 295.40625 292.58123779296875 289.256256103515625 284.6875 283.76873779296875 286.98748779296875 297.149993896484375 310.35626220703125 319.40625 326.131256103515625 338.368743896484375 343.850006103515625 350.61248779296875 350.881256103515625 354.16876220703125 355.5 362.13751220703125 369.95623779296875 375.54376220703125 382.912506103515625 393.64373779296875 401.975006103515625 407.48748779296875 417.25 424.48126220703125 426.35626220703125 424.29998779296875 424.60626220703125 419.16876220703125 411.91876220703125 406.61248779296875
242.506256103515625 239.837493896484375 244.274993896484375 248.5437469482421875 265.84375 278.387481689453125 288.57501220703125 299.11248779296875 315.537506103515625 326.256256103515625 323.087493896484375 311.95623779296875 308.506256103515625 304.71875 298.662506103515625 297.024993896484375 290.1875 287.662506103515625 291.82501220703125 303.20623779296875 314.493743896484375 325.037506103515625 334.98748779296875 340.63751220703125 346.75 352.63751220703125 352.537506103515625 352.29376220703125 354.475006103515625 360.5625 366.912506103515625 373.318756103515625 379.131256103515625 387.40625 393.65625 400.15625 406.537506103515625 411.800018310546875 418.04376220703125 416.04376220703125 411.725006103515625 407.17498779296875 398.76873779296875 392.82501220703125
251.34375 249.8249969482421875 254.068756103515625 259.07501220703125 268.125 275.587493896484375 285.09375 295.431243896484375 301.04998779296875 311.78125 315.66876220703125 312.056243896484375 311.82501220703125 310.368743896484375 306.4375 302.850006103515625 300.524993896484375 300.693756103515625 303.58123779296875 314.693756103515625 322.65625 330.431243896484375 335.818756103515625 343.29376220703125 350.08123779296875 358.100006103515625 355.21875 353 350.25 355.774993896484375 361.962493896484375 364.63751220703125 367.64373779296875 374.29998779296875 380.79376220703125 388.35626220703125 391.912506103515625 396.118743896484375 402.38751220703125 403.64373779296875 397.17498779296875 389.48748779296875 381.65625 377.975006103515625
259.26251220703125 259.07501220703125 263.25 270.337493896484375 278.95623779296875 286.350006103515625 286.70001220703125 281.01251220703125 277.056243896484375 289.73748779296875 305.306243896484375 310.1875 315.76251220703125 315.818756103515625 314.13751220703125 313.181243896484375 311.537506103515625 314.76251220703125 317.95623779296875 323.287506103515625 333.10626220703125 337.875 342.39373779296875 344.26873779296875 352.368743896484375 352.850006103515625 353.28125 348.725006103515625 345.86248779296875 350.33123779296875 354.83123779296875 356.04376220703125 359.443756103515625 361.649993896484375 363.51873779296875 367.76873779296875 372.375 378.037506103515625 379.98748779296875 375.57501220703125 373.89373779296875 367.23748779296875 361.65625 354.912506103515625
267.337493896484375 268.431243896484375 273.95623779296875 279.32501220703125 285.96875 291.0625 290.89373779296875 286.95623779296875 276.58123779296875 276.63751220703125 292.26873779296875 304.73748779296875 316.51873779296875 318.25 318.41876220703125 320.66876220703125 321.493743896484375 327.20623779296875 334.17498779296875 332.881256103515625 333.8125 341.306243896484375 340.149993896484375 349.34375 349.79376220703125 348.368743896484375 344.350006103515625 344.07501220703125 345.493743896484375 346.6875 352.32501220703125 350.712493896484375 346.006256103515625 343.73748779296875 346.9375 351.368743896484375 355.693756103515625 360.57501220703125 363.98748779296875 357.625 351.14373779296875 344.40625 342.725006103515625 340.462493896484375
274.48748779296875 278.181243896484375 283.625 289.91876220703125 293.181243896484375 297.98748779296875 299.26251220703125 297.70001220703125 294.39373779296875 296.78125 304.618743896484375 307.287506103515625 319.96875 321.88751220703125 325.256256103515625 325.875 327.48748779296875 333.412506103515625 341.5625 345.98748779296875 342.76251220703125 340.25 339.40625 344.85626220703125 342.037506103515625 340.46875 335.962493896484375 335.524993896484375 338.881256103515625 343.712493896484375 343.23126220703125 339.04998779296875 336.899993896484375 334.493743896484375 332.618743896484375 335.09375 336.98748779296875 341.337493896484375 344.26873779296875 343.82501220703125 341.743743896484375 338.73748779296875 328.64373779296875 319.8125
281.10626220703125 287.33123779296875 291.67498779296875 298.04376220703125 301.037506103515625 307.10626220703125 309.76251220703125 307.20623779296875 306.28125 311.600006103515625 319.89373779296875 325.54998779296875 324.1875 327.98126220703125 328.8125 328.912506103515625 331.26251220703125 338.51251220703125 345.98126220703125 354.04998779296875 361.068756103515625 352.225006103515625 343.5625 329.662506103515625 334.78125 337.806243896484375 333.118743896484375 331.66876220703125 329.54376220703125 329.73748779296875 330.91876220703125 328.6875 324.787506103515625 320.9375 317.11248779296875 315.399993896484375 316.306243896484375 321.0625 327.0625 328.818756103515625 328.193756103515625 323.125 319.59375 306.96875
288.068756103515625 293.068756103515625 298.0625 304.23126220703125 308.95623779296875 311.88751220703125 317.78125 319.850006103515625 322.1875 323.243743896484375 330.48748779296875 339.26251220703125 331.818756103515625 332.337493896484375 335.35626220703125 332.79376220703125 334.331268310546875 340.86248779296875 349.118743896484375 361.318756103515625 372.20001220703125 369.131256103515625 357.38751220703125 338.45001220703125 327.618743896484375 321.375 314.6875 313.431243896484375 314.70623779296875 314.024993896484375 310.39373779296875 307.75 304.13751220703125 300.375 299.88751220703125 302.162506103515625 305.41876220703125 307.943756103515625 311.28125 314.10626220703125 316.40625 311.75 302.649993896484375 281.375
295.66876220703125 298.29376220703125 302.42498779296875 308.70001220703125 312.78125 318.462493896484375 321.95623779296875 323.48748779296875 327.243743896484375 332.975006103515625 339.162506103515625 345.056243896484375 342.82501220703125 330.350006103515625 329.837493896484375 332.881256103515625 333.943756103515625 340.1875 347.40625 358.79998779296875 373.568756103515625 368.943756103515625 357.881256103515625 337.943756103515625 309.78125 297.618743896484375 299.98126220703125 300.35626220703125 302.76873779296875 302.868743896484375 296.46875 288.756256103515625 283.90625 279.33123779296875 280.100006103515625 286.01873779296875 291.524993896484375 298.037506103515625 304.26251220703125 306.57501220703125 305.98748779296875 301.818756103515625 283.70623779296875 266.64373779296875
296.63751220703125 299.95001220703125 305.3125 310.88751220703125 316.64373779296875 320.71875 323.60626220703125 326.78125 332.975006103515625 338.125 337.9375 339.84375 337.79998779296875 331.774993896484375 319.693756103515625 325.875 326.78125 330.41876220703125 339.35626220703125 350.556243896484375 360.6875 358.606231689453125 350.568756103515625 335.068756103515625 312.462493896484375 297.181243896484375 291.868743896484375 287.26873779296875 287.33123779296875 283.899993896484375 281.587493896484375 272.51873779296875 267.462493896484375 263.431243896484375 262.65625 271.92498779296875 282.287506103515625 292.40625 300.212493896484375 299.04998779296875 287.274993896484375 273.837493896484375 268.100006103515625 265.60626220703125
295.67498779296875 300.600006103515625 306.95001220703125 312.0625 316.850006103515625 321.649993896484375 328.04376220703125 333.537506103515625 336.76251220703125 337.58123779296875 335.962493896484375 335.79376220703125 330.89373779296875 324.26251220703125 307.17498779296875 311 314.45001220703125 321.899993896484375 329.88751220703125 338.431243896484375 348.1875 349.57501220703125 346.875 341.193756103515625 328.993743896484375 316.32501220703125 303.462493896484375 294.40625 287.73748779296875 280.40625 268.225006103515625 257.32501220703125 255.6062469482421875 247.3625030517578125 241.2687530517578125 247.5124969482421875 268.76873779296875 285.443756103515625 290.243743896484375 284.20001220703125 271.131256103515625 265.600006103515625 268.899993896484375 265.306243896484375
293.375 297.76251220703125 305.931243896484375 312.57501220703125 316.8125 323.943756103515625 331.412506103515625 336.4375 336.96875 338.0625 334.524993896484375 332.11248779296875 326.743743896484375 321.96875 308.60626220703125 294.07501220703125 301.8125 315.70001220703125 319.96875 327.36248779296875 336.67498779296875 345.649993896484375 350.631256103515625 351.42498779296875 341.79376220703125 327.17498779296875 311.287506103515625 297.037506103515625 287.36248779296875 279.949981689453125 270.875 257.35626220703125 243.350006103515625 230.46875 222.84375 241.8000030517578125 255.5749969482421875 269.5625 276.70623779296875 276.45001220703125 268.70001220703125 263.66876220703125 262.368743896484375 254.006256103515625
292.63751220703125 297.70001220703125 303.943756103515625 312.243743896484375 320 325.056243896484375 330.79376220703125 334.91876220703125 337.45001220703125 337.67498779296875 335.54998779296875 334.774993896484375 328.3125 321.625 312.037506103515625 301.60626220703125 289.15625 300.225006103515625 309.61248779296875 317.79998779296875 327.4375 336.899993896484375 348.75 357.337493896484375 354.712493896484375 329.73126220703125 309.65625 295.5625 285.056243896484375 276.725006103515625 268.537506103515625 259.03125 246.568756103515625 235.631256103515625 240.006256103515625 246.5500030517578125 259.350006103515625 272.181243896484375 283.149993896484375 275.16876220703125 265.056243896484375 257.506256103515625 249.537506103515625 245.3249969482421875
290.024993896484375 297.33123779296875 305.681243896484375 313.443756103515625 321.76873779296875 330.45001220703125 334.743743896484375 337.337493896484375 337.537506103515625 338.26873779296875 336.1875 338.25 328.631256103515625 323.975006103515625 315.306243896484375 306.98126220703125 295.631256103515625 284.962493896484375 304.774993896484375 310.70001220703125 317.73748779296875 327.42498779296875 338.524993896484375 347.5 347.274993896484375 327.149993896484375 302.493743896484375 291.556243896484375 282.29998779296875 269.70001220703125 252.6750030517578125 238.943756103515625 246.21875 246.912506103515625 246.3312530517578125 262.431243896484375 274.13751220703125 276.787506103515625 279.431243896484375 273.53125 256.600006103515625 247.962493896484375 240.556243896484375 237.3125
287.04998779296875 295.368743896484375 303.649993896484375 314.875 325.556243896484375 332.34375 338.287506103515625 342.95623779296875 342.818756103515625 344.66876220703125 340.131256103515625 332.475006103515625 325.399993896484375 321.774993896484375 314.125 309.375 303.36248779296875 289.01251220703125 288.618743896484375 296.5 303.90625 316.82501220703125 309.75 320.618743896484375 321.318756103515625 315.662506103515625 301.381256103515625 284.712493896484375 275.587493896484375 262.84375 249.4187469482421875 242.8312530517578125 247.537506103515625 248.162506103515625 250.8312530517578125 261.90625 265.399993896484375 264.51251220703125 267.5625 258.756256103515625 245.181243896484375 235.5437469482421875 231.743743896484375 231.475006103515625
282.712493896484375 292.29376220703125 302.537506103515625 311.86248779296875 324.212493896484375 337.1875 345.475006103515625 350.087493896484375 349.625 347.056243896484375 345.337493896484375 343.443756103515625 340.96875 331.59375 320.88751220703125 304.193756103515625 290.76873779296875 292.53125 290.14373779296875 293.48126220703125 289.493743896484375 293.962493896484375 302.79376220703125 303.66876220703125 298.712493896484375 287.83123779296875 280.09375 274.75 261.431243896484375 246.993743896484375 240.0437469482421875 246.28125 246.4875030517578125 244.7062530517578125 249.756256103515625 256.29998779296875 258.15625 257.162506103515625 253.65625 247.0187530517578125 232.5 223.4375 223.725006103515625 224.0437469482421875
