data/historical-monthly-weather-data/wc2.1_cruts4.09_10m_prec_1970-10.asc
ncols        51
nrows        45
xllcorner    -63.500000000000
yllcorner    -7.500000000000
cellsize     0.166666666667
NODATA_value -9999
[rows 0 to 18 of 45, columns 0 to 43 of 51]
106.09999847412109375 101.55625152587890625 97.7937469482421875 95.8562469482421875 93.24375152587890625 90.5187530517578125 86.59999847412109375 83.0749969482421875 80.7624969482421875 79.46875 79.4499969482421875 80.41249847412109375 81.125 80.96875 82.28749847412109375 83.66249847412109375 84.81874847412109375 84.8937530517578125 85.38124847412109375 85.5500030517578125 84.75 83.40000152587890625 82.4375 82.03749847412109375 82 82.4375 83.8125 85.6125030517578125 87.3562469482421875 86.4375 85.34375 84.43125152587890625 83.9562530517578125 83.8312530517578125 83.99375152587890625 84.1999969482421875 84.3312530517578125 84.2624969482421875 83.8249969482421875 83.17499542236328125 82.4187469482421875 81.2062530517578125 79.22499847412109375 76.76874542236328125
104.1374969482421875 100.46250152587890625 98.96250152587890625 99.2687530517578125 99.5812530517578125 96.6374969482421875 93.1875 90.71250152587890625 89.5124969482421875 88.3562469482421875 87.53125 87.50624847412109375 87.3125 86.8249969482421875 87.3874969482421875 88.3000030517578125 88.47499847412109375 89.4375 90.71875 91.81874847412109375 90.71250152587890625 89.5437469482421875 88.5187530517578125 87.5437469482421875 86.6999969482421875 85.8249969482421875 86.88124847412109375 88.0812530517578125 88.9250030517578125 87.19374847412109375 86.35625457763671875 85.96250152587890625 85.90625 86.38124847412109375 86.44374847412109375 86.6062469482421875 87.3249969482421875 87.49375152587890625 87.4375 86.9562530517578125 86.55625152587890625 85.5812530517578125 83.78125 81.31874847412109375
99.91249847412109375 97.43125152587890625 97.03749847412109375 98.83750152587890625 100.56874847412109375 99.8000030517578125 99.0500030517578125 99.13124847412109375 99.53749847412109375 98.95000457763671875 97.59375 96.40625 95.1437530517578125 93.61875152587890625 93.3874969482421875 93.4250030517578125 93.4187469482421875 93.8125 94.40000152587890625 94.9499969482421875 93.4499969482421875 92.40000152587890625 91.0812530517578125 89.46875 87.9562530517578125 86.875 87.2312469482421875 87.8874969482421875 87.5124969482421875 85.8562469482421875 85.0187530517578125 83.96875 83.6687469482421875 84.03125 84.11875152587890625 84.2062530517578125 84.49375152587890625 84.88124847412109375 85.0187530517578125 84.63124847412109375 84.30625152587890625 83.625 82.30625152587890625 80.65000152587890625
94.78125 92.75 94.28125 96.1750030517578125 99.1437530517578125 100.7937469482421875 103.3000030517578125 106.5187530517578125 109.75 110.4812469482421875 108.1687469482421875 105.30625152587890625 102.5187530517578125 100.1125030517578125 99.6750030517578125 98.94374847412109375 98.2375030517578125 98.1687469482421875 98.15000152587890625 98.13750457763671875 96.43125152587890625 94.46250152587890625 92.2687530517578125 90.36875152587890625 88.3125 86.5437469482421875 86.25624847412109375 86.0749969482421875 85.34999847412109375 83.34999847412109375 82.09375 81.06874847412109375 79.96875 79.5 78.90625 79.61875152587890625 80.09375 80.3312530517578125 80.68125152587890625 80.50624847412109375 79.6875 79.56874847412109375 78.94374847412109375 78.1125030517578125
93.9875030517578125 90.27500152587890625 90.0749969482421875 92.3562469482421875 96.71875 100.8312530517578125 105.625 111.41249847412109375 118.25624847412109375 122.0437469482421875 117.88124847412109375 112.3000030517578125 108.6374969482421875 106.16249847412109375 104.99375152587890625 103.68125152587890625 102.7937469482421875 101.4187469482421875 100.4562530517578125 99.72499847412109375 98.13124847412109375 95.5749969482421875 92.94374847412109375 90.7375030517578125 88.21250152587890625 85.96875 84.60625457763671875 84.1875 83.4375 80.5625 78.7375030517578125 77.15625 76.0812530517578125 75.1875 74.5749969482421875 74.7312469482421875 75.0625 75.40000152587890625 75.49375152587890625 75.2624969482421875 74.49375152587890625 74.31874847412109375 74.53125 74.25
93.36875152587890625 90.0187530517578125 88.05625152587890625 87.6125030517578125 92.69374847412109375 98.6437530517578125 104.09999847412109375 110.2312469482421875 117.61875152587890625 123.65625 118.5187530517578125 113.03125 110.3937530517578125 108.28749847412109375 107.1062469482421875 106.46875 105.21250152587890625 103.40625 102.1875 100.875 98.91249847412109375 96.3249969482421875 93.6437530517578125 90.3562469482421875 87.3312530517578125 84.52500152587890625 82.63124847412109375 81.28749847412109375 80.43125152587890625 77.3625030517578125 75.30625152587890625 74.03125 72.5812530517578125 71.6062469482421875 70.8125 70.84375 70.91249847412109375 71.3249969482421875 71.8562469482421875 70.90000152587890625 68.83750152587890625 68.7312469482421875 68.71875 68.84375
94.88124847412109375 91.5437469482421875 89.4250030517578125 88.27500152587890625 91.58750152587890625 95.9499969482421875 100.3562469482421875 104.38124847412109375 108.1687469482421875 110.25 110.63124847412109375 109.93125152587890625 109.6374969482421875 109.1999969482421875 108.5749969482421875 108.3562469482421875 107.5187530517578125 105.02500152587890625 102.96875 101.55625152587890625 99.6125030517578125 97.00624847412109375 93.8937530517578125 90.2062530517578125 86.6750030517578125 83.23125457763671875 81.0625 78.9562530517578125 76.9875030517578125 74.24375152587890625 72.0625 70.3125 68.6750030517578125 67.6999969482421875 66.9187469482421875 66.2937469482421875 65.99375152587890625 66.0124969482421875 66.9875030517578125 64.9499969482421875 62.418750762939453125 61.50624847412109375 61.487499237060546875 61.893749237060546875
97.21875 93.69374847412109375 92.5187530517578125 92.72499847412109375 94.2375030517578125 96.8625030517578125 97.94374847412109375 97.24375152587890625 95.34375 96.49375152587890625 101.36875152587890625 104.99375152587890625 107.8312530517578125 109.21250152587890625 110.00624847412109375 110.0812530517578125 109.44374847412109375 106.6374969482421875 104.1875 102.71875 100.6999969482421875 97.7687530517578125 94.3937530517578125 90.34375 86.1687469482421875 81.8625030517578125 78.86249542236328125 75.90625 73.34375 70.05625152587890625 68 66.43125152587890625 64.90625 63.856250762939453125 62.65625 61.549999237060546875 60.206249237060546875 59.34375 58.71875 56.71875 54.106250762939453125 52.86875152587890625 52.22499847412109375 52.0625
100.34999847412109375 97.7375030517578125 97.4187469482421875 97.53749847412109375 98.50624847412109375 99.46250152587890625 98.9499969482421875 95.44374847412109375 89.47499847412109375 88.1687469482421875 95.3937530517578125 101.4375 106.22499847412109375 108.71250152587890625 109.9812469482421875 110.56874847412109375 110.16249847412109375 108.47499847412109375 107.03125 105.25 102.6062469482421875 99.5124969482421875 94.9875030517578125 90.83750152587890625 85.6875 80.47499847412109375 76.55625152587890625 74.0187530517578125 71.3562469482421875 68.0187530517578125 66.2624969482421875 64.8625030517578125 63.049999237060546875 61.65000152587890625 60.11875152587890625 58.856250762939453125 57.33750152587890625 55.418750762939453125 53.512500762939453125 51.106250762939453125 48.168750762939453125 46.22499847412109375 45.11875152587890625 43.862499237060546875
104.0625 101.9812469482421875 101.6875 102.3937530517578125 103.625 104.1374969482421875 102.8874969482421875 98.9250030517578125 94.22499847412109375 93.0500030517578125 96.6687469482421875 101.18125152587890625 106.08750152587890625 109.22499847412109375 110.6374969482421875 111.33750152587890625 111.03749847412109375 110.47499847412109375 109.8562469482421875 109.30625152587890625 105.8625030517578125 101.69374847412109375 96.13124847412109375 90.5437469482421875 84.0437469482421875 78.30625152587890625 74.71250152587890625 71.59375 69.0812530517578125 66.2312469482421875 64.22499847412109375 63.09999847412109375 61.331249237060546875 59.96875 58.575000762939453125 56.90000152587890625 54.72499847412109375 52.16249847412109375 49.59375 46.30625152587890625 42.875 40.481250762939453125 38.356250762939453125 36.481250762939453125
108.0187530517578125 106.28125 105.9812469482421875 106.7687530517578125 108.19374847412109375 110.34375 109.58750152587890625 105.08124542236328125 101.1125030517578125 99.8312530517578125 101.36875152587890625 104.25 107.3937530517578125 110.59375 111.75624847412109375 111.9250030517578125 112.0187530517578125 112.25624847412109375 112.6999969482421875 113.0749969482421875 110.3562469482421875 104.75 97.65625 89.65625 83.1437530517578125 77.5749969482421875 74.00624847412109375 70.875 67.6999969482421875 65.15000152587890625 63.44374847412109375 62.33750152587890625 60.59375 59.02500152587890625 57.237499237060546875 54.981250762939453125 52.34999847412109375 49.081249237060546875 45.875 42.06874847412109375 38.206249237060546875 35.44374847412109375 33.13124847412109375 30.649999618530273438
111.90625 110.125 110.02500152587890625 111.22499847412109375 113.0437469482421875 115.75 116.25 111.13124847412109375 107.65625 105.8625030517578125 106.0124969482421875 107.6687469482421875 109.30625152587890625 111.625 113.09999847412109375 113.21875 113.56874847412109375 114.0187530517578125 114.83750152587890625 116.2375030517578125 114.86875152587890625 108.5500030517578125 100.03125 90.875 82.9250030517578125 76.31874847412109375 72.40625 69.90625 67.49375152587890625 65.47499847412109375 63.575000762939453125 62.40625 60.393749237060546875 58.75 57.043750762939453125 54.55625152587890625 51.674999237060546875 48.46250152587890625 44.549999237060546875 40.34999847412109375 35.831249237060546875 32.78125 30.193750381469726562 27.78125
115.2624969482421875 113.6687469482421875 113.6437530517578125 114.44374847412109375 116.0500030517578125 117.96875 117.33750152587890625 114.5187530517578125 111.94374847412109375 111.0625 110.9562530517578125 111.05625152587890625 111.84999847412109375 112.1374969482421875 113.3625030517578125 114.27500152587890625 114.36875152587890625 115.1999969482421875 116.22499847412109375 117.1875 116.7687530517578125 110.66249847412109375 101.4375 91.90625 81.13124847412109375 73.84999847412109375 71.8874969482421875 69.6687469482421875 67.84999847412109375 65.96250152587890625 64.09999847412109375 62.424999237060546875 60.52500152587890625 58.52500152587890625 56.793750762939453125 54.43125152587890625 51.52500152587890625 48.575000762939453125 44.543750762939453125 39.299999237060546875 34.5 31.5 28.524999618530273438 24.65625
117.59375 115.9812469482421875 116 116.5500030517578125 117.375 118.5500030517578125 118.05625152587890625 116.84375 115.71875 114.8125 114.40625 113.58750152587890625 113.16249847412109375 113.125 113.02500152587890625 114.0812530517578125 114.03125 114.3874969482421875 114.7687530517578125 115.03125 113.6125030517578125 108.125 100.97499847412109375 92.61249542236328125 83.34999847412109375 76.3937530517578125 73.5749969482421875 70.94374847412109375 68.6374969482421875 66.1687469482421875 64.00624847412109375 62.43125152587890625 60.356250762939453125 58.40000152587890625 56.71875 54.625 52.112499237060546875 49.625 45.55625152587890625 40.456249237060546875 34.83750152587890625 30.575000762939453125 27.256250381469726562 24.225000381469726562
117.93125152587890625 116.68125152587890625 116.34375 116.91249847412109375 117.5812530517578125 118.4375 119.19374847412109375 118.88124847412109375 117.6999969482421875 117.06874847412109375 116.6875 115.28749847412109375 114.15625 113.65000152587890625 113.1125030517578125 113.9375 113.38124847412109375 112.6374969482421875 111.97499847412109375 112 110.2624969482421875 106.3249969482421875 101.40000152587890625 96.03125 89.6875 83.18125152587890625 78.61875152587890625 74.4187469482421875 70.72499847412109375 67.2375030517578125 64.3874969482421875 62.33750152587890625 60.3125 58.80625152587890625 57.25624847412109375 55.13124847412109375 53.381252288818359375 52.34999847412109375 50.056247711181640625 45.15625 39.05625152587890625 33.887500762939453125 29.918750762939453125 26.450000762939453125
117.09999847412109375 115.88124847412109375 115.9250030517578125 116.6750030517578125 117.40000152587890625 118.78749847412109375 119.72499847412109375 119.71250152587890625 119.11875152587890625 118.77500152587890625 117.75624847412109375 115.28749847412109375 113.74375152587890625 113.0437469482421875 112.94374847412109375 112.8874969482421875 111.1374969482421875 109.7375030517578125 108.625 107.9812469482421875 106 103.9187469482421875 101.8249969482421875 100.28125 96.0187530517578125 89.625 84.1999969482421875 78.65000152587890625 73.375 68.46250152587890625 64.8249969482421875 61.99375152587890625 59.6875 58.293750762939453125 56.50624847412109375 54.25 54.24375152587890625 54.3125 54.09999847412109375 50.53125 45.53749847412109375 39.393749237060546875 33.83750152587890625 29.056249618530273438
114.8625030517578125 114.13124847412109375 115.09999847412109375 116.4250030517578125 117.31874847412109375 118.9375 120.28749847412109375 120.75624847412109375 120.41249847412109375 119.4250030517578125 117.96875 114.90000152587890625 112.27500152587890625 110.66249847412109375 110.0437469482421875 109.2937469482421875 106.5124969482421875 104.625 103.59375 103.1750030517578125 101.44374847412109375 100.625 101.25 103.3937530517578125 102.2062530517578125 94.52500152587890625 88.5812530517578125 81.52500152587890625 74.7375030517578125 68.9875030517578125 65.1062469482421875 62.6875 59.049999237060546875 56.137500762939453125 53.918750762939453125 53.5 54.53749847412109375 58.112499237060546875 61.81874847412109375 57.856250762939453125 52.52500152587890625 45.168750762939453125 37.83750152587890625 32.27500152587890625
111.2624969482421875 111.18125152587890625 113.00624847412109375 114.7624969482421875 116.2062530517578125 118.4375 120.15000152587890625 120.68125152587890625 120.3625030517578125 119.5625 118.1437530517578125 114.13124847412109375 110.49375152587890625 107.4812469482421875 105.8312530517578125 103.9875030517578125 101.0625 98.71875 98.23125457763671875 97.74375152587890625 96.46875 96.21875 97.7687530517578125 101.4562530517578125 101.91249847412109375 96.6062469482421875 92.1062469482421875 84.3625030517578125 76.18125152587890625 69.05625152587890625 64.43125152587890625 61.75 59.58750152587890625 57.83750152587890625 54.15000152587890625 50.168750762939453125 54.1875 59.393749237060546875 62.02500152587890625 60.34999847412109375 55.450000762939453125 48.65000152587890625 41.63124847412109375 36.13124847412109375
106.71250152587890625 107.9250030517578125 110.5187530517578125 113.0625 115.3874969482421875 117.74375152587890625 119.5500030517578125 120.56874847412109375 120.98749542236328125 119.8562469482421875 117.38124847412109375 112.9875030517578125 108.1374969482421875 103.83750152587890625 101.38124847412109375 99.61875152587890625 96.6999969482421875 93.9499969482421875 93.41249847412109375 92.6875 91.3625030517578125 92.71250152587890625 92.71875 96.43125152587890625 97.75624847412109375 96.03125 92.1062469482421875 85.34375 77.9375 69.7312469482421875 63.58750152587890625 63.11875152587890625 64.22499847412109375 62.075000762939453125 58.68125152587890625 55.731250762939453125 57.5 60.25 61.66249847412109375 60.47499847412109375 56.80625152587890625 52.25624847412109375 45.612499237060546875 40.33750152587890625
