data/historical-monthly-weather-data/wc2.1_cruts4.09_10m_prec_1997-02.asc
ncols        45
nrows        45
xllcorner    -63.500000000000
yllcorner    -7.500000000000
cellsize     0.166666666667
NODATA_value -9999
[rows 0 to 19 of 45, columns 0 to 44 of 45]
147.0437469482421875 145.03125 147.3937530517578125 153.0437469482421875 156.8625030517578125 166.2312469482421875 174.4375 179.28125 182.131256103515625 188.0124969482421875 198.25 204.649993896484375 209.693756103515625 207.65625 207.274993896484375 207.274993896484375 208.193756103515625 202.2937469482421875 201.6875 201.7375030517578125 200.9499969482421875 199.96875 200.8125 199.068756103515625 197.712493896484375 196.399993896484375 192.912506103515625 188.6125030517578125 184.7312469482421875 182.225006103515625 180.6999969482421875 179.5124969482421875 179.0124969482421875 179.149993896484375 180.1999969482421875 183.4250030517578125 185.3874969482421875 186.9250030517578125 189.556243896484375 190.6687469482421875 192.806243896484375 194.3625030517578125 194.3249969482421875 197.068756103515625 198.1437530517578125
150.9375 147.0500030517578125 148.0625 149.212493896484375 151.5437469482421875 160.0124969482421875 166.712493896484375 173.96875 180.34375 186.0437469482421875 192.40625 194.524993896484375 195.493743896484375 194.4187469482421875 193.9187469482421875 193.28125 193.5187530517578125 191.306243896484375 191.6687469482421875 192.2687530517578125 192.149993896484375 193.1875 195.0187530517578125 193.725006103515625 191.8312530517578125 191.1374969482421875 188.2312469482421875 185.774993896484375 182.9875030517578125 181.787506103515625 180.34375 181.287506103515625 182.90625 185.7062530517578125 187.899993896484375 191.2312469482421875 193.5500030517578125 194.7937469482421875 196.9562530517578125 197.75 199.225006103515625 200.0562591552734375 199.2624969482421875 200.837493896484375 201.412506103515625
159.899993896484375 155.8625030517578125 155.875 156.7375030517578125 159.1750030517578125 166.7062530517578125 175.375 185.5 195.6437530517578125 202.9124908447265625 207.818756103515625 208.40625 207.506256103515625 204.868743896484375 202.131256103515625 199.5749969482421875 197.5 195.875 195.4937591552734375 195.931243896484375 196.1875 198.8249969482421875 199.9375 197.7062530517578125 196.46875 193.75 191.28125 189.712493896484375 186.6687469482421875 185.8000030517578125 186.6437530517578125 188.225006103515625 191.256256103515625 193.6125030517578125 197.256256103515625 199.3312530517578125 201.7937469482421875 203.993743896484375 204.7062530517578125 204.868743896484375 205.2937469482421875 204.8625030517578125 203.462493896484375 202.5374908447265625 203.8625030517578125
168.225006103515625 164.4875030517578125 165.337493896484375 166.412506103515625 170.9250030517578125 177.3000030517578125 186.881256103515625 199.1125030517578125 213.34375 224.0749969482421875 228.443756103515625 226.1062469482421875 221.725006103515625 217.056243896484375 212.756256103515625 208.28125 204.5437469482421875 200.493743896484375 200.0749969482421875 202.506256103515625 203.943756103515625 205.681243896484375 205.6687469482421875 202.7062530517578125 199.537506103515625 196.024993896484375 194.8312530517578125 193.337493896484375 190.881256103515625 191.837493896484375 193.1999969482421875 197.2062530517578125 199.8562469482421875 203.1437530517578125 206.193756103515625 209.0749969482421875 211.3000030517578125 212.787506103515625 213.7062530517578125 213.368743896484375 211.537506103515625 209.9875030517578125 207.712493896484375 205.1750030517578125 206.243743896484375
181.0625 175.131256103515625 173.65625 175.556243896484375 180.65625 187.743743896484375 196.375 210.46875 230.493743896484375 246.4812469482421875 246.162506103515625 239.1750030517578125 234.375 229.274993896484375 222.09375 215.9312591552734375 210.9375 205.0749969482421875 205.212493896484375 208.162506103515625 210.375 210.5749969482421875 210.7624969482421875 207.2375030517578125 202.5500030517578125 198.5749969482421875 196.118743896484375 194.743743896484375 195.4499969482421875 198.118743896484375 201.2937469482421875 205.024993896484375 209.34375 213.3125 216.5 219.2687530517578125 221.9875030517578125 223.6437530517578125 223.850006103515625 221.5437469482421875 219.1062469482421875 215.381256103515625 211.0749969482421875 207.537506103515625 207.037506103515625
193.881256103515625 189.6875 187.1437530517578125 187.5749969482421875 192.100006103515625 200.2937469482421875 210.0625 223.774993896484375 245.068756103515625 264.162506103515625 259.662506103515625 250.6750030517578125 245.2312469482421875 240.25 233.181243896484375 227.875 221.4562530517578125 215.743743896484375 216.4375 219.3937530517578125 219.618743896484375 219.337493896484375 218.8625030517578125 214.875 209.943756103515625 207.087493896484375 205.625 204.318756103515625 204.5749969482421875 207.381256103515625 210.8249969482421875 214.75 217.943756103515625 223.649993896484375 227.6999969482421875 230.149993896484375 232.9499969482421875 234.493743896484375 234.774993896484375 231.5124969482421875 226.181243896484375 220.868743896484375 215.431243896484375 210.6374969482421875 207.6999969482421875
208.193756103515625 204.7624969482421875 202.8625030517578125 201.618743896484375 205 211.350006103515625 219.774993896484375 229.475006103515625 245.306243896484375 256.193756103515625 259.01251220703125 255.6374969482421875 251.868743896484375 248.1999969482421875 243.274993896484375 238.875 235.1374969482421875 232.6125030517578125 232.462493896484375 231.662506103515625 228.431243896484375 226.975006103515625 224.381256103515625 220.7312469482421875 219.03125 216.4812469482421875 215.7062530517578125 215.618743896484375 214.600006103515625 216.6374969482421875 221.068756103515625 225 228.9875030517578125 232.1437530517578125 236.0812530517578125 240.0437469482421875 242.443756103515625 244.4812469482421875 245.4875030517578125 241.0124969482421875 232.649993896484375 226.287506103515625 220.1875 214.1437530517578125 210.0437469482421875
222.6125030517578125 218.6687469482421875 216.587493896484375 217.225006103515625 219.943756103515625 223.243743896484375 226.899993896484375 230.5812530517578125 237.8937530517578125 246.0812530517578125 254.8312530517578125 258.337493896484375 258.45623779296875 255.6062469482421875 252.125 249.600006103515625 247.4499969482421875 247.7312469482421875 248.6374969482421875 243.2375030517578125 236.443756103515625 232.78125 229.3249969482421875 227.2624969482421875 226.881256103515625 225.600006103515625 225.381256103515625 225.056243896484375 225.3249969482421875 227.149993896484375 229.8874969482421875 234.40625 238.131256103515625 241.818756103515625 245.125 247.9375 250.3125 251.7687530517578125 250.96875 246.2375030517578125 238.46875 232.181243896484375 225.600006103515625 218.225006103515625 215.225006103515625
238.350006103515625 235.118743896484375 232.7937469482421875 233.3312530517578125 234.7062530517578125 235.0437469482421875 236.7312469482421875 237.1062469482421875 239.631256103515625 246.5437469482421875 258.306243896484375 266.837493896484375 270.42498779296875 270.20623779296875 267.087493896484375 265.662506103515625 263.6875 262.41876220703125 262.60626220703125 255.193756103515625 245.962493896484375 241.1999969482421875 237.6437530517578125 238.056243896484375 237.931243896484375 236.6125030517578125 235.3249969482421875 234.5625 235.0749969482421875 236.181243896484375 238.912506103515625 243 246.09375 248.881256103515625 251.7062530517578125 254.899993896484375 257.23748779296875 258.53125 257.98748779296875 253.6062469482421875 246.1687469482421875 240.1999969482421875 234.3312530517578125 227.6875 226.2312469482421875
254.537506103515625 252.09375 250.1999969482421875 249.4875030517578125 249.4187469482421875 248.40625 249.4562530517578125 249.256256103515625 254.4875030517578125 261.975006103515625 273.01251220703125 279.931243896484375 285.91876220703125 286.32501220703125 284.037506103515625 280.88751220703125 277.493743896484375 273.76873779296875 268.40625 261.274993896484375 253.3000030517578125 249.0875091552734375 246.8937530517578125 249.6374969482421875 249.71875 247.8625030517578125 246.587493896484375 244.412506103515625 245.0812530517578125 245.8562469482421875 246.8125 249.712493896484375 252.712493896484375 256.243743896484375 259.36248779296875 262.04998779296875 264.33123779296875 264.64373779296875 263.774993896484375 260.53125 254.931243896484375 249.78125 243.4375 236.1125030517578125 236.65625
270.131256103515625 268.20623779296875 266.13751220703125 264.79998779296875 263.618743896484375 262.1875 262.475006103515625 263.89373779296875 270.83123779296875 279.693756103515625 290.9375 298.51251220703125 303.15625 303.46875 300.20001220703125 295.66876220703125 289.79376220703125 282.08123779296875 273.53125 265.82501220703125 257.618743896484375 253.9375 254.71875 256.76251220703125 260.73748779296875 258.63751220703125 255.912506103515625 254.306243896484375 253.306243896484375 252.9499969482421875 254.0437469482421875 256.0625 258.350006103515625 261.6875 265.9375 269.04376220703125 269.9375 271.0625 269.98748779296875 266.306243896484375 261.39373779296875 256.16876220703125 250.2687530517578125 243.5500030517578125 244.3125
285.60626220703125 283.287506103515625 280.337493896484375 279.100006103515625 278.306243896484375 277.087493896484375 277.61248779296875 281.131256103515625 288.256256103515625 297.350006103515625 308.90625 317.681243896484375 320.28125 318.943756103515625 314.98748779296875 308.306243896484375 301.11248779296875 290.28125 278.693756103515625 268.39373779296875 259.087493896484375 256.5 260.73126220703125 267.23126220703125 270.89373779296875 267.024993896484375 262.9375 260.462493896484375 259.306243896484375 259.506256103515625 260.07501220703125 260.76251220703125 262.9375 265.66876220703125 269.412506103515625 272.875 275.64373779296875 277.28125 276.45001220703125 273.33123779296875 269.16876220703125 263.162506103515625 254.84375 245.8000030517578125 244.9812469482421875
298.03125 296.243743896484375 294.04998779296875 292.59375 292.993743896484375 292.88751220703125 294.806243896484375 298.16876220703125 304.91876220703125 315.01251220703125 325.86248779296875 334.850006103515625 336.95623779296875 332.89373779296875 327.41876220703125 319.100006103515625 310.67498779296875 299.16876220703125 287.16876220703125 274.631256103515625 261.712493896484375 259.850006103515625 265.693756103515625 271.912506103515625 273.137481689453125 269.806243896484375 267.70623779296875 265.60626220703125 264.04998779296875 264.087493896484375 264.45623779296875 264.71875 265.306243896484375 268.04998779296875 271.75 274.95623779296875 277.962493896484375 281.63751220703125 281.86248779296875 279.524993896484375 276.79998779296875 269.199981689453125 256.931243896484375 245.15625 241.875
308.76251220703125 307.181243896484375 305.48748779296875 304.76251220703125 306.21875 306.89373779296875 310.493743896484375 314.65625 321.59375 330.162506103515625 338.943756103515625 345.493743896484375 347.40625 345.39373779296875 337.375 329.443756103515625 319.57501220703125 308.506256103515625 296.1875 285.20001220703125 275.38751220703125 271.662506103515625 272.95001220703125 274.83123779296875 274.693756103515625 272.149993896484375 271.03125 269.14373779296875 268.068756103515625 266.71875 266.71875 266.100006103515625 266.056243896484375 268.524993896484375 271.65625 275.618743896484375 280.600006103515625 285.51251220703125 287.5 285.63751220703125 280.70001220703125 268.73126220703125 256.70623779296875 246.100006103515625 243.1875
316.45623779296875 314.26251220703125 313.40625 314.712493896484375 315.67498779296875 318.21875 323.556243896484375 327.975006103515625 334.931243896484375 342.318756103515625 348.51873779296875 354.73748779296875 356.70001220703125 354.91876220703125 347.39373779296875 338.40625 329.287506103515625 318.28125 307.4375 298.618743896484375 289.875 283.61248779296875 281.40625 280.725006103515625 278.76251220703125 277.11248779296875 275.91876220703125 273.38751220703125 271.625 270.149993896484375 267.88751220703125 265.318756103515625 264.78125 265.475006103515625 268.13751220703125 271.725006103515625 278.70001220703125 286.100006103515625 288.6875 285.756256103515625 276.78125 267.274993896484375 257.73126220703125 247.5625 243.837493896484375
321.868743896484375 319.399993896484375 319.51873779296875 321.625 324.34375 328.15625 334.337493896484375 338.89373779296875 346 353.82501220703125 359.53125 365.73126220703125 368.13751220703125 365.65625 357.681243896484375 346.17498779296875 338.681243896484375 329.975006103515625 320.993743896484375 313.381256103515625 303.212493896484375 295.01251220703125 289.92498779296875 288.39373779296875 284.39373779296875 280.806243896484375 278.475006103515625 276.681243896484375 275.537506103515625 273.5 270.6875 265.51873779296875 260.98126220703125 259.13751220703125 259.181243896484375 263.8125 272.71875 283.23748779296875 288.73126220703125 285.76873779296875 275.88751220703125 265.943756103515625 256.337493896484375 246.8125 241.881256103515625
323.63751220703125 322.75 323.51873779296875 326.600006103515625 330.82501220703125 335.9375 342.98126220703125 349.193756103515625 356.375 364.32501220703125 371.35626220703125 378.59375 382.20623779296875 380.337493896484375 371.28125 359.01251220703125 348.64373779296875 339.462493896484375 331.337493896484375 325.0625 315.48748779296875 306.14373779296875 298.41876220703125 295.256256103515625 290.943756103515625 284.20001220703125 279.912506103515625 278.962493896484375 278.96875 277.91876220703125 273.787506103515625 266.537506103515625 258.212493896484375 250.243743896484375 248.306243896484375 252.756256103515625 262.631256103515625 278.46875 290.712493896484375 284.037506103515625 270.881256103515625 261.337493896484375 251.4375 242.5437469482421875 238.625
319.368743896484375 319.681243896484375 322.931243896484375 327.98126220703125 333.21875 339.524993896484375 347.743743896484375 355.181243896484375 362.83123779296875 370.78125 379.51873779296875 390.23126220703125 397.649993896484375 396.75 387.73748779296875 375.087493896484375 359.806243896484375 345.39373779296875 339.443756103515625 333.318756103515625 326.243743896484375 316.15625 305.57501220703125 299.20623779296875 293.41876220703125 286.45001220703125 280.943756103515625 281.04376220703125 282.35626220703125 281.962493896484375 276.5 263 251.287506103515625 240.5187530517578125 234.6875 235.743743896484375 249.4250030517578125 265.54376220703125 276.73126220703125 273.76251220703125 262.287506103515625 253.6875 245.524993896484375 238.34375 235.0625
313.287506103515625 315.118743896484375 319.70623779296875 325.100006103515625 331.993743896484375 341.0625 349.57501220703125 359.118743896484375 368.38751220703125 376.45001220703125 386.881256103515625 399.26873779296875 410.58123779296875 415.8125 404.462493896484375 386.64373779296875 368.58123779296875 350.85626220703125 342.04376220703125 337.54376220703125 332.53125 323.537506103515625 308.33123779296875 300.57501220703125 294.125 288.381256103515625 284.83123779296875 284.600006103515625 286.60626220703125 287.42498779296875 282.17498779296875 265.41876220703125 248.0124969482421875 230.4812469482421875 219.212493896484375 221.1750030517578125 234.693756103515625 249.28125 258.95623779296875 258.29376220703125 251.475006103515625 244.1750030517578125 238.375 233.3249969482421875 230.743743896484375
307.399993896484375 308.931243896484375 314.51251220703125 321.100006103515625 330.181243896484375 340.96875 351.90625 361.306243896484375 370.943756103515625 379.73748779296875 389.662506103515625 403.76873779296875 420.149993896484375 433.350006103515625 417.806243896484375 391.118743896484375 368.068756103515625 352.399993896484375 343.26873779296875 338.60626220703125 329.725006103515625 318.600006103515625 308.774993896484375 300.618743896484375 293.931243896484375 288.29376220703125 286.818756103515625 288.04998779296875 288.162506103515625 287.57501220703125 280.08123779296875 265.90625 244.1374969482421875 220.9812469482421875 203.84375 208.1875 224.693756103515625 239.1374969482421875 246.9812469482421875 247.4812469482421875 241.5124969482421875 235.024993896484375 232.431243896484375 229.587493896484375 227.850006103515625
