data/historical-monthly-weather-data/wc2.1_cruts4.09_10m_prec_1972-07.asc
ncols        45
nrows        45
xllcorner    -63.500000000000
yllcorner    -7.500000000000
cellsize     0.166666666667
NODATA_value -9999
[rows 19 to 37 of 45, columns 0 to 43 of 45]
113.0187530517578125 114.8625030517578125 114.2937469482421875 113.65625 112.13124847412109375 113.3125 108.84375 106.8625030517578125 104.9812469482421875 100.18125152587890625 96.3249969482421875 95.21875 91.28125 87.27500152587890625 80.61875152587890625 73.09375 68.3874969482421875 73.09375 68.22499847412109375 65.59999847412109375 60.38124847412109375 62.47499847412109375 67.59375 71.8937530517578125 73.4499969482421875 71.13124847412109375 71.5749969482421875 75.375 76.3562469482421875 76.84375 82.40000152587890625 93.69374847412109375 98.75624847412109375 103.41249847412109375 109.6750030517578125 118.6374969482421875 124.31874847412109375 127.0749969482421875 127.1062469482421875 121.53125 110.46875 100.125 95.7624969482421875 89.81874847412109375
100.7375030517578125 108.22499847412109375 112.13124847412109375 109.30625152587890625 106.03749847412109375 106.96875 104.4812469482421875 103.0812530517578125 100.4375 97.1062469482421875 92.44374847412109375 91.3625030517578125 88.9187469482421875 84.31874847412109375 78.1062469482421875 72.21875 68.78125 68.15000152587890625 68.96875 64.2375030517578125 65.86875152587890625 67.83750152587890625 71.0749969482421875 76.3874969482421875 77.78125 74.5749969482421875 70.8937530517578125 73.83750152587890625 77.78125 80.36875152587890625 87.80625152587890625 95.6999969482421875 96.5812530517578125 101.81874847412109375 108.0437469482421875 114.8000030517578125 120.25624847412109375 120.2937469482421875 117.1687469482421875 111.28125 104.1374969482421875 98.5 92.59999847412109375 87.96875
96.24375152587890625 97.24375152587890625 102.4250030517578125 103.40625 102.65000152587890625 99.53125 97.90625 96.6750030517578125 95.4187469482421875 92.6875 90.1999969482421875 86.53125 83.30625152587890625 82.7624969482421875 80.09375 74.4875030517578125 73.2312469482421875 71.02500152587890625 70.3562469482421875 68.5749969482421875 66.6999969482421875 68.40625 71.83750152587890625 73.3937530517578125 72.8937530517578125 71.4375 74.43125152587890625 74.4812469482421875 80.8937530517578125 86.71250152587890625 90.625 94.2062530517578125 95.63124847412109375 98.7312469482421875 101.6374969482421875 108.9499969482421875 113.53749847412109375 114 111.33750152587890625 106.8312530517578125 101.1750030517578125 96.89374542236328125 92.46250152587890625 87.9250030517578125
91.68125152587890625 96.86875152587890625 99.61875152587890625 99.16249847412109375 97.66249847412109375 96.02500152587890625 89.875 88.68125152587890625 89.0500030517578125 90.50624847412109375 89.44374847412109375 86.0749969482421875 85.0625 83.22499847412109375 82.28749847412109375 79.8562469482421875 75.4187469482421875 71.5749969482421875 69.84375 69.83750152587890625 71.9250030517578125 71.2312469482421875 72.03125 73.1374969482421875 75.125 72.71250152587890625 72.8000030517578125 76.21875 79.7062530517578125 83.30625152587890625 86.90625 91.55625152587890625 92.0437469482421875 92.36875152587890625 96.21875 99.1750030517578125 104.65625 104.05625152587890625 104.3937530517578125 102.65625 98.625 93.1062469482421875 89.63124847412109375 85.46250152587890625
84.56874847412109375 91.79375457763671875 96.84375 95.5749969482421875 93.8000030517578125 90.49375152587890625 89.40625 86.7062530517578125 84.6374969482421875 83.24375152587890625 83.40625 85.99375152587890625 85.2624969482421875 85.0187530517578125 81.8562469482421875 79.4499969482421875 74.6999969482421875 73.69374847412109375 71.6062469482421875 73.0124969482421875 72.53125 74.34999847412109375 74.7062530517578125 77.96250152587890625 78.96250152587890625 75.8249969482421875 77.38124847412109375 76.1750030517578125 77.74375152587890625 80.2937469482421875 83.6750030517578125 86.88750457763671875 85.625 84.34375 89.8000030517578125 90.3312530517578125 95.9562530517578125 98.78125 99.1125030517578125 97.00624847412109375 94.43125152587890625 89.68125152587890625 86.875 82.4375
80.3125 88.02500152587890625 94.0625 93.69374847412109375 92.34375 87.8312530517578125 86.09999847412109375 83.8874969482421875 82.0749969482421875 82.6374969482421875 83.0124969482421875 81.1687469482421875 83.90625 83.25624847412109375 79.88124847412109375 75.94374847412109375 73.5124969482421875 73.56874847412109375 73.1875 73.52500152587890625 74.6687469482421875 75.6437530517578125 79.3937530517578125 80.5812530517578125 79.00624847412109375 79.93125152587890625 76.875 75.3312530517578125 74.8625030517578125 76.7062530517578125 76.18125152587890625 76.5625 78.0749969482421875 77.9250030517578125 79.59999847412109375 82.9187469482421875 88.8249969482421875 90.6875 92.28125 91.84999847412109375 88.5625 85.91249847412109375 83.74375152587890625 79.24375152587890625
80.66249847412109375 87.7062530517578125 88.77500152587890625 89.6437530517578125 88.0625 84.83750152587890625 82.88124847412109375 80.53749847412109375 78.09999847412109375 75.6999969482421875 79.66249847412109375 79.90625 78.86875152587890625 79.15000152587890625 77.1875 74.7312469482421875 72.02500152587890625 72.24375152587890625 72.9250030517578125 72.75 76.21250152587890625 78.09999847412109375 81.6374969482421875 82.97499847412109375 80.7687530517578125 78.75624847412109375 76.9250030517578125 73.7687530517578125 71.0187530517578125 70.02500152587890625 68.875 67.7312469482421875 67.6687469482421875 69.1437530517578125 73.1750030517578125 76.90000152587890625 81.78749847412109375 85.49375152587890625 86.7375030517578125 86.53125 86.11875152587890625 81.90000152587890625 78.9875030517578125 74.5749969482421875
76.72499847412109375 80.09999847412109375 83.22499847412109375 84.59999847412109375 83.0749969482421875 81.2312469482421875 80.08750152587890625 77.50624847412109375 73.91249847412109375 75.83750152587890625 78.31874847412109375 78.65000152587890625 78.28125 76.77500152587890625 74.33750152587890625 73.8937530517578125 71.61875152587890625 70.4875030517578125 71.8249969482421875 72.96250152587890625 74.2624969482421875 76.72499847412109375 81.28125 84.5812530517578125 80.63124847412109375 75.80625152587890625 73.3874969482421875 71 68.46250152587890625 64.5625 63.712497711181640625 60.0625 59.450000762939453125 64.19374847412109375 67.2062530517578125 72.18125152587890625 74.66249847412109375 78.34375 80.47499847412109375 81.6687469482421875 83.0187530517578125 80.0812530517578125 76.19374847412109375 71.4250030517578125
73.1999969482421875 73.3000030517578125 75.88124847412109375 78.6999969482421875 77.8000030517578125 76.8125 75.9875030517578125 73.6999969482421875 72.5749969482421875 73.58750152587890625 74.71875 74.125 74.33750152587890625 73.7312469482421875 71.22499847412109375 69.94374847412109375 68.7937469482421875 68.61875152587890625 67.93125152587890625 69.8312530517578125 73.3000030517578125 74.84375 76.09375 78.84999847412109375 77.38124847412109375 73.3562469482421875 70.72499847412109375 68.1999969482421875 65.53749847412109375 63.049999237060546875 60.631252288818359375 58.450000762939453125 57.950000762939453125 59.362499237060546875 62.65000152587890625 66.8249969482421875 69.08750152587890625 72.90625 75.7375030517578125 78.94374847412109375 80.0812530517578125 79.90000152587890625 74.3937530517578125 70.4562530517578125
68.9499969482421875 68.80625152587890625 71.83750152587890625 71.15625 71.7687530517578125 70.0812530517578125 69.0812530517578125 69.0500030517578125 68.33750152587890625 70.03749847412109375 70.69374847412109375 70.3937530517578125 71.0500030517578125 71.5437469482421875 69.5437469482421875 68.06874847412109375 67.83750152587890625 65.7937469482421875 66.0625 67.66249847412109375 69.8249969482421875 71.21250152587890625 73.1437530517578125 73.9187469482421875 72.93125152587890625 70.13124847412109375 67.6437530517578125 65.2375030517578125 64.4250030517578125 61.950000762939453125 58.69374847412109375 56.737499237060546875 55.737499237060546875 56.200000762939453125 58.77500152587890625 62.368747711181640625 64.84999847412109375 68.28125 70.78125 72 75.09999847412109375 72.96250152587890625 69.90000152587890625 66.46875
64.9562530517578125 66.5 67.96250152587890625 67.34375 66.24375152587890625 65.53125 64.1374969482421875 65.40625 66.125 66.58750152587890625 67.34999847412109375 68.66249847412109375 69.25 68.6374969482421875 67.1125030517578125 65.90625 64.55625152587890625 64.02500152587890625 63.19374847412109375 63.637500762939453125 66.13124847412109375 67.03125 68.71250152587890625 68.06874847412109375 67.65625 66.02500152587890625 63.481250762939453125 61.81874847412109375 61.174999237060546875 58.6875 56.393749237060546875 54.1875 53.081249237060546875 53.71250152587890625 55.143749237060546875 57.61875152587890625 61.668750762939453125 63.5 63.96875 65.53749847412109375 68.8625030517578125 67.96250152587890625 65.3937530517578125 61.731250762939453125
62.487499237060546875 63.293750762939453125 61.862499237060546875 63.21250152587890625 63.237499237060546875 63.11875152587890625 61.78125 61.71875 62.618747711181640625 63.575000762939453125 64.94374847412109375 65.55625152587890625 67.84375 65.9187469482421875 63.96250152587890625 63.47499847412109375 63.893749237060546875 61.22499847412109375 59.043750762939453125 60.71875 63.125 63.81874847412109375 64.3249969482421875 62.61875152587890625 61.47499847412109375 62.112499237060546875 60.09999847412109375 57.612499237060546875 55.825000762939453125 54.78125 53.21250152587890625 52.200000762939453125 51.66249847412109375 52.418750762939453125 53.27500152587890625 54.27500152587890625 56.768749237060546875 59.856250762939453125 58.9375 58.09375 60.09999847412109375 61.325000762939453125 59.706249237060546875 56.206249237060546875
60.0625 58.15625 56.72499847412109375 56.806247711181640625 57.90000152587890625 58.63124847412109375 58.93125152587890625 58.53125 59.93125152587890625 60.043750762939453125 61.68125152587890625 63.77500152587890625 64.44374847412109375 65.19374847412109375 63.768749237060546875 62.74375152587890625 61.9375 59.3125 56.462497711181640625 58.018749237060546875 58.625 59.450000762939453125 59.075000762939453125 57.49375152587890625 57.706249237060546875 56.84375 55.44374847412109375 54.456249237060546875 51.81874847412109375 51.231250762939453125 51.00624847412109375 50.15625 49.325000762939453125 49.93125152587890625 51.16249847412109375 51.34999847412109375 53.66249847412109375 53.362499237060546875 52.78749847412109375 53.71250152587890625 55.1875 54.875 53.52500152587890625 52.65625
57.793750762939453125 55.36875152587890625 53.174999237060546875 52.706249237060546875 53.6875 54.27500152587890625 55.1875 55.49375152587890625 55.34375 57.450000762939453125 60.168750762939453125 60.637500762939453125 62.049999237060546875 63.91249847412109375 63.18125152587890625 60.924999237060546875 58.706249237060546875 58.1875 56.643749237060546875 57.1875 56.74375152587890625 55.862499237060546875 54.375 53.65000152587890625 54.262500762939453125 53.05625152587890625 52.63124847412109375 50.81874847412109375 49.66249847412109375 48.487499237060546875 48.106250762939453125 47.18125152587890625 45.875 46.59999847412109375 48.46875 49.72499847412109375 49.36875152587890625 48.956249237060546875 48.81874847412109375 50.90625 52.08750152587890625 52.30625152587890625 49.606250762939453125 49.375
55.606250762939453125 53.325000762939453125 52.043750762939453125 51.46875 50.97499847412109375 50.00624847412109375 50.52500152587890625 49.84999847412109375 51.80625152587890625 52.700000762939453125 55.41249847412109375 57.731250762939453125 60.143749237060546875 60.987499237060546875 60.362499237060546875 57.94374847412109375 56.75624847412109375 55.80625152587890625 54.36875152587890625 54.21250152587890625 54.237499237060546875 52 51.53125 51.049999237060546875 50.03749847412109375 48.6875 48.28125 47.825000762939453125 46.78125 46.075000762939453125 45.69374847412109375 44.56874847412109375 43.44374847412109375 44.581249237060546875 45.950000762939453125 46.231250762939453125 45.03125 45.0625 46.262500762939453125 47.362499237060546875 48.799999237060546875 49.706249237060546875 49.36875152587890625 48.168750762939453125
53.981250762939453125 50.34375 50.30625152587890625 49.28749847412109375 49.174999237060546875 48.15625 47.262500762939453125 46.46250152587890625 46.375 47.549999237060546875 50.77500152587890625 54.793750762939453125 59.393749237060546875 61.25 58.981250762939453125 56.831249237060546875 55.19374847412109375 53.625 53.00624847412109375 51.66249847412109375 51.30625152587890625 50.49375152587890625 49.075000762939453125 48.16249847412109375 46.93125152587890625 45.293750762939453125 45.00624847412109375 44.65000152587890625 43.668750762939453125 41.200000762939453125 41.03125 41.625 41.424999237060546875 42.13124847412109375 42.28125 42.38124847412109375 42.24375152587890625 43.168750762939453125 43.53125 43.668750762939453125 44.31874847412109375 44.331249237060546875 46.13124847412109375 45.862499237060546875
51.43125152587890625 49.15000152587890625 49.612499237060546875 47.693752288818359375 47.15625 45.706249237060546875 44.84375 43.762500762939453125 43.293750762939453125 43.456249237060546875 46.25 51.13124847412109375 57.206249237060546875 57.65000152587890625 56.956249237060546875 55.206249237060546875 53.956249237060546875 51.862499237060546875 50.06874847412109375 49.03125 46.612499237060546875 46.956249237060546875 45.08750152587890625 43.793750762939453125 41.90625 41.88124847412109375 41.61875152587890625 41.299999237060546875 40.3125 38.4375 38.24375152587890625 39.200000762939453125 38.88124847412109375 39.66249847412109375 39.99375152587890625 39.362499237060546875 39.700000762939453125 40.075000762939453125 41.34375 41.581249237060546875 41.049999237060546875 41.59375 41.375 41.61875152587890625
48.362499237060546875 47.581249237060546875 47.46875 45.450000762939453125 44.837497711181640625 44.24375152587890625 43.137500762939453125 41.77500152587890625 40.481250762939453125 38.887500762939453125 42.00624847412109375 47.65000152587890625 52.387500762939453125 53.33750152587890625 53.71875 52.768749237060546875 51.237499237060546875 48.66249847412109375 46.77500152587890625 45.88124847412109375 43.393749237060546875 42.081249237060546875 40.71250152587890625 40.18125152587890625 38.46875 37.9375 37.825000762939453125 37.237499237060546875 36.481250762939453125 36.075000762939453125 35.71875 35.80625152587890625 35.49375152587890625 36.293750762939453125 36.674999237060546875 35.75 35.862499237060546875 37.575000762939453125 39.13124847412109375 38.75624847412109375 37.84375 38.28749847412109375 37.96875 39.16249847412109375
44.65000152587890625 44.9375 43.793750762939453125 43.52500152587890625 42.987499237060546875 42.25624847412109375 41.28125 39.84999847412109375 38.65625 36.4375 41.950000762939453125 46.78125 49.075000762939453125 50.19374847412109375 51.03749847412109375 50.393749237060546875 47.59375 46.612499237060546875 44.06874847412109375 42.856250762939453125 41.11875152587890625 39.33750152587890625 37.24375152587890625 36.799999237060546875 35.84999847412109375 35.11875152587890625 34.612499237060546875 34.11875152587890625 33.59375 32.862499237060546875 31.325000762939453125 31.987499237060546875 31.84375 32.84375 32.47499847412109375 31.456249237060546875 33.012500762939453125 34.237499237060546875 35.543750762939453125 35.59375 35.02500152587890625 36.34375 35.831249237060546875 34.043750762939453125
