data/historical-monthly-weather-data/wc2.1_cruts4.09_10m_prec_2003-01.asc
ncols        45
nrows        45
xllcorner    -63.500000000000
yllcorner    -7.500000000000
cellsize     0.166666666667
NODATA_value -9999
[rows 0 to 19 of 45, columns 0 to 43 of 45]
48.15625 44.61875152587890625 41.6875 39.65000152587890625 37.424999237060546875 36.856250762939453125 35.97499847412109375 34.706249237060546875 34.59999847412109375 35.112499237060546875 36.22499847412109375 38.799999237060546875 41.231250762939453125 42.831249237060546875 46.31874847412109375 50.575000762939453125 54.831249237060546875 57.918750762939453125 63.63124847412109375 69.2062530517578125 73.53749847412109375 78.50624847412109375 83.84375 89.81874847412109375 97.3249969482421875 104.8312530517578125 114.4375 125.69374847412109375 137.556243896484375 144.90625 152.2125091552734375 159.84375 166.5 174.881256103515625 182.0187530517578125 189.1437530517578125 193.725006103515625 197.024993896484375 199.8562469482421875 202.03125 203.3937530517578125 204.9499969482421875 205.4375 206.287506103515625
50.19374847412109375 46.5625 44.043750762939453125 41.918750762939453125 40.19374847412109375 39.75624847412109375 38.91249847412109375 38.27500152587890625 38.700000762939453125 39.325000762939453125 40 42.05625152587890625 44 46.112499237060546875 49.53749847412109375 53.299999237060546875 57.174999237060546875 62.375 69.3125 77.00624847412109375 82.5500030517578125 87.94374847412109375 94.13124847412109375 101.3937530517578125 108.44374847412109375 115.9562530517578125 125.93125152587890625 136.7624969482421875 147.462493896484375 154.712493896484375 160.7687530517578125 166.681243896484375 173.1687469482421875 182.618743896484375 189.5062408447265625 194.7937469482421875 201.8625030517578125 205.5749969482421875 207.3000030517578125 208.7375030517578125 210.381256103515625 211.3562469482421875 210.2624969482421875 210.3625030517578125
53.27500152587890625 50.043750762939453125 47.793750762939453125 46.075000762939453125 44.77500152587890625 44.450000762939453125 44.075000762939453125 43.956249237060546875 44.612499237060546875 45.293750762939453125 45.8125 47.53125 49.356250762939453125 51.02500152587890625 54.34999847412109375 57.58750152587890625 61.25624847412109375 66.0812530517578125 72.0812530517578125 79.75624847412109375 85.75624847412109375 92.1062469482421875 98.56874847412109375 105.99375152587890625 113.6687469482421875 121.6999969482421875 132.181243896484375 143.3125 153.274993896484375 159.34375 166.0500030517578125 172.443756103515625 180.2624969482421875 186.5812530517578125 195 200.46875 207.0437469482421875 212.2937469482421875 213.850006103515625 214.306243896484375 216.181243896484375 215.7937469482421875 214.368743896484375 213.100006103515625
56.18125152587890625 53.41249847412109375 52.28125 51.09375 50.549999237060546875 49.58750152587890625 49.71250152587890625 50.31874847412109375 51.581249237060546875 52.66249847412109375 52.674999237060546875 53.84375 55.16249847412109375 56.53125 59.81874847412109375 62.91249847412109375 65.81874847412109375 68.93125152587890625 74.15625 81.8562469482421875 88.9375 95.5 100.9375 109.43125152587890625 118.2687530517578125 127.3000030517578125 138.5124969482421875 148.587493896484375 158.600006103515625 164.9250030517578125 171 178.46875 185.5812530517578125 192.09375 198.818756103515625 206.1437530517578125 212.0187530517578125 217.8312530517578125 219.962493896484375 221.4250030517578125 221.193756103515625 220.818756103515625 218.5749969482421875 215.25
61.237499237060546875 57.96875 56.643749237060546875 56.21875 55.96875 55.606250762939453125 55.5 56.56874847412109375 58.71250152587890625 60.331249237060546875 59.6875 60.387500762939453125 61.65625 63.03749847412109375 66.21875 69.0437469482421875 71.24375152587890625 71.97499847412109375 76.90625 84.8125 92.5749969482421875 98.7312469482421875 104.31874847412109375 113.1062469482421875 122.5812530517578125 133.337493896484375 143.024993896484375 153.2624969482421875 165.287506103515625 171.125 176.943756103515625 181.631256103515625 189.712493896484375 197.4562530517578125 204.318756103515625 211.375 218.649993896484375 222.8249969482421875 225.087493896484375 226.024993896484375 227.493743896484375 225.131256103515625 222.412506103515625 217.5812530517578125
66.09375 63.46250152587890625 62.21250152587890625 61.356250762939453125 61.0625 60.77500152587890625 60.831249237060546875 61.518749237060546875 63.75624847412109375 65.81874847412109375 65.09999847412109375 66.43125152587890625 68.0124969482421875 69.8874969482421875 72.7312469482421875 76.2687530517578125 78.09999847412109375 77.75 82.53125 89.49375152587890625 96.5124969482421875 102.36875152587890625 108.7375030517578125 117.11875152587890625 127.0812530517578125 137.78125 147.9812469482421875 158.0749969482421875 169.4375 176.2687530517578125 181.381256103515625 186.4375 192.03125 199.40625 207.881256103515625 213.96875 220.1875 224.9562530517578125 227.4187469482421875 229.506256103515625 228.931243896484375 226.90625 223.1125030517578125 218.28125
71.2312469482421875 69.0749969482421875 68.0437469482421875 66.66249847412109375 65.71250152587890625 64.6875 64.43125152587890625 64.63124847412109375 66.0500030517578125 67.125 68.46250152587890625 71.2937469482421875 74.53749847412109375 77.41249847412109375 80.8249969482421875 84.88124847412109375 88.41249847412109375 90.11875152587890625 93.27500152587890625 96.3874969482421875 100.52500152587890625 106.15000152587890625 111.44374847412109375 120.25 130.875 141.1875 151.462493896484375 162.0749969482421875 172.375 178.90625 185.556243896484375 190.837493896484375 195.350006103515625 200.818756103515625 207.3937530517578125 214.4499969482421875 220.131256103515625 225.375 229.8249969482421875 230.399993896484375 228.9499969482421875 226.4562530517578125 222.662506103515625 217.962493896484375
77.1125030517578125 74.3937530517578125 73.1875 72.0500030517578125 70.8000030517578125 69.6875 68.3625030517578125 66.55625152587890625 66.38124847412109375 68.40000152587890625 71.81874847412109375 76.6437530517578125 81.55625152587890625 85.21250152587890625 89.28125 93.68125152587890625 98.40625 100.8125 103.71250152587890625 102.4499969482421875 104.1062469482421875 108.65000152587890625 114 123.28749847412109375 134.4499969482421875 144.6999969482421875 154.40625 164.6875 175.9812469482421875 182.9562530517578125 188.4375 194.0187530517578125 197.6374969482421875 201.9562530517578125 207.09375 213.318756103515625 218.9562530517578125 224.0749969482421875 227.6750030517578125 229.7687530517578125 229.6437530517578125 227.2937469482421875 223.7062530517578125 218.5437469482421875
82.8874969482421875 80.1687469482421875 78.93125152587890625 77.33750152587890625 76.19374847412109375 74.5749969482421875 72.91249847412109375 71.00624847412109375 70.0124969482421875 71.4562530517578125 77.0812530517578125 83.52500152587890625 90.03125 94.5437469482421875 97.1687469482421875 99.5812530517578125 102.33750152587890625 104.41249847412109375 106.4499969482421875 104.38124847412109375 105.55625152587890625 110.59999847412109375 116.125 127.09375 138.212493896484375 148.318756103515625 157.9187469482421875 167.193756103515625 178.2312469482421875 185.524993896484375 191.618743896484375 195.6999969482421875 198.7937469482421875 201.59375 205.4812469482421875 210.4499969482421875 216.3625030517578125 221.1875 224.8125 227.4875030517578125 227.5625 225.618743896484375 224.53125 221.6374969482421875
88.81874847412109375 86.0749969482421875 84.25 82.75 81.6687469482421875 80.3562469482421875 78.8562469482421875 77.6999969482421875 78.3000030517578125 81.1875 86.15625 93.0500030517578125 99.95000457763671875 104.8562469482421875 104.9499969482421875 104.31874847412109375 103.52500152587890625 103.61875152587890625 103.1750030517578125 102.0500030517578125 104.6437530517578125 110.48749542236328125 117.43125152587890625 129.8249969482421875 140.443756103515625 150.087493896484375 159.431243896484375 168.8312530517578125 178.6999969482421875 185.6374969482421875 191.1437530517578125 195.506256103515625 198.431243896484375 201.03125 204.274993896484375 208.0187530517578125 212.65625 217.287506103515625 220.875 223.8249969482421875 225.9499969482421875 225.225006103515625 224.6374969482421875 221.556243896484375
95.55625152587890625 92.8312530517578125 90.4499969482421875 88.65625 87.1999969482421875 86.3874969482421875 85.58750152587890625 85.875 88.0124969482421875 91.8562469482421875 97.6999969482421875 104.81874847412109375 110.7624969482421875 114.7937469482421875 111.7062530517578125 107.34375 102.8562469482421875 101.15625 99.375 98.03125 102.6125030517578125 109.2062530517578125 118.3562469482421875 130.1062469482421875 142.537506103515625 151.3312530517578125 159.8312530517578125 168.931243896484375 178.1437530517578125 183.4375 188.7375030517578125 193.712493896484375 196.693756103515625 199.0562591552734375 201.4187469482421875 205.3625030517578125 209.1125030517578125 212.3000030517578125 216.65625 220.493743896484375 223.0124969482421875 222.1374969482421875 222.399993896484375 220.587493896484375
102.4250030517578125 99.3125 97.0187530517578125 95.6437530517578125 94.41249847412109375 93.81874847412109375 93.96250152587890625 95.8874969482421875 99.4812469482421875 104.16249847412109375 110.7062530517578125 117.15000152587890625 119.8249969482421875 120.65000152587890625 116.1687469482421875 110.09375 104.71875 101.4562530517578125 99.15000152587890625 97.1125030517578125 101.4250030517578125 108.7937469482421875 119.6687469482421875 133.5187530517578125 144.78125 151.256256103515625 159.0500030517578125 167.462493896484375 176.631256103515625 182.90625 188.1374969482421875 192.5187530517578125 195.2375030517578125 197.1999969482421875 199.3312530517578125 203.0187530517578125 206.6125030517578125 209.3312530517578125 213.381256103515625 217.568756103515625 220.181243896484375 219.5812530517578125 217.6750030517578125 214.8312530517578125
110.1437530517578125 106.9499969482421875 104.75 103.16249847412109375 101.9499969482421875 102.6437530517578125 103.6125030517578125 105.80625152587890625 110.53749847412109375 116.54375457763671875 123.4375 127.6999969482421875 127.5749969482421875 124.03125 118.6875 112.33750152587890625 106.16249847412109375 103.2375030517578125 100.4499969482421875 97.9250030517578125 100.0749969482421875 108.33750152587890625 120.4875030517578125 132.5437469482421875 140.1437530517578125 146.6999969482421875 156.462493896484375 166.412506103515625 175.443756103515625 181.9875030517578125 187.2937469482421875 191.28125 193.0124969482421875 194.40625 196.0625 199.3937530517578125 202.2937469482421875 204.712493896484375 208.09375 211.912506103515625 215.4562530517578125 214.412506103515625 208.7375030517578125 202.65625
116.97499847412109375 113.9499969482421875 111.8125 110.33750152587890625 109.5124969482421875 110.2062530517578125 112.0625 115.80625152587890625 121.375 128.162506103515625 134.193756103515625 134.943756103515625 131.3874969482421875 126.40625 119.91249847412109375 114.0187530517578125 107.59375 105.0625 102.22499847412109375 100.2375030517578125 103.9875030517578125 111.8874969482421875 121.53749847412109375 131.5500030517578125 138.28125 145.6687469482421875 155.1125030517578125 164.6750030517578125 174.568756103515625 180.787506103515625 186.056243896484375 189.9375 190.7062530517578125 190.850006103515625 192.306243896484375 194.962493896484375 197.837493896484375 200.6437530517578125 202.90625 205.037506103515625 206.024993896484375 199.8312530517578125 195.46875 193.037506103515625
121.2624969482421875 118.4375 116.94374847412109375 115.8874969482421875 115.96250152587890625 117.49375152587890625 120.46250152587890625 124.3125 129.7437591552734375 135.806243896484375 141.5437469482421875 140.306243896484375 135.881256103515625 130.25 123.61875152587890625 117.4875030517578125 111.2062530517578125 108.18125152587890625 105.81874847412109375 104.93125152587890625 109.84999847412109375 116.71250152587890625 125.4250030517578125 133.4499969482421875 141.125 148.65625 156.975006103515625 166.274993896484375 175.25 181.875 186.600006103515625 189.243743896484375 190.287506103515625 189.3312530517578125 189.59375 191.3625030517578125 194.649993896484375 198.2624969482421875 200.1999969482421875 197.15625 191.475006103515625 188.1062469482421875 188.350006103515625 188.1062469482421875
124.63124847412109375 121.90625 121.0124969482421875 120.5187530517578125 121.30625152587890625 123.65000152587890625 127.38124847412109375 131.587493896484375 136.506256103515625 142.587493896484375 147.899993896484375 145.6062469482421875 140.4187469482421875 134.0437469482421875 127.8937530517578125 120.53749847412109375 114.7375030517578125 112 109.56874847412109375 109.11875152587890625 115.5437469482421875 122.91249847412109375 130.8874969482421875 137.78125 144.46875 151.381256103515625 158.5437469482421875 167.868743896484375 177.0500030517578125 184.09375 188.7062530517578125 190.431243896484375 188.350006103515625 186.34375 185.1750030517578125 188.431243896484375 192.006256103515625 194.7750091552734375 195.850006103515625 190.993743896484375 182.412506103515625 180.068756103515625 181.9562530517578125 181.28125
126.6750030517578125 124.43125152587890625 123.65625 123.9499969482421875 125.59375 128.587493896484375 133.056243896484375 137.6437530517578125 142.6062469482421875 148.125 153.462493896484375 150.899993896484375 144.9812469482421875 137.9812469482421875 132.0500030517578125 125.1687469482421875 117.05625152587890625 114.22499847412109375 112.8312530517578125 113.6875 120.50624847412109375 128.6374969482421875 136.368743896484375 141.868743896484375 148.15625 153.6374969482421875 159.65625 168.4562530517578125 178.462493896484375 186.3937530517578125 191.8312530517578125 193.006256103515625 188.5749969482421875 183.837493896484375 183.431243896484375 186.71875 189.431243896484375 193.3312530517578125 197.3312530517578125 190.4250030517578125 182.181243896484375 178.4562530517578125 176.993743896484375 175.881256103515625
126.9250030517578125 124.8874969482421875 124.2375030517578125 125.02500152587890625 126.5 129.9562530517578125 134.462493896484375 139.0749969482421875 144.21875 150.225006103515625 155.037506103515625 154.162506103515625 149.5 143.1999969482421875 137.1437530517578125 129.5500030517578125 121.15000152587890625 116.4250030517578125 116.49375152587890625 117.6374969482421875 125.3312530517578125 133.381256103515625 140.725006103515625 145.350006103515625 150.2624969482421875 155.3937530517578125 160.0187530517578125 169.6125030517578125 181.0187530517578125 190.3562469482421875 195.09375 191.631256103515625 186.09375 181.962493896484375 179.9375 182.7312469482421875 187.5500030517578125 191.506256103515625 193.149993896484375 190.162506103515625 182.4499969482421875 177.056243896484375 174.4187469482421875 173.037506103515625
125.34375 123.69374847412109375 123.46875 124.7937469482421875 126.7312469482421875 130.2687530517578125 133.975006103515625 138.9499969482421875 144.7312469482421875 151.1125030517578125 156.21875 155.0437469482421875 152.34375 148.8937530517578125 142.181243896484375 133.056243896484375 123.7937469482421875 118.6125030517578125 116.9499969482421875 119.19374847412109375 128.4375 137.524993896484375 142.1999969482421875 147.2937469482421875 151.71875 156.943756103515625 163.1062469482421875 171.306243896484375 182.75 192.9250030517578125 198.7375030517578125 192.9375 184.4187469482421875 175.75 171.7375030517578125 176.5 182.6687469482421875 186.443756103515625 189.743743896484375 187.65625 181.7624969482421875 175.6125030517578125 172.225006103515625 171
123.625 122.15625 122.2375030517578125 123.15000152587890625 125.5187530517578125 129.8249969482421875 133.8125 138.1125030517578125 144.024993896484375 150.537506103515625 155.568756103515625 155.3874969482421875 155.337493896484375 155.024993896484375 146.25 134.1062469482421875 123.69374847412109375 120.15000152587890625 118.7624969482421875 120.3874969482421875 128.1125030517578125 135.3562469482421875 142.4250030517578125 147.0812530517578125 151.65625 157.59375 163.8125 172.1687469482421875 180.725006103515625 188.1875 192.368743896484375 188.625 178.350006103515625 166.9499969482421875 160.9875030517578125 167.0500030517578125 177.368743896484375 185.28125 189.1062469482421875 187.9375 182.1999969482421875 174.568756103515625 171.9250030517578125 170.4375
