data/historical-monthly-weather-data/wc2.1_cruts4.09_10m_prec_2023-01.asc
ncols        51
nrows        45
xllcorner    -63.500000000000
yllcorner    -7.500000000000
cellsize     0.166666666667
NODATA_value -9999
[rows 20 to 39 of 45, columns 0 to 44 of 51]
242.993743896484375 247.875 253.006256103515625 259.8125 267.131256103515625 277.287506103515625 288.5 297.35626220703125 303.681243896484375 307.524993896484375 310.35626220703125 313.818756103515625 320.23748779296875 327.34375 317.149993896484375 297.20623779296875 282.662506103515625 274.100006103515625 272.01251220703125 269.975006103515625 272.506256103515625 273.89373779296875 275.42498779296875 286.15625 299.21875 313.40625 329.91876220703125 347.850006103515625 364.59375 376.256256103515625 378.85626220703125 374.5 359.287506103515625 342.537506103515625 328.89373779296875 354.76873779296875 394.368743896484375 424.17498779296875 433.600006103515625 427.39373779296875 411.024993896484375 392.40625 379.068756103515625 368.51873779296875 358.962493896484375
238.6062469482421875 242.068756103515625 247.0749969482421875 254.975006103515625 264.506256103515625 275.23126220703125 286.36248779296875 297.306243896484375 303.868743896484375 303.60626220703125 300.962493896484375 296.024993896484375 294.443756103515625 296.29998779296875 293.17498779296875 284.068756103515625 277.443756103515625 272.399993896484375 269.76873779296875 268.587493896484375 268.618743896484375 270.412506103515625 274.412506103515625 286.6875 301.381256103515625 317.725006103515625 337.881256103515625 353.868743896484375 366.98126220703125 373.34375 371.068756103515625 366.09375 359.068756103515625 355.70623779296875 357.037506103515625 382.58123779296875 424.243743896484375 459.787506103515625 468.36248779296875 456.225006103515625 434.33123779296875 411.399993896484375 393.79376220703125 379.524993896484375 367.25
234.556243896484375 237.8249969482421875 241.0749969482421875 248.6999969482421875 259.681243896484375 272.493743896484375 284.162506103515625 295.962493896484375 304.912506103515625 300.056243896484375 289.274993896484375 275.64373779296875 266.73748779296875 267.337493896484375 271.48126220703125 272.03125 269.725006103515625 267.54998779296875 265.743743896484375 264.568756103515625 265.5 266.899993896484375 270.14373779296875 282.881256103515625 300.462493896484375 320.53125 342.35626220703125 357.78125 368.23126220703125 369.23126220703125 365 361.88751220703125 367.5625 375.1875 388.51251220703125 414.41876220703125 457.5625 506.04376220703125 510.14373779296875 483.350006103515625 454.54998779296875 428.86248779296875 405 387.48748779296875 373.86248779296875
230.912506103515625 232.243743896484375 234.09375 242.225006103515625 254.8125 267.431243896484375 279.98748779296875 291.5625 298.26873779296875 290.818756103515625 277.25 262.10626220703125 245.537506103515625 249.131256103515625 258.73126220703125 263.07501220703125 263.618743896484375 262.975006103515625 262.13751220703125 261.63751220703125 261.46875 262.26251220703125 265.15625 277.556243896484375 296.51251220703125 317.03125 340.45001220703125 354.98748779296875 364.943756103515625 368.600006103515625 368.225006103515625 370.23748779296875 381.774993896484375 396.54998779296875 415.774993896484375 442.837493896484375 481.725006103515625 525.1187744140625 527.1812744140625 499.631256103515625 468.912506103515625 439.868743896484375 414.318756103515625 394.90625 382.024993896484375
228.524993896484375 228.725006103515625 228.931243896484375 239.318756103515625 254.59375 265.78125 275.89373779296875 284.75 287.399993896484375 282.149993896484375 271.493743896484375 259.29376220703125 249.1062469482421875 249.4875030517578125 254.5625 259 260.83123779296875 261.71875 260.58123779296875 258.3125 257.524993896484375 256.58123779296875 258.38751220703125 270.04998779296875 288.337493896484375 310.556243896484375 332.100006103515625 351.0625 364.212493896484375 372.70623779296875 377.881256103515625 386.03125 399.96875 418.725006103515625 440.618743896484375 463.48126220703125 494.537506103515625 518.8499755859375 518.83123779296875 501.15625 474.20001220703125 445.79376220703125 420.23126220703125 402.268768310546875 385.89373779296875
231.5437469482421875 234.118743896484375 235.662506103515625 245.1687469482421875 256.399993896484375 265.76251220703125 273.225006103515625 278.024993896484375 278.725006103515625 274.756256103515625 268.443756103515625 261.79998779296875 255.78125 254.53125 256.006256103515625 258.6875 260.84375 261.793731689453125 260.537506103515625 257.243743896484375 256.01251220703125 252.193756103515625 251.9187469482421875 260.92498779296875 279.91876220703125 303.85626220703125 328.381256103515625 348.943756103515625 366.274993896484375 375.712493896484375 388 401.212493896484375 420.15625 439.32501220703125 462.07501220703125 480.774993896484375 502.443756103515625 516.7437744140625 513.6875 498.5 476.118743896484375 448.162506103515625 421.16876220703125 404.10626220703125 392.4375
237.40625 240.8000030517578125 245.0625 252.412506103515625 260.04998779296875 266.899993896484375 272.524993896484375 274.368743896484375 274.14373779296875 272.743743896484375 269.443756103515625 265.993743896484375 262.76873779296875 261.818756103515625 261.662506103515625 263.256256103515625 264.649993896484375 265.068756103515625 264.32501220703125 259.63751220703125 255.8249969482421875 252.212493896484375 248.1125030517578125 255.2624969482421875 276.537506103515625 300.006256103515625 324.193756103515625 346.23126220703125 366.024993896484375 378.95001220703125 394.8125 410.76251220703125 434.91876220703125 456.67498779296875 477.79376220703125 496.024993896484375 513.6937255859375 522.51251220703125 515.2249755859375 502.0625 480.78125 451.443756103515625 425.256256103515625 409.17498779296875 409.037506103515625
245.431243896484375 248.34375 253.931243896484375 260.14373779296875 266 269.70001220703125 272.57501220703125 272.9375 272.95001220703125 271.83123779296875 270.306243896484375 269.40625 267.70001220703125 267.368743896484375 267.006256103515625 268.100006103515625 268.774993896484375 270.975006103515625 268.28125 264.481231689453125 261.76873779296875 256.337493896484375 255.84375 263.98126220703125 281.3125 301.67498779296875 324.337493896484375 345.45001220703125 366.04376220703125 382.681243896484375 398.20623779296875 415.350006103515625 441.83123779296875 465.85626220703125 489.79998779296875 507.79376220703125 522.1812744140625 531.3187255859375 524.98126220703125 510.149993896484375 491.318756103515625 462.8125 433.85626220703125 419.774993896484375 437.712493896484375
251.9875030517578125 255.5562591552734375 261.08123779296875 267.537506103515625 272.29376220703125 273.35626220703125 272.41876220703125 272.51873779296875 271.899993896484375 271.63751220703125 271.712493896484375 271.818756103515625 271.8125 273.8125 274.006256103515625 275.618743896484375 278.40625 278.774993896484375 276.712493896484375 272.83123779296875 269.243743896484375 264.375 264.256256103515625 273.5625 288.306243896484375 305.57501220703125 326.70001220703125 347.03125 368.34375 385.524993896484375 400.256256103515625 417.243743896484375 445.568756103515625 474.35626220703125 501.8125 519.3375244140625 535.51251220703125 545.01873779296875 539.9437255859375 525.42498779296875 503.618743896484375 476.84375 454.75 451.46875 472.16876220703125
257.54998779296875 260.82501220703125 267.443756103515625 274.493743896484375 278.04376220703125 276.14373779296875 273.125 272.48126220703125 271.756256103515625 271.23126220703125 272.73126220703125 275.20623779296875 277.26873779296875 280.40625 282.506256103515625 284.274993896484375 286.337493896484375 287.73126220703125 287.20001220703125 282.20001220703125 277.662506103515625 274.26873779296875 273.0625 281.36248779296875 294.8125 310.46875 329.256256103515625 347.96875 368.13751220703125 385.33123779296875 402.5 420.88751220703125 449.368743896484375 481.48126220703125 510.375 530.625 548.04376220703125 562.91876220703125 558.9312744140625 548.5374755859375 534.125 513.73748779296875 498.131256103515625 496.73748779296875 503.774993896484375
260.70623779296875 263.64373779296875 268.493743896484375 275.10626220703125 279.45001220703125 274.774993896484375 272.037506103515625 270.556243896484375 270.20001220703125 271.03125 274.01873779296875 278.056243896484375 282.04376220703125 285.681243896484375 289.3125 291.818756103515625 295.07501220703125 297.40625 297.181243896484375 292.42498779296875 286.6875 282.006256103515625 281.337493896484375 288.61248779296875 299.86248779296875 315.09375 332.40625 349.412506103515625 369.118743896484375 386.431243896484375 405.024993896484375 425.306243896484375 454.625 487.943756103515625 518.7750244140625 541.78125 561.61248779296875 581.5687255859375 582.9625244140625 576.7249755859375 569.39373779296875 554.3125 542.76873779296875 535.9437255859375 539.5562744140625
260.89373779296875 262.65625 265.931243896484375 269.98748779296875 271.881256103515625 269.26251220703125 268.756256103515625 267.037506103515625 267.61248779296875 269.431243896484375 273.350006103515625 278.837493896484375 284.71875 291.006256103515625 295.91876220703125 299.11248779296875 301.225006103515625 302.993743896484375 301.54998779296875 298.23126220703125 292.21875 287.45001220703125 286.90625 293.38751220703125 304.975006103515625 318.318756103515625 333.51251220703125 349.95001220703125 367.056243896484375 387.08123779296875 407.07501220703125 428.70001220703125 460.01251220703125 494.662506103515625 527.54998779296875 552.0562744140625 577.9312744140625 597.66876220703125 600.4375 600.39373779296875 604.13751220703125 594.6624755859375 586.56878662109375 585.76873779296875 589.51873779296875
257.07501220703125 258.306243896484375 261.23748779296875 263.912506103515625 263.98748779296875 262.431243896484375 261.287506103515625 260.54998779296875 260.75 265.131256103515625 272.256256103515625 279.84375 289.556243896484375 299.256256103515625 303.60626220703125 306.26873779296875 307.48126220703125 307.01251220703125 304.70001220703125 301.931243896484375 296.64373779296875 292.17498779296875 290.79998779296875 298.17498779296875 308.04998779296875 320.25 334.006256103515625 347.381256103515625 363.54376220703125 386.54998779296875 407.818756103515625 429.42498779296875 462.475006103515625 498.9375 531.76251220703125 559.0875244140625 585.1500244140625 606.82501220703125 610.39373779296875 621.15625 628.8687744140625 625.76251220703125 625.0062255859375 631.375 647.4625244140625
251.9562530517578125 252.975006103515625 254.9499969482421875 256.79376220703125 255.625 254.7312469482421875 254.149993896484375 253.318756103515625 254.3937530517578125 258.475006103515625 267.28125 280.537506103515625 294.5625 305.787506103515625 310.412506103515625 312.149993896484375 313.86248779296875 312.84375 308.725006103515625 304.631256103515625 300.024993896484375 296.15625 294.76251220703125 300.84375 309.46875 319.48126220703125 331.506256103515625 344.931243896484375 361.33123779296875 383.962493896484375 408.193756103515625 432.14373779296875 465.443756103515625 503.287506103515625 537.46875 565.35626220703125 590.7562255859375 611.0625 622.0374755859375 635.7437744140625 645.92498779296875 649.60626220703125 656.16876220703125 668.33123779296875 688.23748779296875
248.2312469482421875 248.149993896484375 249.375 249.5500030517578125 248.618743896484375 248.1437530517578125 246.681243896484375 245.6374969482421875 245.125 250.375 262.6875 279.993743896484375 300.01873779296875 314.85626220703125 318.90625 319.068756103515625 319.399993896484375 316.506256103515625 311.88751220703125 305.806243896484375 302.29998779296875 298.86248779296875 297.46875 302.10626220703125 309.5625 316.787506103515625 328.79376220703125 342.118743896484375 357.63751220703125 380.71875 406.625 434.01251220703125 468.78125 505.350006103515625 539.4437255859375 566.95623779296875 590.5625 616.41876220703125 630.33123779296875 643.0562744140625 656.25628662109375 661.9375 672.5625 686.25 701.53125
245.8562469482421875 244.8562469482421875 245.1437530517578125 244.5124969482421875 243.181243896484375 241.2062530517578125 239.65625 236.96875 235.274993896484375 239.462493896484375 254.118743896484375 276.82501220703125 301.162506103515625 318.51251220703125 323.712493896484375 324.600006103515625 323.70001220703125 319.881256103515625 314.36248779296875 307.693756103515625 303.412506103515625 300.818756103515625 298.73126220703125 301.5625 307.274993896484375 314.21875 324.850006103515625 337.274993896484375 352.36248779296875 375.92498779296875 403.493743896484375 431.3125 466.881256103515625 503.11248779296875 535.875 559.26873779296875 585.7249755859375 607.625 617.61248779296875 630.20623779296875 643.84375 652.2437744140625 662.1624755859375 676.26873779296875 686.2249755859375
243.5437469482421875 242.15625 241.125 239.96875 238.21875 236.368743896484375 235.15625 231.4875030517578125 227.34375 226.493743896484375 245.943756103515625 278.6875 304.34375 319.58123779296875 326.35626220703125 328.506256103515625 327.86248779296875 323.131256103515625 316.66876220703125 308.975006103515625 304.95001220703125 300.83123779296875 298.787506103515625 300.41876220703125 304.96875 311.274993896484375 321.01251220703125 333.08123779296875 347.212493896484375 371.75 399.78125 428.36248779296875 464.125 500.04998779296875 531.51251220703125 553.48748779296875 574.91876220703125 592.2125244140625 602.2874755859375 611.8499755859375 621.26251220703125 630.29998779296875 643.6187744140625 656.6875 663.73126220703125
241.15625 239.350006103515625 237.75 236.7937469482421875 235.381256103515625 234.9499969482421875 233.787506103515625 231.1875 228.6374969482421875 226.3249969482421875 259.03125 293.087493896484375 312.024993896484375 323.493743896484375 330.01251220703125 332.3125 331.149993896484375 326.618743896484375 320.09375 311.850006103515625 306.412506103515625 300.850006103515625 297.73126220703125 298.4375 301.899993896484375 307.681243896484375 316.100006103515625 327.14373779296875 340.868743896484375 366.71875 394.5 421.98126220703125 456.625 492.125 522.08123779296875 541.7125244140625 557.58123779296875 572.8125 582.35626220703125 589.67498779296875 596.0999755859375 607.1624755859375 617.95623779296875 627.34375 635.58123779296875
239.587493896484375 236.0437469482421875 235.125 234.318756103515625 233.6999969482421875 234.131256103515625 234.193756103515625 236.368743896484375 243.537506103515625 262.42498779296875 300.98126220703125 313.568756103515625 321.03125 328.931243896484375 334.10626220703125 335.631256103515625 335.431243896484375 329.524993896484375 321.96875 313.693756103515625 305.587493896484375 299.1875 295.681243896484375 296.037506103515625 298.64373779296875 303.70623779296875 312.36248779296875 323.20623779296875 336.875 362.14373779296875 387.51251220703125 412.29376220703125 441.568756103515625 469.86248779296875 499.368743896484375 516.38751220703125 528.9749755859375 542.41876220703125 549.3499755859375 553.03125 558.75 566.88751220703125 574.61248779296875 584.90625 591.98748779296875
238.306243896484375 234.5812530517578125 233.243743896484375 231.8937530517578125 232.943756103515625 235.15625 237.787506103515625 244.46875 257.45001220703125 278.287506103515625 302.568756103515625 318.17498779296875 326.59375 334.100006103515625 338.07501220703125 340.225006103515625 340.056243896484375 334.1875 324.524993896484375 314.76873779296875 303.16876220703125 296.25 292.26251220703125 292.149993896484375 295.01873779296875 299.493743896484375 308.33123779296875 319.693756103515625 332.51873779296875 355 377.274993896484375 401.0625 427.48748779296875 450.774993896484375 471.76873779296875 486.16876220703125 496.975006103515625 507.524993896484375 512.4312744140625 514.5374755859375 519.61248779296875 525.76251220703125 530.71875 538.57501220703125 545.2874755859375
