data/historical-monthly-weather-data/wc2.1_cruts4.09_10m_prec_1955-02.asc
ncols        51
nrows        45
xllcorner    -63.500000000000
yllcorner    -7.500000000000
cellsize     0.166666666667
NODATA_value -9999
[rows 20 to 39 of 45, columns 0 to 44 of 51]
250.443756103515625 256.70001220703125 266.53125 277.693756103515625 292.0625 306.087493896484375 321.28125 336.60626220703125 349.756256103515625 361.399993896484375 372.03125 387.475006103515625 405.13751220703125 421.59375 413.225006103515625 393.14373779296875 376.412506103515625 364.48126220703125 362.193756103515625 361.17498779296875 363.34375 364.443756103515625 363.693756103515625 362.899993896484375 362.76251220703125 363.818756103515625 366.42498779296875 369.024993896484375 372.66876220703125 373.725006103515625 366.26873779296875 350.96875 326.087493896484375 295.975006103515625 268.48126220703125 284.20623779296875 315.82501220703125 340.35626220703125 354.912506103515625 360.431243896484375 358.412506103515625 353.5625 349.40625 344.61248779296875 338.5625
244.84375 252.993743896484375 264.41876220703125 278.618743896484375 293.4375 308.818756103515625 324.868743896484375 341.03125 354.212493896484375 363.07501220703125 369.306243896484375 377.431243896484375 386.51251220703125 393.693756103515625 394.07501220703125 385.725006103515625 375.975006103515625 367.54998779296875 363.20001220703125 361.193756103515625 358.131256103515625 356.6875 357.649993896484375 356.36248779296875 356.88751220703125 359.756256103515625 364.375 368.287506103515625 373.693756103515625 376.600006103515625 373.20623779296875 359.39373779296875 338.70001220703125 317.475006103515625 303.23126220703125 312.5 334.38751220703125 351.73126220703125 360.056243896484375 361.837493896484375 359.743743896484375 355.54376220703125 350.556243896484375 344.649993896484375 338.84375
242.837493896484375 253 264.59375 279.6875 295.07501220703125 312.14373779296875 327.256256103515625 344.28125 358.162506103515625 362.54998779296875 362.837493896484375 363.143768310546875 363.818756103515625 368.3125 375.037506103515625 375.46875 371.412506103515625 366.36248779296875 361.38751220703125 356.60626220703125 352.41876220703125 348.46875 346.681243896484375 345.20623779296875 347.631256103515625 352.743743896484375 358.350006103515625 364.16876220703125 372.07501220703125 377.693756103515625 378.868743896484375 373.28125 356.737518310546875 343.67498779296875 341.75 351.53125 363.568756103515625 370.943756103515625 371.42498779296875 366.42498779296875 361.600006103515625 356.70623779296875 351.01873779296875 344.91876220703125 339.381256103515625
244.431243896484375 254.46875 266.5625 280.193756103515625 295.85626220703125 312.67498779296875 328.73748779296875 343.625 355.79376220703125 357.29998779296875 355.39373779296875 352.17498779296875 345.131256103515625 351.368743896484375 361.29998779296875 365.20001220703125 364.693756103515625 362.48126220703125 357.83123779296875 351.962493896484375 345.431243896484375 339.32501220703125 335.256256103515625 333.85626220703125 337.03125 340.89373779296875 349.199981689453125 357.693756103515625 366.024993896484375 373.756256103515625 377.82501220703125 375.806243896484375 367.181243896484375 362.35626220703125 367.350006103515625 380.287506103515625 387.837493896484375 385.40625 379.09375 370.79998779296875 364.381256103515625 357.868743896484375 352.29376220703125 347.20001220703125 343.28125
250.756256103515625 258.931243896484375 270.15625 284.04998779296875 300.38751220703125 314.35626220703125 328.75 341.5 349.28125 351.83123779296875 350.75 348 345.524993896484375 348.274993896484375 354.381256103515625 359.524993896484375 361.943756103515625 360 355.34375 348.67498779296875 340.66876220703125 331.29998779296875 323.67498779296875 320.70623779296875 323.068756103515625 331.887481689453125 340.0625 350.4375 359.118743896484375 366.23126220703125 369.600006103515625 368.79998779296875 368.337493896484375 370.15625 377.068756103515625 384.70001220703125 389.587493896484375 386.76873779296875 379.48748779296875 371.256256103515625 364.568756103515625 357.95623779296875 353.28125 350.524993896484375 345.39373779296875
263.662506103515625 270.46875 279.068756103515625 291.5 306.04998779296875 318.42498779296875 329.306243896484375 339.58123779296875 345.693756103515625 348.5 348.51251220703125 347.875 348.13751220703125 348.6875 353.95623779296875 358.056243896484375 360.79376220703125 358.818756103515625 355.14373779296875 347.98748779296875 337.506256103515625 324.29998779296875 312.375 305.89373779296875 311.806243896484375 322.76251220703125 334.625 343.61248779296875 352.462493896484375 357.5 359.8125 360.42498779296875 364.006256103515625 369.45001220703125 376.79376220703125 381.89373779296875 385.04376220703125 383.962493896484375 375.64373779296875 368.375 362.36248779296875 356.681243896484375 351.83123779296875 349.875 347.76251220703125
279.36248779296875 284.29376220703125 290.556243896484375 301.16876220703125 311.82501220703125 320.54998779296875 329.71875 336.41876220703125 341.725006103515625 345.70623779296875 347.75 347.912506103515625 348.86248779296875 350.13751220703125 354.5 359.587493896484375 362.056243896484375 360.5 356.225006103515625 348.45001220703125 336.287506103515625 322.11248779296875 306.5625 297.524993896484375 306.90625 318.41876220703125 329.1875 337.82501220703125 344.60626220703125 349.08123779296875 351.943756103515625 351.912506103515625 357.556243896484375 367.26873779296875 373.568756103515625 378.23126220703125 380.943756103515625 379.20623779296875 372.59375 365.375 359.100006103515625 353.087493896484375 348.118743896484375 345.95001220703125 348.256256103515625
296.38751220703125 298.568756103515625 303.412506103515625 310.42498779296875 317.29376220703125 322.57501220703125 329.912506103515625 336.649993896484375 341.024993896484375 345.462493896484375 347.39373779296875 347.89373779296875 348.48126220703125 349.587493896484375 354.79998779296875 360.73126220703125 363.537506103515625 363.96875 359.556243896484375 352.83123779296875 341.381256103515625 327.33123779296875 315.88751220703125 308.431243896484375 311.306243896484375 319.51251220703125 327.649993896484375 334.5625 339.54376220703125 343.45001220703125 345.78125 347.212493896484375 355.818756103515625 363.63751220703125 370.162506103515625 374.63751220703125 375.48748779296875 375.4375 368.66876220703125 360.975006103515625 354.787506103515625 349.85626220703125 345.17498779296875 344.63751220703125 350.84375
311.475006103515625 312.556243896484375 314.41876220703125 318.5 322.98126220703125 326.09375 331.33123779296875 336.21875 340.79376220703125 345.29376220703125 347.53125 347.79998779296875 347.618743896484375 349.943756103515625 356.225006103515625 363.837493896484375 368.88751220703125 368.512481689453125 366.60626220703125 360.04998779296875 349.67498779296875 336.431243896484375 327.868743896484375 321.399993896484375 319.63751220703125 322.91876220703125 328.774993896484375 333.32501220703125 338.04998779296875 341.0625 341.725006103515625 344.024993896484375 351.8125 360.11248779296875 367.90625 370.70001220703125 372.806243896484375 373.118743896484375 368.34375 359.537506103515625 350.38751220703125 344.85626220703125 343.83123779296875 347.725006103515625 356.85626220703125
321.89373779296875 320.58123779296875 320.806243896484375 322.256256103515625 325.743743896484375 328.08123779296875 331.28125 334.95623779296875 338.17498779296875 342.70001220703125 345.73126220703125 347.618743896484375 348.78125 352.04998779296875 359.07501220703125 365.056243896484375 371.14373779296875 374.350006103515625 373.67498779296875 367.07501220703125 356.11248779296875 345.131256103515625 337.4375 330.15625 326.162506103515625 326.79998779296875 329.86248779296875 331.98748779296875 334.818756103515625 337.056243896484375 339.537506103515625 342.54376220703125 349.36248779296875 357.86248779296875 364.725006103515625 368.46875 369.806243896484375 371.51873779296875 365.76873779296875 357.90625 353.90625 351.75 350.962493896484375 356.537506103515625 359.95001220703125
328.76873779296875 326.34375 323.875 324.23126220703125 325.431243896484375 327.70001220703125 330.23126220703125 333.51873779296875 336.337493896484375 339.868743896484375 345.024993896484375 348.725006103515625 352.01251220703125 354.368743896484375 360.212493896484375 367.10626220703125 373.64373779296875 378.46875 380.45623779296875 374.225006103515625 363.056243896484375 351.76873779296875 343.5 335.64373779296875 330.57501220703125 329.649993896484375 330.33123779296875 331.11248779296875 332.28125 334.54376220703125 337.45623779296875 341.3125 349.51251220703125 358.149993896484375 365.39373779296875 367.25 369.39373779296875 372.350006103515625 366.993743896484375 359.25 357.5 359.59375 361.037506103515625 363.15625 366.712493896484375
330.318756103515625 327.51873779296875 324.75 324.38751220703125 324.04998779296875 325.149993896484375 327.67498779296875 329.29998779296875 331.8125 336.60626220703125 341.86248779296875 347.23748779296875 352.287506103515625 356.67498779296875 362.193756103515625 369.36248779296875 372.587493896484375 376.587493896484375 378.587493896484375 375.462493896484375 365.8125 356.225006103515625 347.10626220703125 339.4375 334.399993896484375 331.681243896484375 330.29998779296875 329.631256103515625 329.837493896484375 333.4375 337.14373779296875 341.118743896484375 349.443756103515625 357.725006103515625 365.368743896484375 367.79998779296875 370.5625 372.76873779296875 367.806243896484375 365.14373779296875 367.71875 370.98748779296875 373.118743896484375 376.79998779296875 382.45623779296875
325.493743896484375 323.5 321.51251220703125 320.33123779296875 318.73748779296875 319.17498779296875 319.83123779296875 321.35626220703125 324.76251220703125 330.399993896484375 338.318756103515625 345.03125 353.20623779296875 359.98126220703125 364.79376220703125 368.13751220703125 369.412506103515625 373.45001220703125 373.649993896484375 371.5625 364.45001220703125 355.524993896484375 347.34375 339.57501220703125 334.774993896484375 331.70001220703125 329.11248779296875 328.34375 327.95623779296875 331.1875 336.01251220703125 340.0625 347.61248779296875 356.70001220703125 365.15625 369.274993896484375 372.193756103515625 373.100006103515625 370.068756103515625 373.399993896484375 377.587493896484375 381.85626220703125 386.899993896484375 393.712493896484375 406.86248779296875
320.46875 318.118743896484375 315.993743896484375 315.11248779296875 313.01251220703125 311.787506103515625 311.6875 312.875 314.725006103515625 320.899993896484375 330.381256103515625 341.36248779296875 353.58123779296875 361.975006103515625 365.631256103515625 366.85626220703125 366.149993896484375 368.59375 368.5625 366.806243896484375 359.86248779296875 351.506256103515625 344.76251220703125 337.368743896484375 332.95001220703125 329.79998779296875 326.96875 325.056243896484375 324.84375 329.375 334.85626220703125 339.71875 348.381256103515625 357 364.212493896484375 369.368743896484375 372.40625 374.26251220703125 374.6875 379.33123779296875 383.95623779296875 390.29998779296875 399.95623779296875 409.818756103515625 424.89373779296875
314.787506103515625 313.41876220703125 311.3125 308.725006103515625 306.9375 305.09375 302.86248779296875 302.26251220703125 302.931243896484375 308.48748779296875 320.712493896484375 337.29376220703125 354.21875 365.04376220703125 366.443756103515625 365.14373779296875 361.537506103515625 362.26873779296875 363 360.48126220703125 355.13751220703125 346.649993896484375 339.84375 332.35626220703125 328.82501220703125 325.193756103515625 323.01873779296875 321.625 321.431243896484375 326.98748779296875 332.45001220703125 339.59375 348.087493896484375 357.100006103515625 364.1875 368.337493896484375 370.98748779296875 376.61248779296875 379.662506103515625 382.85626220703125 388.443756103515625 394.537506103515625 404.59375 415.712493896484375 428.537506103515625
308.15625 307.51251220703125 305.087493896484375 301.693756103515625 298.881256103515625 297.1875 294.11248779296875 291.60626220703125 290.300018310546875 294.61248779296875 308.524993896484375 328.34375 348.649993896484375 361.53125 362.475006103515625 360.212493896484375 356.78125 356.475006103515625 354.600006103515625 352.774993896484375 347.03125 340.20001220703125 332.83123779296875 326.837493896484375 322.51873779296875 319.45001220703125 317.88751220703125 318.412506103515625 318.73748779296875 323.962493896484375 330.524993896484375 337.86248779296875 347.056243896484375 356.162506103515625 361.96875 365.14373779296875 371.03125 374.743743896484375 377.17498779296875 382.118743896484375 389.006256103515625 393.76251220703125 401.07501220703125 412.01873779296875 421.087493896484375
302.756256103515625 302.212493896484375 298.818756103515625 297.037506103515625 293.6875 291.20623779296875 287.58123779296875 283.649993896484375 279.58123779296875 276.850006103515625 295.712493896484375 323.774993896484375 343.14373779296875 353.84375 355.9375 353.368743896484375 349.83123779296875 348.6875 347.493743896484375 344.10626220703125 337.693756103515625 330.412506103515625 323.70001220703125 318.36248779296875 314.32501220703125 312.350006103515625 311.79376220703125 312.70623779296875 314.693756103515625 320.26251220703125 327.100006103515625 334.48126220703125 344.54998779296875 353.64373779296875 360.3125 365.48126220703125 369.118743896484375 372.443756103515625 375.04376220703125 378.787506103515625 383.556243896484375 388.53125 395.25 404.287506103515625 411.59375
298.20001220703125 297.89373779296875 294.899993896484375 292.524993896484375 290.01873779296875 287.243743896484375 284.125 280.76251220703125 278.556243896484375 273.806243896484375 303.07501220703125 331.91876220703125 343.631256103515625 348.993743896484375 349.90625 346.943756103515625 341.48126220703125 340.09375 337.11248779296875 332.41876220703125 326.26251220703125 318.693756103515625 313.01873779296875 308.33123779296875 305.587493896484375 304.51251220703125 304.66876220703125 306.962493896484375 310.01873779296875 316.98126220703125 322.875 330.70623779296875 340.631256103515625 350.375 356.818756103515625 362.46875 366.09375 369.5625 371.899993896484375 374.262481689453125 377.006256103515625 381.537506103515625 386.024993896484375 392.48748779296875 399.11248779296875
299.51873779296875 297.743743896484375 294.10626220703125 292.631256103515625 289.712493896484375 287.75 286.975006103515625 287.125 291.15625 306.53125 338.493743896484375 345.48748779296875 346.600006103515625 347.962493896484375 347.38751220703125 342.5625 337.14373779296875 333.51251220703125 328.118743896484375 322.212493896484375 314.45623779296875 306.850006103515625 302.475006103515625 298.212493896484375 296.381256103515625 297.29376220703125 298.8125 302.21875 306.75 313.59375 321.006256103515625 328.068756103515625 336.78125 345.79998779296875 354.712493896484375 359.53125 361.90625 365.681243896484375 366.600006103515625 365.95001220703125 368.0625 370.73126220703125 374.618743896484375 379.625 385.056243896484375
301.98748779296875 299.162506103515625 295.587493896484375 292.806243896484375 290.15625 289.475006103515625 289.462493896484375 293.350006103515625 301.08123779296875 316.662506103515625 334.524993896484375 342.787506103515625 346.09375 346.58123779296875 344.625 340.243743896484375 334.26251220703125 328.51873779296875 320.600006103515625 313.38751220703125 302.725006103515625 294.5625 289.48126220703125 286.34375 287.243743896484375 289.23748779296875 292.59375 297.45001220703125 303.45623779296875 310.368743896484375 316.931243896484375 325.86248779296875 336.412506103515625 344.412506103515625 350.818756103515625 355.274993896484375 356.725006103515625 358.350006103515625 359.04998779296875 356.8125 357.20001220703125 359.42498779296875 361.98126220703125 364.48748779296875 369.63751220703125
