data/historical-monthly-weather-data/wc2.1_cruts4.09_10m_prec_2023-05.asc
ncols        51
nrows        45
xllcorner    -63.500000000000
yllcorner    -7.500000000000
cellsize     0.166666666667
NODATA_value -9999
[rows 0 to 18 of 45, columns 0 to 43 of 51]
377.100006103515625 383.41876220703125 386.556243896484375 396.287506103515625 402.13751220703125 402.79376220703125 397.806243896484375 395.162506103515625 390.91876220703125 389.73126220703125 385.962493896484375 377.13751220703125 370.4375 364.462493896484375 355.962493896484375 349.556243896484375 341.875 333.100006103515625 327.368743896484375 324.51251220703125 323.087493896484375 321.40625 323.4375 322.037506103515625 322.16876220703125 324.274993896484375 325.07501220703125 327.70623779296875 327.943756103515625 332.38751220703125 332.743743896484375 335.868743896484375 341.41876220703125 345.45623779296875 348.71875 348.212493896484375 345.131256103515625 338.493743896484375 328.850006103515625 320.45001220703125 309.3125 298.46875 284.975006103515625 275.57501220703125
370.350006103515625 375.100006103515625 383.10626220703125 395.23126220703125 406.743743896484375 407.462493896484375 401.181243896484375 397.51251220703125 394.17498779296875 388.131256103515625 383.087493896484375 372.89373779296875 362.6875 353.10626220703125 342.10626220703125 332.01251220703125 322.368743896484375 312.5625 308.46875 305.787506103515625 304.95001220703125 305.13751220703125 305.475006103515625 307.11248779296875 307.34375 307.774993896484375 311.037506103515625 314.01251220703125 316.131256103515625 319.38751220703125 321.0625 328.6875 333.36248779296875 341.556243896484375 345.53125 339.100006103515625 336.368743896484375 328.95623779296875 319.98126220703125 305.243743896484375 292.568756103515625 284.09375 269.88751220703125 255.625
351.33123779296875 360.03125 372.34375 384.54376220703125 394.756256103515625 396.806243896484375 395.318756103515625 394.850006103515625 391.48126220703125 384.431243896484375 376.381256103515625 362.462493896484375 348.381256103515625 333.318756103515625 320.70001220703125 309.98126220703125 297.631256103515625 286.71875 281.76251220703125 279.26251220703125 278.881256103515625 281.16876220703125 282.118743896484375 283.20623779296875 283.70623779296875 286.98748779296875 292.475006103515625 295.162506103515625 296.63751220703125 301.48126220703125 305.58123779296875 312.78125 322.693756103515625 329.899993896484375 337.162506103515625 329.88751220703125 324.95623779296875 318.350006103515625 307.45001220703125 294.975006103515625 284.806243896484375 271.625 259.67498779296875 245.868743896484375
327.40625 334.381256103515625 354.274993896484375 367.13751220703125 379.13751220703125 380.693756103515625 381.21875 384.287506103515625 385.54376220703125 379.274993896484375 366.649993896484375 349.212493896484375 329.4375 311.91876220703125 297.506256103515625 284.20001220703125 270.131256103515625 259.881256103515625 254.3625030517578125 253.5625 257.225006103515625 258.28125 258.03125 260.056243896484375 261.100006103515625 263 269.79376220703125 271.912506103515625 274.57501220703125 283.618743896484375 290.51873779296875 299.08123779296875 308.3125 316.10626220703125 321.65625 320.193756103515625 316.462493896484375 309.36248779296875 299 287.443756103515625 275.61248779296875 265.4375 250.3562469482421875 236.056243896484375
324.462493896484375 328.287506103515625 331.20623779296875 344.149993896484375 359.212493896484375 360.15625 362.83123779296875 368.10626220703125 373.79376220703125 370.9375 352.493743896484375 328.54376220703125 309.58123779296875 291.57501220703125 275.71875 260.13751220703125 244.625 235.0812530517578125 229.493743896484375 229.6062469482421875 233.368743896484375 233.96875 233.100006103515625 238.024993896484375 238.443756103515625 240.6125030517578125 243.7375030517578125 249.875 254.8249969482421875 264.21875 274.6875 283.40625 292.82501220703125 304.76873779296875 313.28125 309.51251220703125 307.01251220703125 302.34375 293.131256103515625 281.15625 270.84375 257.399993896484375 243.2062530517578125 230.631256103515625
315.07501220703125 319.912506103515625 320.79376220703125 319.34375 334.01873779296875 339.681243896484375 341.40625 342.61248779296875 347.86248779296875 345.712493896484375 328.67498779296875 303.8125 287.350006103515625 271.29998779296875 254.2062530517578125 241.600006103515625 225.84375 216.087493896484375 211.931243896484375 213.193756103515625 215.34375 217.0812530517578125 218.631256103515625 219.649993896484375 221.3312530517578125 223.6687469482421875 227.625 232.3874969482421875 239.0500030517578125 249.8249969482421875 261.118743896484375 272.53125 282.98748779296875 295.293731689453125 304.48126220703125 303.587493896484375 300.73126220703125 296.64373779296875 291.89373779296875 281.04376220703125 268.78125 257.03125 243.1125030517578125 231.162506103515625
308.09375 311.67498779296875 311.506256103515625 310.51251220703125 313.787506103515625 311.725006103515625 310.899993896484375 310.118743896484375 302.98126220703125 300.381256103515625 290.76873779296875 274.48748779296875 261.73748779296875 248.493743896484375 234.806243896484375 222.09375 211.1437530517578125 204.225006103515625 199.662506103515625 200.681243896484375 200.8000030517578125 200.9187469482421875 200.037506103515625 202.9499969482421875 205.837493896484375 210.28125 213.443756103515625 217.868743896484375 222.2937469482421875 234.0812530517578125 246.8562469482421875 257.39373779296875 267.943756103515625 281.23126220703125 292.86248779296875 295.15625 292.59375 290.07501220703125 286.850006103515625 279.587493896484375 267.0625 254.381256103515625 241.90625 232.3874969482421875
300.193756103515625 303.056243896484375 302.118743896484375 303.118743896484375 305.068756103515625 301.068756103515625 288.787506103515625 270.9375 255.1374969482421875 254.28125 254.975006103515625 246.7624969482421875 239.0625 227.4812469482421875 216.7312469482421875 207.056243896484375 197.568756103515625 193.287506103515625 189.3874969482421875 187.087493896484375 188.475006103515625 187.193756103515625 186.2062530517578125 186.649993896484375 190.881256103515625 191.84375 197.600006103515625 201.4375 206.662506103515625 219.0500030517578125 232.149993896484375 243.28125 256 267.931243896484375 278.03125 280.09375 280.693756103515625 281.537506103515625 276.79998779296875 266.912506103515625 259.13751220703125 248.381256103515625 238.587493896484375 228.21875
293.306243896484375 296.681243896484375 296.90625 295.70623779296875 295.006256103515625 287.524993896484375 274.03125 257.431243896484375 236.3562469482421875 224.8312530517578125 225.8312530517578125 224.412506103515625 221.9250030517578125 212.46875 204.15625 197.618743896484375 190.5749969482421875 188.2375030517578125 186.8625030517578125 181.1125030517578125 177.6999969482421875 177.9875030517578125 174.243743896484375 178.5124969482421875 178.7687530517578125 178.8937530517578125 182.818756103515625 189.631256103515625 198.037506103515625 209.618743896484375 224.6687469482421875 235.28125 243.181243896484375 252.5500030517578125 264.443756103515625 268.5 270.931243896484375 273.26873779296875 271.125 261.1875 251.3249969482421875 241.8874969482421875 236.0999908447265625 229.993743896484375
285.67498779296875 291.04998779296875 290.85626220703125 290.29376220703125 285.818756103515625 277.068756103515625 264.03125 248.9187469482421875 234.0749969482421875 224.125 218.3125 210.03125 208.368743896484375 199.806243896484375 194.5124969482421875 188.006256103515625 182.3562469482421875 180.556243896484375 180.0999908447265625 177.8125 172.4562530517578125 167.78125 164.506256103515625 166.75 165.34375 165.475006103515625 169.65625 176.7937469482421875 186.787506103515625 201.46875 213.8937530517578125 223.8312530517578125 234.0749969482421875 243.899993896484375 252.75 256.96875 259.45001220703125 263.256256103515625 262.306243896484375 258.11248779296875 252.6999969482421875 247.118743896484375 236.5749969482421875 226.993743896484375
278.212493896484375 285.51873779296875 283.86248779296875 282.95623779296875 277.893768310546875 269.256256103515625 256.493743896484375 239.8625030517578125 226.9250030517578125 218.8562469482421875 212.806243896484375 206.618743896484375 196.2062530517578125 189.375 183.4875030517578125 177.712493896484375 173.375 172.6999969482421875 172.21875 172.0500030517578125 171.9250030517578125 164.462493896484375 157.7375030517578125 151.0500030517578125 153.4499969482421875 155.818756103515625 160.53125 167.84375 175.475006103515625 188.2375030517578125 202.274993896484375 214.181243896484375 223.568756103515625 232.6062469482421875 240.3625030517578125 242.693756103515625 245.9250030517578125 251.600006103515625 254.4562530517578125 253.274993896484375 250.25 244.3312530517578125 239.662506103515625 228.100006103515625
274.350006103515625 280.568756103515625 278.96875 277.162506103515625 273.01873779296875 260.875 249.993743896484375 236.40625 225.6437530517578125 214.375 207.3312530517578125 203.087493896484375 189.5500030517578125 181.350006103515625 177.2312469482421875 170.6875 166.5437469482421875 165.993743896484375 166.412506103515625 168.6374969482421875 170.493743896484375 166.024993896484375 158.2687530517578125 149.9250030517578125 145.5749969482421875 144.2687530517578125 148.9812469482421875 157.274993896484375 167.5124969482421875 179.65625 190.556243896484375 201.6750030517578125 210.2375030517578125 218.28125 227.649993896484375 233.056243896484375 238.3249969482421875 242.625 244.506256103515625 245.4375 245.931243896484375 241.1875 233.056243896484375 215.493743896484375
271.587493896484375 275.86248779296875 272.881256103515625 270.42498779296875 264.96875 254.5124969482421875 241.09375 226.7375030517578125 216.9812469482421875 208.78125 200.993743896484375 195.2312469482421875 185.318756103515625 170.7312469482421875 165.4499969482421875 162.399993896484375 158.649993896484375 158.5 158.9749908447265625 161.2937469482421875 165.0625 160.318756103515625 153.34375 145.28125 133.9875030517578125 130.6125030517578125 140.2062530517578125 150.318756103515625 162.024993896484375 174.5500030517578125 183.4875030517578125 190.875 197.5500030517578125 203.84375 213.118743896484375 221.131256103515625 228.0625 235.625 240.8125 242.5187530517578125 241.899993896484375 238.287506103515625 223.6999969482421875 209.774993896484375
263.3125 268.45001220703125 266.04376220703125 262.26251220703125 257.54998779296875 245.3000030517578125 230.993743896484375 217.4875030517578125 209.3000030517578125 200.774993896484375 189.4000091552734375 181.931243896484375 172.90625 162.5625 152.34375 151.412506103515625 148.1750030517578125 147.4375 149.212493896484375 151.8937530517578125 153.943756103515625 150.7062530517578125 145.5812530517578125 140.149993896484375 132.03125 128.037506103515625 135.2375030517578125 143.8125 154.9499969482421875 165.1374969482421875 176.0500030517578125 181.9812469482421875 187.6062469482421875 193.2624969482421875 200.5 210.850006103515625 221.5 231.9375 239.287506103515625 239.3000030517578125 230.71875 220.375 216.162506103515625 214.3312530517578125
256.399993896484375 263 260.818756103515625 255.899993896484375 249.7750091552734375 237.8000030517578125 225.7687530517578125 213.4937591552734375 203.3625030517578125 192.318756103515625 180.4375 172.1999969482421875 162.21875 152.1687469482421875 140.3937530517578125 138.806243896484375 137.2062530517578125 138.625 140.4187469482421875 142.40625 144.787506103515625 143.6437530517578125 141.4375 141.493743896484375 139.2624969482421875 137.806243896484375 142.8937530517578125 150.368743896484375 158.743743896484375 166.7062530517578125 171.1437530517578125 175.181243896484375 182.1687469482421875 183.8562469482421875 186.0437469482421875 193.3625030517578125 211.8937530517578125 227.0437469482421875 232.4375 229.149993896484375 220.037506103515625 216.556243896484375 220.1875 217.90625
249.0500030517578125 255.181243896484375 253.96875 249.631256103515625 242.412506103515625 231.9187469482421875 220.375 207.5500030517578125 195.84375 185.193756103515625 172.600006103515625 163.53125 153.725006103515625 145.0124969482421875 135.5187530517578125 126.2937469482421875 126.9812469482421875 131.4250030517578125 132.0500030517578125 133.9499969482421875 136.618743896484375 139.131256103515625 140.725006103515625 144.9499969482421875 145.5250091552734375 144.8000030517578125 149.506256103515625 155.225006103515625 162.537506103515625 170.3937530517578125 176.6750030517578125 178.7624969482421875 176.4499969482421875 173.712493896484375 173.818756103515625 190.462493896484375 202.5187530517578125 214.9875030517578125 222.6125030517578125 224.46875 220.1687469482421875 217.5437469482421875 217.912506103515625 212.056243896484375
243.4375 250.100006103515625 246.6624908447265625 242.9499969482421875 237.774993896484375 225.46875 212.625 199.287506103515625 188.96875 178.056243896484375 166.4812469482421875 158.443756103515625 148.4562530517578125 139.225006103515625 131.8625030517578125 124.81874847412109375 117.38124847412109375 120.94374847412109375 123.9499969482421875 126.5 129.8000030517578125 133.0187530517578125 138 146.875 152.1374969482421875 148.412506103515625 151.8125 158.056243896484375 165.274993896484375 172.412506103515625 179.0437469482421875 183.649993896484375 181.875 180.1687469482421875 189.318756103515625 195.899993896484375 206.7624969482421875 217.993743896484375 229.09375 225.162506103515625 219.350006103515625 214.9875030517578125 210.1062469482421875 207.975006103515625
237.568756103515625 245.8562469482421875 243.3874969482421875 238.306243896484375 232.75 222.84375 208.993743896484375 194.818756103515625 183.4250030517578125 173.0875091552734375 161.837493896484375 155.3249969482421875 144.1750030517578125 136.056243896484375 129.28125 123.27500152587890625 116.5 111.4812469482421875 118.5812530517578125 120.375 123.4250030517578125 127.7062530517578125 133.412506103515625 143.712493896484375 151.3562469482421875 150.881256103515625 152.256256103515625 160.1374969482421875 168.15625 172.350006103515625 172.506256103515625 173.21875 185.1125030517578125 191.625 196.6374969482421875 211.03125 221.28125 224.493743896484375 228.9375 226.5812530517578125 214.8874969482421875 209.412506103515625 204.8000030517578125 203.318756103515625
231.787506103515625 240.65625 237.4187469482421875 234.1125030517578125 229.443756103515625 218.131256103515625 205.412506103515625 192.4875030517578125 181.068756103515625 171.443756103515625 159.1812591552734375 148.431243896484375 138.75 131.350006103515625 125.19374847412109375 120.7687530517578125 116.1999969482421875 109.91249847412109375 109.1750030517578125 111.83750152587890625 115.8125 122.1999969482421875 121.7687530517578125 133.618743896484375 142.506256103515625 149.350006103515625 155.787506103515625 160.625 168.6437530517578125 172.306243896484375 174.3937530517578125 180.0124969482421875 189.600006103515625 195.506256103515625 202.6437530517578125 213.2062530517578125 217.118743896484375 217.6062469482421875 222.225006103515625 217.149993896484375 207.8125 201.1750030517578125 199.368743896484375 200.28125
