data/historical-monthly-weather-data/wc2.1_cruts4.09_10m_prec_2016-06.asc
ncols        45
nrows        45
xllcorner    -63.500000000000
yllcorner    -7.500000000000
cellsize     0.166666666667
NODATA_value -9999
[rows 19 to 37 of 45, columns 0 to 43 of 45]
113.8312530517578125 111.7312469482421875 110 107.2624969482421875 106.5749969482421875 109.19374847412109375 108.97499847412109375 106.9250030517578125 106.65000152587890625 104.41249847412109375 101.33750152587890625 99.2624969482421875 96.0124969482421875 92.40000152587890625 90.43125152587890625 84.13124847412109375 80.90625 84.9562530517578125 83.25624847412109375 87.03125 84.9499969482421875 91.33750152587890625 104.0187530517578125 113.52500152587890625 117.71875 122.69374847412109375 130.8000030517578125 147.75 153.34375 154.5124969482421875 160.0187530517578125 182.5999908447265625 189.350006103515625 190.9499969482421875 195.725006103515625 212.868743896484375 225.1999969482421875 223.993743896484375 218.59375 209.21875 190.3625030517578125 168.5500030517578125 168.4562530517578125 168.2312469482421875
109.3249969482421875 113.9375 115.63124847412109375 113.78749847412109375 109.58750152587890625 109.05625152587890625 109.96250152587890625 108.71875 107.40000152587890625 104.49375152587890625 102.8249969482421875 100.6437530517578125 97.3562469482421875 92.28125 88.4812469482421875 86.61875152587890625 82.6687469482421875 83.02500152587890625 87.6999969482421875 89 96.86875152587890625 103.8937530517578125 113.5749969482421875 126.7687530517578125 133.9562530517578125 135.59375 133.368743896484375 141.9187469482421875 150.9812469482421875 159.84375 168.3874969482421875 183.9375 179.28125 180.0500030517578125 183.34375 199.4875030517578125 213.943756103515625 218.1999969482421875 208.2624969482421875 197.53125 185.212493896484375 168.287506103515625 164.96875 165.712493896484375
111.34375 111.11875152587890625 115.5 117.5 115.05625152587890625 111.7375030517578125 110.3249969482421875 107.7687530517578125 106.2937469482421875 106.1062469482421875 104.5500030517578125 100.96875 97.4187469482421875 95.6062469482421875 94.56874847412109375 89.6687469482421875 93.51250457763671875 91.84375 96.5749969482421875 98.55625152587890625 100.5124969482421875 110.93125152587890625 120.375 127.11875152587890625 131.59375 134.899993896484375 143.25 146.2624969482421875 159.662506103515625 168.631256103515625 170.9375 171.53125 171.7687530517578125 178.600006103515625 179.693756103515625 188.28125 199.9375 209.1374969482421875 204.7375030517578125 196.568756103515625 184.3625030517578125 172.3249969482421875 168.2062530517578125 169.4499969482421875
113.1999969482421875 120.44374847412109375 124.61875152587890625 125.88124847412109375 123.3625030517578125 117.40000152587890625 108.75 104.3312530517578125 106.8125 106.46250152587890625 104.8000030517578125 104.6437530517578125 105.8125 105.6750030517578125 103.9562530517578125 101.15625 97.9875030517578125 97.1875 100.43125152587890625 104.83750152587890625 111.84375 115.81874847412109375 119.5437469482421875 127.5187530517578125 138.412506103515625 142.25 144.899993896484375 150.9812469482421875 160.693756103515625 160.7937469482421875 161.8312530517578125 165.993743896484375 164.806243896484375 165.9812469482421875 174.912506103515625 177.96875 183.993743896484375 194.1062469482421875 197.912506103515625 195.0812530517578125 184.6125030517578125 175.556243896484375 170.03125 166.90625
111.21250152587890625 120.4250030517578125 128.5 126.4562530517578125 122.2375030517578125 116.625 113.84375 109.24375152587890625 106.86875152587890625 104.33750152587890625 107.28125 111.65000152587890625 110.9812469482421875 112.65625 107.8874969482421875 105.1687469482421875 103.03125 105.40000152587890625 107.3312530517578125 109.7375030517578125 115.3312530517578125 122.2062530517578125 124.5749969482421875 137.4562530517578125 143.09375 144.5812530517578125 152.881256103515625 150.0500030517578125 152.6687469482421875 154.806243896484375 154.84375 157.443756103515625 159.7624969482421875 159.09375 166.5 168.024993896484375 176.9875030517578125 187.0500030517578125 188.4187469482421875 185.556243896484375 179.625 173.96875 169.8312530517578125 168.149993896484375
107.38124847412109375 119.0625 125.30625152587890625 127.96250152587890625 125.3249969482421875 120.06874847412109375 116.03749847412109375 113.7062530517578125 110.7375030517578125 111.71250152587890625 111.41249847412109375 112.8000030517578125 115.6999969482421875 113.1374969482421875 108.51250457763671875 106.1687469482421875 105.84999847412109375 105.8000030517578125 108.77500152587890625 113.5812530517578125 118.84375 122.9812469482421875 131.53125 142.34375 143.506256103515625 145.0812530517578125 147.4812469482421875 148.131256103515625 148.40625 150.0812530517578125 145.1125030517578125 143.1374969482421875 145.881256103515625 151.71875 157.524993896484375 163.024993896484375 170.3249969482421875 175.931243896484375 181.1750030517578125 180.431243896484375 176.34375 173.5187530517578125 172.125 165.850006103515625
107.6437530517578125 121.875 121.96250152587890625 124.5124969482421875 121.47499847412109375 118.375 114.2937469482421875 113.0124969482421875 107.9250030517578125 106.0187530517578125 109.90625 111.5187530517578125 113.93125152587890625 113.03749847412109375 110.90625 106.30625152587890625 106.0187530517578125 108.65000152587890625 111.75624847412109375 112.8249969482421875 118.75624847412109375 124.375 131.475006103515625 139.962493896484375 145.1125030517578125 144.2624969482421875 145.6374969482421875 145.881256103515625 142.149993896484375 141.056243896484375 135.75 133.068756103515625 136.4499969482421875 141.649993896484375 147.6062469482421875 157.443756103515625 165.4375 168.524993896484375 170.09375 174.2937469482421875 171.412506103515625 160.024993896484375 157.9250030517578125 158.024993896484375
103.8625030517578125 110.30625152587890625 115.0749969482421875 116.625 114.59999847412109375 113.1062469482421875 110.5187530517578125 105 102.65625 106.5187530517578125 110.73125457763671875 111.7624969482421875 111.5187530517578125 111.86875152587890625 111 109.6875 107.25 106.05625152587890625 109.93125152587890625 111.1437530517578125 114.52500152587890625 120.38124847412109375 128.5124969482421875 141.537506103515625 141.0500030517578125 140.5625 141.818756103515625 139.3874969482421875 135.818756103515625 132.7062530517578125 130.0749969482421875 123.8874969482421875 126.6687469482421875 133.0812530517578125 140.5437469482421875 148.4499969482421875 159.375 163.274993896484375 162.5625 168.59375 169.8874969482421875 161.912506103515625 154.0124969482421875 150.8937530517578125
100.58750152587890625 102.3125 105.84999847412109375 105.28125 104.3312530517578125 105.49375152587890625 104.9187469482421875 101.6062469482421875 101.3249969482421875 105.3125 107.38124847412109375 109.03125 108.1750030517578125 107.34999847412109375 106.1374969482421875 104.94374847412109375 103.1062469482421875 104.50624847412109375 104.34999847412109375 107.66249847412109375 112.25 115.19374847412109375 124.375 132.1125030517578125 134.3625030517578125 133.1125030517578125 133.899993896484375 131.3874969482421875 131.5812530517578125 130.3125 125.8125 122.05625152587890625 123.56874847412109375 125.5625 136.600006103515625 144.2312469482421875 155.1875 158.8249969482421875 161.5124969482421875 165.6875 167.6750030517578125 164.78125 149.75 148.9375
94.54999542236328125 98.1437530517578125 96.5 94.91249847412109375 95.9375 94.1875 95.49375152587890625 97.1437530517578125 99.6750030517578125 101.3625030517578125 104.0187530517578125 104.72499847412109375 105.47499847412109375 105.18125152587890625 103.88124847412109375 102.8625030517578125 102.4875030517578125 101.8312530517578125 103.78749847412109375 106.7062530517578125 108.19374847412109375 110.1374969482421875 114.72499847412109375 120.75624847412109375 123.97499847412109375 122.91249847412109375 126.61875152587890625 128.0562591552734375 126.8312530517578125 122.47499847412109375 117.2687530517578125 115.65000152587890625 117.25 123.86875152587890625 130.943756103515625 138.2312469482421875 151.337493896484375 152.5749969482421875 156.181243896484375 158.337493896484375 157.850006103515625 152.225006103515625 145.693756103515625 148.8625030517578125
87.71250152587890625 88.47499847412109375 87.7312469482421875 85.9499969482421875 86.15000152587890625 87.5500030517578125 88.6687469482421875 92.9375 94.5812530517578125 97.34999847412109375 99.8562469482421875 101.78749847412109375 103.1687469482421875 103.59999847412109375 101.33750152587890625 99.02500152587890625 97.8125 99.59375 97.74375152587890625 96.8000030517578125 100.83750152587890625 103.0124969482421875 106.63124847412109375 111.8937530517578125 113.1062469482421875 116.6687469482421875 118.6125030517578125 118.8125 118.4875030517578125 114.19374847412109375 110.6687469482421875 108.88124847412109375 113.31874847412109375 120.50624847412109375 129.8000030517578125 134.443756103515625 149.475006103515625 151.5187530517578125 147.7937469482421875 156.2375030517578125 154.8874969482421875 148.625 146.412506103515625 141.537506103515625
82.33750152587890625 81.2937469482421875 79.875 79.5 80.0187530517578125 81.2624969482421875 84.0812530517578125 87.15625 88.9250030517578125 92.71250152587890625 96 96.75 99.875 96.44374847412109375 95.75624847412109375 97.1687469482421875 96.9187469482421875 95.3874969482421875 93.99375152587890625 93.99375152587890625 95.27500152587890625 95.18125152587890625 98.0500030517578125 103.2624969482421875 105.40625 109.02500152587890625 109.94374847412109375 110.8625030517578125 110.00624847412109375 107.44374847412109375 108.2937469482421875 107.5749969482421875 110.71250152587890625 115.29999542236328125 123.5749969482421875 129.2937469482421875 141.806243896484375 147.875 145.25 142.318756103515625 145.25 140.024993896484375 137.100006103515625 134.337493896484375
76.1750030517578125 74.81874847412109375 72.9187469482421875 73.8562469482421875 76.5500030517578125 77.88124847412109375 79.8625030517578125 82.24375152587890625 84.9375 86.9187469482421875 88.19374847412109375 90.18125152587890625 90.47499847412109375 91.8125 93.02500152587890625 93.1750030517578125 90.34999847412109375 88.8000030517578125 88.18125152587890625 88.47499847412109375 88.94374847412109375 89.625 89.5124969482421875 93.125 97.4562530517578125 99.68125152587890625 101.91249847412109375 103.03125 102.2624969482421875 105.27500152587890625 104.78125 104.03125 108.34999847412109375 112.30625152587890625 119.0500030517578125 123.3125 132.100006103515625 134.912506103515625 136.931243896484375 136.837493896484375 140.475006103515625 136.6062469482421875 131.875 128.78125
68.1999969482421875 67.36875152587890625 67.6374969482421875 69.0437469482421875 69.8249969482421875 72.03125 74.68125152587890625 77.97499847412109375 79.3874969482421875 81.4562530517578125 85.7312469482421875 86.7312469482421875 88.0625 91.38124847412109375 92.70624542236328125 89.84375 86.6062469482421875 86.9250030517578125 86.09999847412109375 85.54375457763671875 83.68125152587890625 82.84375 83.72499847412109375 86.9250030517578125 89.46875 91.9187469482421875 93.4562530517578125 94.13124847412109375 95.3000030517578125 98.75 100.2375030517578125 98.6437530517578125 103.4562530517578125 110.1437530517578125 114.80625152587890625 118.53749847412109375 122.53125 125.03749847412109375 127.00624847412109375 132.4875030517578125 135.7687530517578125 131.625 125.0625 120.97499847412109375
60.28125 60.80625152587890625 63.0625 64.25 64.9375 67.0500030517578125 70.8874969482421875 72.94374847412109375 74.03125 75.47499847412109375 79.78749847412109375 83.78125 85.9812469482421875 87.2062530517578125 87.06874847412109375 87.03125 86.16249847412109375 84.25 81.34375 80.59999847412109375 79.6875 78.06874847412109375 79.4499969482421875 80.25624847412109375 83.0187530517578125 83.53125 86.5 87.58750152587890625 90.4250030517578125 93.38124847412109375 96.56874847412109375 98.22499847412109375 98.94374847412109375 103.31874847412109375 109.66249847412109375 113.1875 115.80625152587890625 117.5749969482421875 120.13124847412109375 123.33750152587890625 123.52500152587890625 123.1437530517578125 119.72499847412109375 110.43125152587890625
54.125 53.90000152587890625 57.0625 59.862499237060546875 60.987499237060546875 61.78125 64.02500152587890625 67.3562469482421875 68.96250152587890625 70.4812469482421875 76.875 81.9187469482421875 85.16249847412109375 89.84375 89.65000152587890625 87.18125152587890625 84.00624847412109375 79.78125 76.72499847412109375 73.0124969482421875 74.4499969482421875 71.8874969482421875 71.55625152587890625 72.36875152587890625 76.6875 78.15625 79.97499847412109375 80.16249847412109375 82.1999969482421875 85.15000152587890625 89.59999847412109375 93.28749847412109375 93.38124847412109375 96.90000152587890625 100.53125 105.04999542236328125 105.4187469482421875 112.1125030517578125 111.40625 114.25624847412109375 114.65625 111.59375 110.09375 104.7375030517578125
47.975002288818359375 47.793750762939453125 49.97499847412109375 52.606250762939453125 54.44374847412109375 56.03749847412109375 58.268749237060546875 60.299999237060546875 61.737499237060546875 63.831249237060546875 68.53749847412109375 77.58750152587890625 83.90625 87.63124847412109375 87.9499969482421875 85.93125152587890625 82.05625152587890625 76.02500152587890625 72.03125 67.6062469482421875 66.8125 67.53749847412109375 66.36875152587890625 66.8000030517578125 70.0437469482421875 71.0437469482421875 72.40000152587890625 72.8125 75.72499847412109375 78.30625152587890625 81.09375 84.99375152587890625 87.0437469482421875 88.90625 90.125 94.125 99.11875152587890625 100.41249847412109375 101.6437530517578125 104.9562530517578125 105.4499969482421875 101.75 99.96250152587890625 98.71250152587890625
40.856250762939453125 42.43125152587890625 43.356250762939453125 45.90625 48.418750762939453125 50.21875 52.22499847412109375 55.15625 56.96875 56.924999237060546875 64.6437530517578125 76.40625 83.7624969482421875 85.65000152587890625 85.9187469482421875 83.7624969482421875 80.56874847412109375 75.31874847412109375 70.59375 64.1062469482421875 62.02500152587890625 63.24375152587890625 61.90625 62.55625152587890625 63.200000762939453125 64.0500030517578125 66.91249847412109375 67.1999969482421875 67.9375 69.36875152587890625 74.31874847412109375 76.47499847412109375 79.4187469482421875 82.08750152587890625 82.96875 86.08750152587890625 90.3937530517578125 94.1062469482421875 93.13124847412109375 93.1437530517578125 93.28125 93.21875 89.54999542236328125 94.8125
34.5625 36.200000762939453125 38.012500762939453125 40.793750762939453125 42.75 45.08750152587890625 47.924999237060546875 50.825000762939453125 54.200000762939453125 54.77500152587890625 67.1999969482421875 78.4187469482421875 82.75624847412109375 85.4875030517578125 83.33750152587890625 80.99375152587890625 77.52500152587890625 73.2937469482421875 69.34999847412109375 64.08750152587890625 60.625 59.706249237060546875 57.456249237060546875 57.97499847412109375 57.75 59.487499237060546875 61.737499237060546875 61.71250152587890625 62.081249237060546875 62.6875 65.53125 70.2937469482421875 73.47499847412109375 74.4562530517578125 75.50624847412109375 78.61875152587890625 81.56874847412109375 83.4187469482421875 87.5500030517578125 85.89374542236328125 84.78125 85.99375152587890625 81.90000152587890625 81.4499969482421875
