data/historical-monthly-weather-data/wc2.1_cruts4.09_10m_prec_2014-01.asc
ncols        51
nrows        45
xllcorner    -63.500000000000
yllcorner    -7.500000000000
cellsize     0.166666666667
NODATA_value -9999
[rows 0 to 19 of 45, columns 0 to 43 of 51]
132.774993896484375 127.9250030517578125 121.0749969482421875 116.2624969482421875 110.5187530517578125 107.71875 103.72499847412109375 98.33750152587890625 94.0625 91.24375152587890625 89.5500030517578125 88.7687530517578125 87.43125152587890625 84.125 82.99375152587890625 83.15000152587890625 83.47499847412109375 82.59375 85.48749542236328125 88.3625030517578125 91.6062469482421875 95.81874847412109375 100.16249847412109375 104.47499847412109375 110.1750030517578125 115.5187530517578125 122.33750152587890625 130.506256103515625 138.9187469482421875 142.306243896484375 145.3937530517578125 148.3625030517578125 149.21875 151.162506103515625 151.975006103515625 154.0500030517578125 154.162506103515625 153.5 154.618743896484375 155.5500030517578125 156.024993896484375 157.6437530517578125 158.59375 160.1437530517578125
141.493743896484375 136.0124969482421875 130.2687530517578125 125.08750152587890625 120.75 118.5187530517578125 114.8874969482421875 111.40625 108.5749969482421875 105.9562530517578125 102.9187469482421875 100.4562530517578125 97.47499847412109375 94.81874847412109375 92.96250152587890625 91.65625 90.72499847412109375 91.375 94.36875152587890625 98.69374847412109375 103.18125152587890625 107.78125 113.0437469482421875 118.46250152587890625 123.22499847412109375 128.125 134.881256103515625 142.09375 148.8000030517578125 151.306243896484375 152.306243896484375 152.7687530517578125 152.568756103515625 154.431243896484375 154.024993896484375 153.625 154.7062530517578125 153.5187530517578125 153.568756103515625 153.8249969482421875 154.4375 155.649993896484375 155.537506103515625 156.5812530517578125
149.0124969482421875 143.943756103515625 138.5124969482421875 134.0437469482421875 130.568756103515625 129.068756103515625 127.2375030517578125 125.6875 123.75 121.49375152587890625 118.2687530517578125 114.75 111.2687530517578125 107.3562469482421875 104.59999847412109375 101.81874847412109375 100.1750030517578125 100.6374969482421875 102.86875152587890625 107.71875 112.84999847412109375 118.65625 124.05625152587890625 128.631256103515625 132.90625 137.181243896484375 143.6687469482421875 150.3937530517578125 155.53125 156.4562530517578125 157.649993896484375 158.087493896484375 158.4562530517578125 157.03125 157.274993896484375 156.375 156.40625 155.806243896484375 155.618743896484375 155.1374969482421875 155.912506103515625 156.5187530517578125 156.5812530517578125 157.0187530517578125
155.118743896484375 150.556243896484375 147.662506103515625 144.0124969482421875 142.1875 139.3312530517578125 139.5187530517578125 140.59375 140.787506103515625 139.9562530517578125 135.712493896484375 130.712493896484375 125.90625 121.1125030517578125 117.63124847412109375 113.86875152587890625 110.6125030517578125 109.34999847412109375 111.625 117.66249847412109375 124.46875 130.568756103515625 134.3312530517578125 138.931243896484375 143.0187530517578125 146.931243896484375 153.1875 157.787506103515625 162.1062469482421875 162.7624969482421875 163 164 163.1999969482421875 161.3249969482421875 159.587493896484375 159.556243896484375 158.4187469482421875 157.7062530517578125 157.8312530517578125 158.0437469482421875 157.3874969482421875 158.443756103515625 158.4499969482421875 157.8625030517578125
166.4812469482421875 159.84375 155.6999969482421875 153.5437469482421875 152.09375 151.350006103515625 151.462493896484375 154.368743896484375 157.46875 158.5625 153 146.818756103515625 141.8249969482421875 136.912506103515625 132.556243896484375 127.71875 122.84999847412109375 118.8000030517578125 122.15000152587890625 129.9562530517578125 137.90625 143.2312469482421875 146.6875 150.1062469482421875 153.21875 157.493743896484375 160.899993896484375 164.7062530517578125 170.1999969482421875 169.943756103515625 169.5437469482421875 167.5625 167.2312469482421875 166.024993896484375 163.9375 163.1875 162.6125030517578125 160.28125 160.4250030517578125 160.306243896484375 160.8874969482421875 160.9375 161.0749969482421875 159.774993896484375
174.7624969482421875 169.1125030517578125 164.9562530517578125 161.5437469482421875 159.8312530517578125 159.6062469482421875 160.5187530517578125 162.65625 166.1875 168.693756103515625 163.306243896484375 158.71875 154.375 150.5437469482421875 146.0437469482421875 143.0500030517578125 138.037506103515625 133.431243896484375 138.243743896484375 146.100006103515625 152.1875 155.7624969482421875 158.9562530517578125 160.350006103515625 162.662506103515625 165.587493896484375 168.84375 171.8562469482421875 176.09375 176.712493896484375 175.6062469482421875 174.0187530517578125 172.0500030517578125 171.28125 171.306243896484375 170.475006103515625 169.8125 168.506256103515625 168.931243896484375 169.631256103515625 168.7062530517578125 168.9375 168.149993896484375 166.6750030517578125
182.8874969482421875 177.649993896484375 173.912506103515625 169.1125030517578125 165.6875 163.8874969482421875 164.25 165.399993896484375 167.0812530517578125 167.4875030517578125 167.681243896484375 166.899993896484375 166.375 164.787506103515625 162.4187469482421875 161.193756103515625 160.100006103515625 160.90625 165.125 168.3000030517578125 168.1374969482421875 169.443756103515625 169.193756103515625 169.631256103515625 171.4250030517578125 172.59375 175.28125 178.2937469482421875 180.943756103515625 181.28125 181.725006103515625 180.568756103515625 178.431243896484375 176.9875030517578125 176.506256103515625 177.5 177.4250030517578125 177.3937530517578125 179.4875030517578125 179.037506103515625 177.399993896484375 177.037506103515625 175.943756103515625 174.25
192.1374969482421875 184.806243896484375 180.53125 176.368743896484375 172.306243896484375 170.5 168.462493896484375 164.875 162.9250030517578125 166 171.5500030517578125 175.5124969482421875 178.6999969482421875 178.9375 179.4187469482421875 180.431243896484375 183.0124969482421875 187.4875030517578125 194.0187530517578125 191.125 184.5 181.71875 179.4375 179.0625 180.1374969482421875 179.84375 181.2437591552734375 183.40625 186.756256103515625 187.5749969482421875 187.0500030517578125 186.462493896484375 184.493743896484375 183.1437530517578125 182.5749969482421875 184.0124969482421875 185.0187530517578125 185.850006103515625 187.5187530517578125 188.2937469482421875 187.5812530517578125 187.056243896484375 185.806243896484375 183.3312530517578125
200.131256103515625 192.7624969482421875 188.600006103515625 183.5124969482421875 179.850006103515625 176.818756103515625 173.9250030517578125 170.0625 166.0812530517578125 167.5 177.7937469482421875 185.0500030517578125 191.2062530517578125 193.3249969482421875 194.6437530517578125 195.962493896484375 198.462493896484375 202.8562469482421875 207.806243896484375 202.931243896484375 193.4250030517578125 189.618743896484375 186.0625 187.243743896484375 187.399993896484375 186.212493896484375 187.3625030517578125 188.381256103515625 191.6437530517578125 193.46875 194.3062591552734375 193.0749969482421875 191.7624969482421875 190.2312469482421875 189.806243896484375 191.287506103515625 193.712493896484375 195.318756103515625 197.431243896484375 198.943756103515625 198.5 197.71875 197.9187469482421875 196.681243896484375
207.837493896484375 200.524993896484375 195.1875 190.59375 187.25 184.8312530517578125 182.1999969482421875 179.993743896484375 179.4562530517578125 183.681243896484375 191.787506103515625 199.212493896484375 205.4250030517578125 208.475006103515625 209.443756103515625 210.181243896484375 210.4187469482421875 210.962493896484375 210.306243896484375 206.1750030517578125 197.662506103515625 193.681243896484375 191.0812530517578125 193.681243896484375 192.4375 190.125 191.100006103515625 192.5437469482421875 194.8312530517578125 197.181243896484375 198.368743896484375 198.4875030517578125 198.28125 197.90625 198.21875 199.743743896484375 202.1999969482421875 204.774993896484375 207.34375 209.443756103515625 210.962493896484375 210.6125030517578125 210.493743896484375 208.3312530517578125
216.53125 209.4250030517578125 203.1125030517578125 198.0749969482421875 194.09375 192.681243896484375 191.443756103515625 192.1999969482421875 194.725006103515625 200.462493896484375 209.725006103515625 217.2375030517578125 221.306243896484375 223.3249969482421875 222.712493896484375 221.381256103515625 218.756256103515625 215.4875030517578125 211.006256103515625 205.337493896484375 199.318756103515625 195.306243896484375 195.131256103515625 196.1999969482421875 197.243743896484375 193.443756103515625 193.649993896484375 195.1062469482421875 197.1687469482421875 198.6875 200.712493896484375 202.5187530517578125 203.725006103515625 204.506256103515625 205.337493896484375 208.2375030517578125 211.0437469482421875 213.2937469482421875 217.1374969482421875 220.5437469482421875 222.6437530517578125 221.4187469482421875 221.2937469482421875 219.4875030517578125
223.4562530517578125 216.181243896484375 210.4250030517578125 206.6437530517578125 203.256256103515625 201.837493896484375 202.09375 205.7937469482421875 210.5749969482421875 217.1125030517578125 227.287506103515625 236.631256103515625 238.118743896484375 237.4375 235.318756103515625 231.318756103515625 227.2375030517578125 219.931243896484375 213.4375 205.475006103515625 198.118743896484375 194.8000030517578125 196.9499969482421875 201.5124969482421875 201.056243896484375 194.587493896484375 194.7062530517578125 196.25 199.1875 202.625 205.506256103515625 207.6125030517578125 209.493743896484375 210.875 212.4250030517578125 215.8249969482421875 219.1687469482421875 221.6125030517578125 225.743743896484375 230.087493896484375 232.631256103515625 231.024993896484375 227.9562530517578125 224.337493896484375
231.368743896484375 224.6750030517578125 219.53125 215.5 212.3000030517578125 213.03125 214.3312530517578125 217.7624969482421875 223.931243896484375 232.0500030517578125 242.4375 251.712493896484375 253.0500030517578125 248.46875 245.125 240.3000030517578125 234.1999969482421875 226.6750030517578125 218.2312469482421875 208.2624969482421875 195.7624969482421875 193.587493896484375 197.431243896484375 199.818756103515625 195.0812530517578125 189.806243896484375 193.5749969482421875 198.006256103515625 201.725006103515625 206.4187469482421875 210.274993896484375 212.868743896484375 214.587493896484375 216.287506103515625 218.2375030517578125 221.993743896484375 225.225006103515625 227.962493896484375 231.96875 236.5437469482421875 240.524993896484375 237.7687530517578125 229.712493896484375 221.75
237.5187530517578125 231.875 227.1062469482421875 223.5187530517578125 221.15625 221.2312469482421875 223.5812530517578125 229.2312469482421875 236.2062530517578125 244.9187469482421875 253.274993896484375 259.95001220703125 259.92498779296875 257.17498779296875 251.850006103515625 247.6687469482421875 240.587493896484375 233.087493896484375 223.587493896484375 213.912506103515625 203.3312530517578125 199.256256103515625 198.1062469482421875 198 192.96875 189.787506103515625 194.1125030517578125 199.1374969482421875 204.868743896484375 210.0812530517578125 214.7312469482421875 218.068756103515625 219.6437530517578125 220.78125 223.399993896484375 226.975006103515625 230.743743896484375 234.4499969482421875 237.6374969482421875 240.6437530517578125 241.9187469482421875 232.65625 225.3625030517578125 220.8000030517578125
242.537506103515625 237.21875 233.431243896484375 230.34375 229.3874969482421875 230.537506103515625 234.256256103515625 239.381256103515625 245.9812469482421875 253.3312530517578125 261.45001220703125 266.20623779296875 266.806243896484375 264.79998779296875 259.193756103515625 254.0812530517578125 246.875 238.024993896484375 229.381256103515625 221.693756103515625 212.4562530517578125 205.3874969482421875 202.056243896484375 200.0187530517578125 197.662506103515625 195.8125 199.5812530517578125 205.125 210.587493896484375 216.7375030517578125 221.149993896484375 223.399993896484375 225.78125 226.09375 227.743743896484375 230.3000030517578125 234.5500030517578125 239.1374969482421875 241.256256103515625 237.350006103515625 230.0500030517578125 224.431243896484375 222.9875030517578125 221.2937469482421875
246.28125 240.912506103515625 237.9499969482421875 235.568756103515625 235.4875030517578125 237.4875030517578125 241.931243896484375 247.0437469482421875 252.7687530517578125 260.375 268.118743896484375 272.5 273.45001220703125 271.60626220703125 266.787506103515625 258.60626220703125 252.0187530517578125 243.6374969482421875 234.774993896484375 227.78125 220.649993896484375 213.443756103515625 208.21875 205.5124969482421875 203.15625 201.7624969482421875 204.931243896484375 211.4562530517578125 218.024993896484375 225.0625 229.662506103515625 231.056243896484375 230.024993896484375 229.46875 229.681243896484375 234 238.462493896484375 241.78125 242.0124969482421875 234.8312530517578125 223.193756103515625 219.25 220.4250030517578125 218.7375030517578125
247.837493896484375 243.1687469482421875 240.100006103515625 238.84375 239.975006103515625 242.6687469482421875 247.818756103515625 253.100006103515625 258.9375 265.66876220703125 273.743743896484375 278.82501220703125 279.90625 278.1875 273.649993896484375 266.037506103515625 254.0500030517578125 245.4499969482421875 238.8312530517578125 234.5187530517578125 227.381256103515625 220.6999969482421875 214.587493896484375 210.931243896484375 209.4499969482421875 207.46875 210.0812530517578125 216.8249969482421875 225.306243896484375 233.8125 239.631256103515625 240.5187530517578125 236.90625 233.2312469482421875 234.71875 239.037506103515625 242.287506103515625 246.7624969482421875 249.962493896484375 239.131256103515625 227.0124969482421875 221.600006103515625 219.15625 217.3125
248.837493896484375 244.375 241.5437469482421875 241.243743896484375 242.1374969482421875 245.881256103515625 251.381256103515625 256.8125 262.48126220703125 269.475006103515625 275.96875 283.162506103515625 285.63751220703125 284.462493896484375 279.4375 270.16876220703125 257.66876220703125 245.818756103515625 243.0625 239.9812469482421875 234.6750030517578125 227.875 221.274993896484375 217.5625 215.368743896484375 214.1437530517578125 215.475006103515625 223.837493896484375 234.725006103515625 244.9812469482421875 249.625 244.2687530517578125 239.3249969482421875 236.59375 236.1437530517578125 239.8562469482421875 245.8312530517578125 250.3937530517578125 250.1875 243.8562469482421875 231.8125 223.7375030517578125 219.3249969482421875 216.78125
246.806243896484375 242.8937530517578125 240.9250030517578125 241.8000030517578125 243.6999969482421875 247.9812469482421875 252.368743896484375 258.787506103515625 264.98126220703125 271.89373779296875 278.068756103515625 283.33123779296875 287.962493896484375 291.01873779296875 284.350006103515625 271.91876220703125 257.725006103515625 245.881256103515625 240.4375 240.4812469482421875 238.787506103515625 234.274993896484375 223.8874969482421875 222.212493896484375 220.818756103515625 220.993743896484375 224.962493896484375 232.024993896484375 243.493743896484375 254.693756103515625 260.350006103515625 251.4187469482421875 242.556243896484375 233.8874969482421875 230.8874969482421875 237.287506103515625 245.1687469482421875 249.46875 251.2937469482421875 245.756256103515625 235.493743896484375 225.7312469482421875 219.725006103515625 216.818756103515625
243.850006103515625 240.131256103515625 238.818756103515625 238.993743896484375 241.875 248.056243896484375 253.4187469482421875 258.875 264.91876220703125 271.506256103515625 276.818756103515625 282.4375 290.368743896484375 297.88751220703125 287.03125 268.618743896484375 252.21875 244.6687469482421875 240.743743896484375 240.3874969482421875 236.975006103515625 230.3874969482421875 225.212493896484375 224.274993896484375 224.493743896484375 226.9562530517578125 231.53125 239.306243896484375 247.350006103515625 254.681243896484375 257.712493896484375 250.962493896484375 239.6125030517578125 227.162506103515625 221.4562530517578125 229.7062530517578125 243.368743896484375 253.375 255.6875 250.9875030517578125 240.475006103515625 228.037506103515625 222.3562469482421875 218.631256103515625
