data/historical-monthly-weather-data/wc2.1_cruts4.09_10m_prec_2009-11.asc
ncols        45
nrows        45
xllcorner    -63.500000000000
yllcorner    -7.500000000000
cellsize     0.166666666667
NODATA_value -9999
[rows 20 to 39 of 45, columns 0 to 43 of 45]
152.7062530517578125 159.068756103515625 162.868743896484375 166.1687469482421875 168.5749969482421875 170.337493896484375 171.618743896484375 171.881256103515625 171.681243896484375 169.8625030517578125 166.6374969482421875 160.9250030517578125 153.8249969482421875 145.1062469482421875 138.03125 130.912506103515625 124.7687530517578125 121.6437530517578125 121.5812530517578125 120.83750152587890625 119.8249969482421875 117.125 112.9375 109.125 105.3312530517578125 100.5437469482421875 94.97499847412109375 87.71250152587890625 80.2624969482421875 75.53749847412109375 72.0187530517578125 70.9375 68.1125030517578125 65.34375 62.549999237060546875 60.174999237060546875 57.09375 53.97499847412109375 50.59375 47.25 43.825000762939453125 41.9375 39.99375152587890625 38.081249237060546875
146.9562530517578125 152.568756103515625 157.037506103515625 160.899993896484375 164.3249969482421875 166.53125 168.9499969482421875 170.225006103515625 171.993743896484375 171.837493896484375 169.90625 166.212493896484375 160.53125 152.2375030517578125 144.037506103515625 135.975006103515625 129.7937469482421875 125.3312530517578125 122.9375 121.41249847412109375 118.28749847412109375 115.2312469482421875 112.1750030517578125 108.19374847412109375 103.8562469482421875 99.22499847412109375 95.08750152587890625 89.09999847412109375 83.58750152587890625 80.4562530517578125 77.4875030517578125 76.3312530517578125 72.94374847412109375 70.25624847412109375 67.59999847412109375 64.6687469482421875 61.09999847412109375 57.331249237060546875 53.075000762939453125 49.231250762939453125 45.356250762939453125 43.03125 40.86875152587890625 38.91249847412109375
141.40625 148.03125 152.3562469482421875 156.431243896484375 160.3249969482421875 162.6999969482421875 164.881256103515625 167.96875 171.46875 172.462493896484375 172.6937408447265625 170.818756103515625 169.1374969482421875 162.0124969482421875 150.9499969482421875 140.9812469482421875 133.524993896484375 128.399993896484375 124.5124969482421875 121.49375152587890625 118.03125 114.53125 111.0500030517578125 106.875 103.1062469482421875 99.06874847412109375 95.09375 90.75 86.05625152587890625 83.86875152587890625 82.4812469482421875 81.71250152587890625 78.65000152587890625 75.6875 72.43125152587890625 69.2062530517578125 65.2062530517578125 60.28125 55.375 50.97499847412109375 46.893749237060546875 44.16249847412109375 41.69374847412109375 39.456249237060546875
135.725006103515625 141.7937469482421875 146.3312530517578125 150.09375 154.5 158.024993896484375 161.087493896484375 164.962493896484375 168.3125 170.443756103515625 171.9562530517578125 174.2312469482421875 175.7375030517578125 168.6062469482421875 156.1374969482421875 145.506256103515625 137.3937530517578125 131.8249969482421875 127 122.63124847412109375 118.75 114.8874969482421875 110.7062530517578125 106.5500030517578125 102.84375 98.84375 96.7624969482421875 92.3625030517578125 89.03125 87.8125 87.90625 87.8874969482421875 84.4187469482421875 80.71875 77.1374969482421875 73.59375 68.7312469482421875 62.34999847412109375 56.987499237060546875 52.08750152587890625 47.58750152587890625 44.762500762939453125 42.24375152587890625 39.96875
131.993743896484375 136.506256103515625 140.9250030517578125 144.9875030517578125 150.118743896484375 153.306243896484375 156.256256103515625 159.9562530517578125 163.8249969482421875 166.5812530517578125 169.2375030517578125 170.6999969482421875 171.712493896484375 167.25 157.381256103515625 147.71875 139.806243896484375 133.6750030517578125 128.6750030517578125 123.9499969482421875 119.40000152587890625 114.53125 110.61875152587890625 106.1687469482421875 102.0749969482421875 99.2937469482421875 97.34999847412109375 94.56874847412109375 91.72499847412109375 92.09999847412109375 92.7375030517578125 93.30625152587890625 89.47499847412109375 85.18125152587890625 80.6437530517578125 75.6875 70.0187530517578125 63.112499237060546875 57.637500762939453125 52.71875 47.950000762939453125 45.106250762939453125 42.90625 40.918750762939453125
130.75 134.4875030517578125 136.774993896484375 141.1062469482421875 145.1374969482421875 147.9250030517578125 150.5124969482421875 153.90625 157.6062469482421875 160.78125 163.475006103515625 165.4250030517578125 165.7624969482421875 163.1437530517578125 156.0187530517578125 148.3000030517578125 141.53125 135.6374969482421875 130.59375 125.875 120.75 115.53125 110.6999969482421875 105.40000152587890625 101.96250152587890625 99.84999847412109375 98.90625 97.18125152587890625 95.3625030517578125 96.46250152587890625 97.59999847412109375 98.38124847412109375 94.125 88.5625 83.1687469482421875 77.0187530517578125 70.3125 63.325000762939453125 58.15000152587890625 53.09375 48.375 45.543750762939453125 43.018749237060546875 41.325000762939453125
132.881256103515625 134.5812530517578125 136.0500030517578125 138.475006103515625 140.8312530517578125 142.899993896484375 146.1875 149.0124969482421875 151.6374969482421875 154.96875 158.6875 161.28125 162.350006103515625 161.3625030517578125 155.8312530517578125 148.881256103515625 143.0500030517578125 137.899993896484375 133.1875 128.1687469482421875 122.9499969482421875 117.69374847412109375 112.47499847412109375 107.4375 104.8937530517578125 102.9375 102.16249847412109375 101.00624847412109375 100.125 100.84999847412109375 102.4250030517578125 103.03749847412109375 97.9187469482421875 91.1875 84.05625152587890625 77.1750030517578125 70.00624847412109375 62.674999237060546875 57.81874847412109375 52.99375152587890625 48.362499237060546875 45.456249237060546875 42.924999237060546875 40.96250152587890625
135.5500030517578125 135.2687530517578125 135.3000030517578125 135.7624969482421875 136.8874969482421875 138.2062530517578125 140.899993896484375 143.8562469482421875 146.9562530517578125 150.375 153.40625 156.787506103515625 158.8874969482421875 159.15625 155.21875 149.5812530517578125 144.2312469482421875 140.056243896484375 135.6062469482421875 131.0749969482421875 126.4875030517578125 121.3249969482421875 117.46875 113.1750030517578125 109.9812469482421875 107.38124847412109375 106.3125 105.5749969482421875 104.7312469482421875 105.38124847412109375 106.34375 106.72499847412109375 100.4812469482421875 92.18125152587890625 84.3625030517578125 76.9499969482421875 69.34999847412109375 62.19374847412109375 57.0625 52.83750152587890625 48.65625 45.793750762939453125 42.46875 40.25
138.2312469482421875 136.0187530517578125 133.84375 132.818756103515625 132.649993896484375 133.506256103515625 135.6875 138.475006103515625 142.4375 145.8125 149.149993896484375 152.7687530517578125 156.118743896484375 157.381256103515625 154.34375 150.6125030517578125 146.8562469482421875 142.537506103515625 138.4875030517578125 134.4875030517578125 130.712493896484375 126.36875152587890625 123.26874542236328125 119.6687469482421875 116.02500152587890625 112.83750152587890625 111.91249847412109375 110.69374847412109375 109.9375 109.7624969482421875 110.31874847412109375 109.8249969482421875 102.00624847412109375 92.80625152587890625 84.3562469482421875 76.49375152587890625 68.7312469482421875 61.22499847412109375 56.11875152587890625 51.643749237060546875 47.862499237060546875 44.84375 41.97499847412109375 40.549999237060546875
141.5812530517578125 137.681243896484375 134.1875 130.78125 129.90625 130.8625030517578125 132.899993896484375 135.6875 139.5749969482421875 142.631256103515625 146.1750030517578125 150.462493896484375 154.506256103515625 157.25 155.4812469482421875 152.975006103515625 149.40625 146.3625030517578125 142.4375 138.850006103515625 135.8000030517578125 133.3562469482421875 131.0437469482421875 127.05625152587890625 123.40625 120.46250152587890625 119.21250152587890625 117.53749847412109375 116.08750152587890625 115.2687530517578125 114.46250152587890625 112.71250152587890625 104.0749969482421875 94.59375 85.38124847412109375 76.7062530517578125 68.2687530517578125 60.78125 54.9375 50 45.96250152587890625 44.325000762939453125 42.375 41.38124847412109375
144.162506103515625 138.962493896484375 134.4812469482421875 130.256256103515625 127.9375 129.34375 131.287506103515625 133.6125030517578125 136.7624969482421875 140.506256103515625 144.412506103515625 149.1875 154.25 156.9812469482421875 156.6812591552734375 155.5749969482421875 153.9875030517578125 150.8562469482421875 146.756256103515625 144.7624969482421875 142.943756103515625 141.337493896484375 139.6687469482421875 135.743743896484375 131.556243896484375 128.712493896484375 126.71875 124.90625 122.7687530517578125 120.49375152587890625 118.5187530517578125 115.75 106.21875 96.5812530517578125 86.46250152587890625 77.16249847412109375 68.43125152587890625 60.862499237060546875 54.4375 47.950000762939453125 44.03749847412109375 43.47499847412109375 42.481250762939453125 41.55625152587890625
146.1750030517578125 140.34375 135.2624969482421875 131.243743896484375 128.993743896484375 128.7937469482421875 130.225006103515625 131.84375 134.8874969482421875 138.431243896484375 142.5812530517578125 148.125 153.493743896484375 157.7312469482421875 159.40625 159.837493896484375 159.3562469482421875 156.6374969482421875 153.7249908447265625 152.3312530517578125 151.28125 149.9812469482421875 148.4812469482421875 144.3874969482421875 140.7312469482421875 137.28125 134.5625 132.2375030517578125 129.375 126.25 123 118.61875152587890625 108.6374969482421875 98.1062469482421875 88.09375 78.38124847412109375 69.2624969482421875 60.91249847412109375 53.924999237060546875 47.90625 44.43125152587890625 44.18125152587890625 43.637500762939453125 43.487499237060546875
147.681243896484375 142.2624969482421875 137.3625030517578125 133.6374969482421875 131.0437469482421875 129.9499969482421875 130.40625 131.4000091552734375 133.899993896484375 137.2687530517578125 142.5187530517578125 148.1437530517578125 154.6875 161.256256103515625 163.899993896484375 165.931243896484375 166.306243896484375 165.5437469482421875 163.8125 162.6999969482421875 161.806243896484375 160.024993896484375 157.78125 153.8125 150.34375 146.7687530517578125 143.6687469482421875 140.7062530517578125 137.8937530517578125 133.4375 128.7624969482421875 123.15625 112.5187530517578125 101.3937530517578125 91.28749847412109375 81.4562530517578125 72.2624969482421875 63.3125 56.43125152587890625 51.77500152587890625 48.16249847412109375 47.625 47.44374847412109375 47.80625152587890625
148.625 143.90625 139.375 136.1062469482421875 133.03125 131.443756103515625 130.4812469482421875 130.9562530517578125 133.149993896484375 136.149993896484375 141.1125030517578125 148.568756103515625 156.7937469482421875 163.912506103515625 168.193756103515625 171.96875 174.743743896484375 174.9812469482421875 174.25 173.7937469482421875 172.5187530517578125 170.4875030517578125 168 163.78125 160.2375030517578125 156.350006103515625 153.2624969482421875 149.6999969482421875 146.381256103515625 140.568756103515625 134.5812530517578125 128.21875 117.0625 105.53749847412109375 95.09999847412109375 85.2624969482421875 75.3625030517578125 65.7375030517578125 60 55.924999237060546875 52.112499237060546875 51.43125152587890625 51.6875 52.34375
150.3937530517578125 146.181243896484375 142.03125 138.381256103515625 135.3562469482421875 133.037506103515625 131.068756103515625 130.756256103515625 131.53125 134.7062530517578125 140.3937530517578125 149.53125 159.162506103515625 168.5124969482421875 174.8687591552734375 179.212493896484375 183.756256103515625 184.993743896484375 185 184.850006103515625 183.806243896484375 181.4499969482421875 178.3312530517578125 173.4250030517578125 169.125 165.6875 161.84375 158.5500030517578125 154.556243896484375 147.649993896484375 140.806243896484375 133.2375030517578125 121.49375152587890625 110.09999847412109375 98.8249969482421875 88.34999847412109375 78.2312469482421875 69.80625152587890625 64.52500152587890625 60.13124847412109375 56.46250152587890625 55.387500762939453125 55.3125 55.58750152587890625
154.006256103515625 149.9250030517578125 146.0437469482421875 142.28125 139.1312408447265625 136.6437530517578125 134.3249969482421875 132.256256103515625 131.8000030517578125 133.725006103515625 140.212493896484375 150.6062469482421875 162.5812530517578125 174.006256103515625 181.0187530517578125 187.787506103515625 192.46875 194.693756103515625 195.993743896484375 197.193756103515625 195.6062469482421875 191.4499969482421875 187.3249969482421875 182.443756103515625 178.087493896484375 174.3312530517578125 170.712493896484375 167.681243896484375 163.850006103515625 155.3874969482421875 148.03125 139.4812469482421875 128 116.50624847412109375 104.6687469482421875 94.33750152587890625 86.15000152587890625 77.9187469482421875 72.375 68.1437530517578125 64.5749969482421875 63.043750762939453125 62.3125 62.1875
157.9499969482421875 154.350006103515625 150.912506103515625 147.5062408447265625 144.1750030517578125 141.493743896484375 138.368743896484375 135.337493896484375 133.2375030517578125 132.118743896484375 140.09375 155.587493896484375 168.6062469482421875 179.34375 187.5812530517578125 195.162506103515625 201 203.59375 205.537506103515625 206.65625 204.318756103515625 199.649993896484375 195.1750030517578125 190.1875 185.818756103515625 182.743743896484375 178.681243896484375 176.4187469482421875 172.2937469482421875 163.6374969482421875 154.9875030517578125 146.65625 134.8312530517578125 123.4812469482421875 111.72499847412109375 102.41249847412109375 94.63124847412109375 87.03125 81.7624969482421875 76.73749542236328125 72.6062469482421875 70.52500152587890625 69.25 68.78749847412109375
163.6062469482421875 159.943756103515625 156.475006103515625 153.4250030517578125 150.100006103515625 147.4250030517578125 144.506256103515625 141.381256103515625 139 136.5374908447265625 149.568756103515625 166.625 177.181243896484375 186.6062469482421875 194.875 202.756256103515625 209.193756103515625 211.5812530517578125 212.9187469482421875 212.2937469482421875 210.2937469482421875 206.2937469482421875 202.1062469482421875 196.712493896484375 192.9312591552734375 190.15625 186.381256103515625 184.375 180.850006103515625 172.256256103515625 161.2687530517578125 152.162506103515625 141.162506103515625 130.212493896484375 119.125 111.09999847412109375 104.06874847412109375 96.7062530517578125 91.98749542236328125 87.0812530517578125 81.6875 79.3000030517578125 76.84375 75.31874847412109375
169.287506103515625 165.756256103515625 163.006256103515625 160.131256103515625 156.868743896484375 154.5437469482421875 152.5625 150.7624969482421875 152 158.5749969482421875 173.9187469482421875 181.524993896484375 188.056243896484375 195.912506103515625 202.837493896484375 209.537506103515625 215.431243896484375 217.375 217.46875 216.9875030517578125 214.131256103515625 209.8562469482421875 206.375 202.006256103515625 197.587493896484375 195.162506103515625 191.850006103515625 189.806243896484375 186.912506103515625 178.75 169.412506103515625 160.71875 150.71875 140.75 132.53125 125.5 118.1062469482421875 111.83750152587890625 106.75624847412109375 100.3000030517578125 94.50624847412109375 92.1750030517578125 88.90625 87.2937469482421875
175.0124969482421875 171.962493896484375 169.4875030517578125 166.756256103515625 164.712493896484375 163.587493896484375 162.3000030517578125 162.7937469482421875 166.5437469482421875 173.631256103515625 183.524993896484375 191.8249969482421875 198.1374969482421875 205.024993896484375 211.125 216.625 222.243743896484375 223.28125 222.7937469482421875 222.006256103515625 218.03125 213.6062469482421875 209.274993896484375 204.943756103515625 202.03125 199.381256103515625 196.34375 194.837493896484375 192.225006103515625 184.7687530517578125 176.3937530517578125 171.1437530517578125 164.087493896484375 155.587493896484375 148.818756103515625 141.6999969482421875 134.1875 127.36875152587890625 122.30625152587890625 114.71875 108.3874969482421875 105.5500030517578125 102.0124969482421875 99.3000030517578125
