data/historical-monthly-weather-data/wc2.1_cruts4.09_10m_prec_2003-05.asc
ncols        45
nrows        45
xllcorner    -63.500000000000
yllcorner    -7.500000000000
cellsize     0.166666666667
NODATA_value -9999
[rows 0 to 19 of 45, columns 0 to 44 of 45]
389.243743896484375 389.181243896484375 389.45623779296875 396.89373779296875 400.85626220703125 402.42498779296875 398.78125 397.543731689453125 395.037506103515625 395.693756103515625 393.63751220703125 386.181243896484375 380.787506103515625 376.112518310546875 368.58123779296875 363.162506103515625 356.412506103515625 348.625 344.006256103515625 342.42498779296875 342.45001220703125 342.225006103515625 345.756256103515625 344.287506103515625 344.225006103515625 346.024993896484375 344.818756103515625 345.26251220703125 342.84375 342.89373779296875 338.33123779296875 336.5 336.556243896484375 334.95001220703125 333.79376220703125 336.625 338.350006103515625 337.28125 337.01873779296875 338.712493896484375 337.75 338.16876220703125 335.64373779296875 337.625 337.60626220703125
387.662506103515625 385.45623779296875 389.993743896484375 399.26873779296875 408.41876220703125 411.01251220703125 407.256256103515625 406.131256103515625 405.51873779296875 402.1875 399.699981689453125 391.15625 382.39373779296875 374.26251220703125 364.36248779296875 355.337493896484375 346.693756103515625 337.3125 333.98748779296875 332.20001220703125 332.443756103515625 333.84375 335.193756103515625 336.64373779296875 336.306243896484375 336.01251220703125 337.57501220703125 338.61248779296875 338.181243896484375 335.79376220703125 331.193756103515625 332.556243896484375 330.45623779296875 331.600006103515625 330.181243896484375 328.337493896484375 331.78125 331.337493896484375 333.118743896484375 329.506256103515625 328.10626220703125 332.20001220703125 329.787506103515625 326.63751220703125 327.100006103515625
381.818756103515625 383.84375 392.243743896484375 400.662506103515625 407.681243896484375 411.39373779296875 412.36248779296875 414.51251220703125 414.287506103515625 410.26873779296875 405.08123779296875 393.10626220703125 380.75 367.1875 356.15625 347.14373779296875 336.024993896484375 325.587493896484375 321.76873779296875 320.662506103515625 321.225006103515625 324.75 326.48126220703125 326.725006103515625 326.03125 328.274993896484375 331.787506103515625 331.82501220703125 329.85626220703125 327.743743896484375 324.131256103515625 323.67498779296875 325.59375 324.61248779296875 325.33123779296875 322.600006103515625 323.993743896484375 324.41876220703125 324.04998779296875 322.54998779296875 323.76251220703125 322.306243896484375 322.3125 319.475006103515625 317.70623779296875
370.850006103515625 371.32501220703125 387.568756103515625 396.04376220703125 404.20001220703125 407.0625 409.881256103515625 415.73126220703125 420.89373779296875 418.14373779296875 408.300018310546875 392.993743896484375 374.8125 358.92498779296875 346.45001220703125 335.08123779296875 322.39373779296875 312.98126220703125 309.0625 310.625 316.012481689453125 317.943756103515625 317.943756103515625 318.6875 317.868743896484375 317.82501220703125 322.181243896484375 320.70623779296875 319.07501220703125 320.21875 318 317.493743896484375 317.5625 316.037506103515625 314.14373779296875 316.79998779296875 319.274993896484375 319.100006103515625 318.912506103515625 318.068756103515625 316.96875 318.73748779296875 314.537506103515625 310.63751220703125 310.837493896484375
383.17498779296875 379.95623779296875 376.79376220703125 384.91876220703125 396.20623779296875 398.26251220703125 403.46875 411.96875 422.76251220703125 424.381256103515625 408.181243896484375 385.70001220703125 368.725006103515625 352.506256103515625 338.65625 324.837493896484375 310.48126220703125 301.91876220703125 298.118743896484375 301.412506103515625 307.037506103515625 308.162506103515625 306.993743896484375 310.98748779296875 308.61248779296875 308.212493896484375 307.32501220703125 309.95623779296875 310.118743896484375 310.337493896484375 310.693756103515625 308.993743896484375 308.14373779296875 309.73126220703125 309.70001220703125 309.681243896484375 313.181243896484375 315.118743896484375 315.774993896484375 313.975006103515625 314.181243896484375 311.66876220703125 308.01873779296875 305.78125 302.3125
389.71875 387.70001220703125 382.14373779296875 374 385.743743896484375 393.89373779296875 398.79376220703125 403.5625 415.08123779296875 418.412506103515625 403.78125 379.40625 365.0625 350.806243896484375 334.33123779296875 323.36248779296875 307.412506103515625 297.25 294.32501220703125 298.48748779296875 301.51873779296875 303.493743896484375 304.82501220703125 302.91876220703125 301.493743896484375 300.725006103515625 300.48748779296875 301.08123779296875 303.07501220703125 304.318756103515625 305.024993896484375 305.524993896484375 304.46875 305.14373779296875 304.48748779296875 305.993743896484375 307.66876220703125 308.806243896484375 313.006256103515625 311.41876220703125 308.29376220703125 306.368743896484375 301.725006103515625 298.850006103515625 295.76873779296875
399.51251220703125 395.756256103515625 388.9375 381.42498779296875 380.368743896484375 380.118743896484375 382.79376220703125 386.056243896484375 383.243743896484375 386.6875 381.33123779296875 367.100006103515625 357.225006103515625 346.243743896484375 333.08123779296875 320.806243896484375 310.25 302.54998779296875 297.76251220703125 300.881256103515625 300.10626220703125 298.912506103515625 295.8125 295.88751220703125 295.475006103515625 296.962493896484375 295.26251220703125 295.04998779296875 293.88751220703125 296.037506103515625 298.11248779296875 297.01251220703125 294.975006103515625 295.568756103515625 296.26251220703125 299.48126220703125 299.85626220703125 300.98748779296875 305.48748779296875 306.51873779296875 301.84375 297.337493896484375 292.86248779296875 291.48748779296875 285.96875
407.45001220703125 402.51873779296875 394.8125 389.98748779296875 387.67498779296875 385.96875 375.0625 356.868743896484375 342.54376220703125 348.756256103515625 357.76251220703125 354.16876220703125 351.368743896484375 342.51873779296875 332.524993896484375 323.625 314.16876220703125 309.07501220703125 303.95001220703125 300.86248779296875 301.14373779296875 296.73748779296875 292.462493896484375 288.04376220703125 289.125 284.92498779296875 286.61248779296875 285.29998779296875 284.8125 287.381256103515625 289.40625 288.475006103515625 287.90625 286.10626220703125 284.26251220703125 285.84375 287.899993896484375 290.95623779296875 292.5 289.375 288.475006103515625 284.58123779296875 281.59375 277.58123779296875 270.86248779296875
413.024993896484375 408.11248779296875 402.5 395.493743896484375 390.65625 385.61248779296875 373.931243896484375 357.95623779296875 335.962493896484375 327.25 336.76251220703125 342.51251220703125 347.04376220703125 340.40625 332.712493896484375 327.368743896484375 320.4375 317.193756103515625 314.89373779296875 304.86248779296875 296.475006103515625 293.96875 284.537506103515625 286.368743896484375 281.41876220703125 275.98748779296875 274.35626220703125 276.631256103515625 279.90625 280.38751220703125 284 281.57501220703125 275.42498779296875 271.04376220703125 271.26873779296875 273.931243896484375 276.725006103515625 280.131256103515625 283.381256103515625 279.20001220703125 274.96875 270.881256103515625 270.79998779296875 270.149993896484375 258.024993896484375
416.82501220703125 414.0625 408.48126220703125 403.256256103515625 394.17498779296875 388.63751220703125 378.712493896484375 365.63751220703125 352.256256103515625 346.03125 346.118743896484375 340.931243896484375 346.618743896484375 340.45001220703125 336.306243896484375 329.42498779296875 323.32501220703125 319.73748779296875 317.850006103515625 312.38751220703125 299.681243896484375 287.962493896484375 278.58123779296875 277.45001220703125 270.20001220703125 265 263.09375 265.274993896484375 270.1875 274.068756103515625 273.36248779296875 269.51251220703125 266.287506103515625 262.693756103515625 259.79376220703125 261.818756103515625 263.662506103515625 267.54376220703125 271.01251220703125 271.96875 271.625 270.46875 263.618743896484375 257.54998779296875 249.274993896484375
419.84375 419.287506103515625 412.35626220703125 407.649993896484375 398.618743896484375 394.59375 386.306243896484375 371.86248779296875 361.381256103515625 358.42498779296875 358.76873779296875 356.85626220703125 347.29998779296875 343.399993896484375 336.725006103515625 329.475006103515625 324.16876220703125 321.375 318.3125 315.45623779296875 310.98748779296875 293.149993896484375 276.850006103515625 260.45001220703125 259.912506103515625 258.54998779296875 256.66876220703125 258.15625 258.8125 259.46875 260.5625 258.875 255.006256103515625 251.0625 247.350006103515625 246.84375 248.6750030517578125 253.6062469482421875 260.006256103515625 263.16876220703125 264.375 261.537506103515625 259.85626220703125 250.53125 240.2687530517578125
422.787506103515625 420.16876220703125 414.431243896484375 409.78125 403.35626220703125 395.375 391.162506103515625 382.431243896484375 375.73748779296875 367.83123779296875 366.962493896484375 368.681243896484375 353.03125 346.024993896484375 341.53125 331.412506103515625 325.149993896484375 321.45001220703125 318.85626220703125 319.29998779296875 317.25 303.25 283.61248779296875 263.61248779296875 251.1187591552734375 243.2312469482421875 239.881256103515625 241.5 244.806243896484375 245.087493896484375 242.8000030517578125 241.1125030517578125 237.7624969482421875 234.118743896484375 233.306243896484375 236.0500030517578125 239.868743896484375 243.2312469482421875 247.6750030517578125 251.8625030517578125 255.59375 253.1374969482421875 246.9375 230.5 218.899993896484375
426.54998779296875 420.48126220703125 413.86248779296875 409.712493896484375 402.76873779296875 398.443756103515625 391.39373779296875 382.25 377.456268310546875 375.03125 373.118743896484375 372.08123779296875 362.524993896484375 342.375 334.28125 329.79376220703125 322.96875 318.95001220703125 315.287506103515625 314.82501220703125 315.399993896484375 299.4375 279.92498779296875 259.71875 234.6875 222.9187469482421875 226.46875 229.306243896484375 233.53125 234.6687469482421875 230.53125 225.1875 221.0625 217.006256103515625 217.287506103515625 222.90625 228.5124969482421875 235.0625 241.9499969482421875 245.868743896484375 247.443756103515625 245.412506103515625 231.8874969482421875 218.868743896484375 212.3625030517578125
421.23126220703125 416.20623779296875 411.649993896484375 406.943756103515625 402.493743896484375 396.375 388.762481689453125 381.818756103515625 380.04998779296875 377.162506103515625 368.51251220703125 363.70623779296875 355.056243896484375 342.231231689453125 322.48126220703125 321.20623779296875 314.34375 308.024993896484375 306.125 305.556243896484375 301.89373779296875 287.743743896484375 270.475006103515625 254.29998779296875 234.09375 220.475006103515625 218.375 217.4499969482421875 219.8937530517578125 218.524993896484375 217.806243896484375 211.662506103515625 207.537506103515625 204.037506103515625 203.2687530517578125 211.5124969482421875 220.912506103515625 230.337493896484375 238.59375 239.9499969482421875 232.587493896484375 223 219.506256103515625 218.4187469482421875 218.431243896484375
415.76873779296875 412.95623779296875 409.693756103515625 404.39373779296875 398.73748779296875 393.556243896484375 390.20001220703125 385.95623779296875 380.95623779296875 373.48748779296875 363.65625 356.931243896484375 345.600006103515625 332.556243896484375 308.125 304.774993896484375 300.75 298.58123779296875 296.26873779296875 293.78125 289.881256103515625 278.51251220703125 265.29998779296875 257.01873779296875 245.131256103515625 233.725006103515625 226.15625 221.9812469482421875 219.3562469482421875 215.225006103515625 207.149993896484375 199.7687530517578125 198.3125 191.6125030517578125 186.7687530517578125 192.618743896484375 210.4562530517578125 224.993743896484375 230.9499969482421875 228.412506103515625 219.993743896484375 216.6999969482421875 220.4499969482421875 218.4187469482421875 214.5437469482421875
409.04376220703125 405.399993896484375 404.61248779296875 401.306243896484375 394.931243896484375 392.63751220703125 390.54376220703125 385.73748779296875 377.912506103515625 371.13751220703125 359.57501220703125 350.71875 339.193756103515625 328.32501220703125 307.787506103515625 286.568756103515625 287.050018310546875 291.40625 286.20623779296875 283.162506103515625 278.993743896484375 273.65625 266.11248779296875 263.006256103515625 253.4499969482421875 240.962493896484375 231.28125 223.2375030517578125 218.3874969482421875 214.4250030517578125 208.96875 199.7937469482421875 188.899993896484375 178.6125030517578125 172.6374969482421875 188.3249969482421875 200.3125 212.6999969482421875 220.5 222.6374969482421875 218.524993896484375 215.53125 215.3874969482421875 209.274993896484375 205.681243896484375
404.881256103515625 402.01251220703125 398.57501220703125 397.35626220703125 395.33123779296875 390.412506103515625 386.3125 380.631256103515625 375.34375 367.912506103515625 358.212493896484375 351.243743896484375 338.76873779296875 326.11248779296875 309.493743896484375 292.32501220703125 273.60626220703125 275.85626220703125 275.92498779296875 274.04376220703125 270.26873779296875 265.32501220703125 262.88751220703125 265.931243896484375 261.96875 242.181243896484375 229.4562530517578125 221.5437469482421875 216.056243896484375 211.587493896484375 207.0812530517578125 201.243743896484375 191.53125 182.8125 186.15625 192.2312469482421875 203.475006103515625 215.024993896484375 225.975006103515625 222.0124969482421875 216.056243896484375 210.8937530517578125 205.131256103515625 202.3125 200.381256103515625
399.73126220703125 399.600006103515625 398.58123779296875 396.26251220703125 394.58123779296875 393.912506103515625 387.931243896484375 380.45623779296875 372.662506103515625 365.89373779296875 356.36248779296875 352.475006103515625 336.875 326.443756103515625 310.943756103515625 296.006256103515625 278.493743896484375 261.04376220703125 271.14373779296875 267.850006103515625 262.20001220703125 257.61248779296875 254.7062530517578125 258.26873779296875 256.3125 240.287506103515625 224.1750030517578125 218.537506103515625 214.0124969482421875 206.475006103515625 195.350006103515625 186.3125 191.96875 192.2624969482421875 191.693756103515625 205.28125 215.7062530517578125 219.25 223.475006103515625 220.9812469482421875 209.3312530517578125 203.256256103515625 197.9812469482421875 195.9812469482421875 193.818756103515625
394.4375 395.375 393.962493896484375 395.649993896484375 396.45001220703125 393.350006103515625 389.243743896484375 384 375.8125 370.21875 358.08123779296875 344.16876220703125 331.38751220703125 322.23748779296875 308.0625 296.82501220703125 284.57501220703125 264.03125 256.41876220703125 255.6437530517578125 250.8000030517578125 249.3125 232.8625030517578125 238.149993896484375 237.15625 231.962493896484375 223.475006103515625 213.524993896484375 209.0625 201.600006103515625 193.443756103515625 190.15625 193.837493896484375 194 195.9187469482421875 205.568756103515625 209.506256103515625 210.15625 214.4499969482421875 209.3249969482421875 200.1187591552734375 193.212493896484375 190.9375 191.431243896484375 189.712493896484375
387.14373779296875 389.524993896484375 390.34375 389.29376220703125 391.818756103515625 396.056243896484375 394.54376220703125 389.131256103515625 380.556243896484375 370.23126220703125 361.14373779296875 353.26873779296875 345.162506103515625 330.17498779296875 313.04376220703125 290.54376220703125 271.71875 266.506256103515625 257.443756103515625 252.9625091552734375 239.1125030517578125 231.306243896484375 227.681243896484375 225.6374969482421875 220.587493896484375 211.662506103515625 207.84375 206.212493896484375 198.5187530517578125 189.8625030517578125 186.8312530517578125 193.78125 193.90625 192.131256103515625 195.90625 201.931243896484375 204.537506103515625 204.96875 203.7937469482421875 200.1437530517578125 189.912506103515625 183.431243896484375 184.506256103515625 185.5500030517578125 186.59375
