data/historical-monthly-weather-data/wc2.1_cruts4.09_10m_prec_1966-01.asc
ncols        45
nrows        45
xllcorner    -63.500000000000
yllcorner    -7.500000000000
cellsize     0.166666666667
NODATA_value -9999
[rows 0 to 19 of 45, columns 0 to 44 of 45]
199.1750030517578125 203.181243896484375 195.962493896484375 190.53125 183.0437469482421875 177.4375 169.34375 158.912506103515625 149.368743896484375 142.100006103515625 136.412506103515625 131.375 125.40625 116.6875 110.79999542236328125 106.66249847412109375 102.8874969482421875 98.31874847412109375 98.34999847412109375 98.40000152587890625 99.95624542236328125 102.6437530517578125 105.5437469482421875 109.33750152587890625 114.72499847412109375 119.9187469482421875 127.83750152587890625 137.4812469482421875 147.662506103515625 153.787506103515625 159.9562530517578125 166.3249969482421875 171.318756103515625 177.9499969482421875 183.25 188.568756103515625 191.3125 192.7687530517578125 193.881256103515625 194.3625030517578125 193.96875 193.4187469482421875 191.806243896484375 190.6687469482421875 190.71875
209.412506103515625 213.7375030517578125 209.587493896484375 204.9187469482421875 200.8125 196.225006103515625 188.625 181.118743896484375 173.4875030517578125 166.0749969482421875 157.9375 149.868743896484375 141.0500030517578125 132.84375 125.47499847412109375 119.02500152587890625 113.2062530517578125 109.75624847412109375 109.08750152587890625 110.03749847412109375 112.81874847412109375 115.8562469482421875 119.5500030517578125 123.8562469482421875 127.46250152587890625 131.412506103515625 139.0437469482421875 147.537506103515625 155.875 161.850006103515625 166.75 171.274993896484375 175.256256103515625 181.9187469482421875 185.850006103515625 188.225006103515625 192.212493896484375 193.0437469482421875 192.743743896484375 192.3125 191.96875 190.881256103515625 187.881256103515625 186.1062469482421875 185.306243896484375
213.837493896484375 219.0500030517578125 216.5625 214.2062530517578125 212.59375 209.5812530517578125 205.274993896484375 201.1875 195.037506103515625 188.149993896484375 179.65625 169.912506103515625 160.306243896484375 150.193756103515625 141.3375091552734375 132.6062469482421875 125.71250152587890625 122.03749847412109375 120.5749969482421875 122.2062530517578125 125.61875152587890625 129.8312530517578125 133.40625 136.1999969482421875 138.556243896484375 141.100006103515625 147.8249969482421875 155.1750030517578125 161.28125 165.274993896484375 170.15625 174.431243896484375 178.9250030517578125 181.5812530517578125 186.0500030517578125 187.524993896484375 189.90625 191.125 190.118743896484375 188.2687530517578125 187.743743896484375 185.6437530517578125 182.71875 180.100006103515625 177.462493896484375
214.9375 220.8937530517578125 223.256256103515625 223.4250030517578125 225.5812530517578125 221.0187530517578125 220.40625 220.8937530517578125 218.225006103515625 213.625 203.6875 191.78125 180.2687530517578125 168.8874969482421875 158.84375 148.5625 139.40625 133.850006103515625 132.7687530517578125 136.1062469482421875 141.3125 145.6687469482421875 147.1687469482421875 149.3000030517578125 150.618743896484375 151.90625 157.6125030517578125 161.962493896484375 166.431243896484375 169.6875 173.037506103515625 177.4812469482421875 180.3312530517578125 182.25 184.1437530517578125 186.25 186.78125 187.4499969482421875 186.2687530517578125 184.7624969482421875 182.0124969482421875 180.1750030517578125 177.037506103515625 173.162506103515625 170.0187530517578125
222.806243896484375 226.1062469482421875 227.6875 231.256256103515625 235.0687408447265625 234.475006103515625 234.2937469482421875 238.087493896484375 240.037506103515625 238.46875 226.806243896484375 213.287506103515625 201.618743896484375 190.1374969482421875 178.662506103515625 166.725006103515625 155.3937530517578125 146.631256103515625 147.21875 153.006256103515625 159.4375 162.649993896484375 163.40625 163.4562530517578125 162.850006103515625 163.6062469482421875 165.5749969482421875 168.3125 173.1374969482421875 174.8249969482421875 176.931243896484375 177.568756103515625 180.462493896484375 182.600006103515625 183.625 184.3000030517578125 184.8874969482421875 183.03125 181.2937469482421875 178.7624969482421875 176.9187469482421875 173.756256103515625 170.631256103515625 166.037506103515625 162.1875
227.9562530517578125 232.725006103515625 234.774993896484375 237.037506103515625 240.84375 241.3562469482421875 242.59375 245.40625 248.1437530517578125 248.881256103515625 237.7937469482421875 226.8125 216.2624969482421875 206.4499969482421875 195.1125030517578125 185.912506103515625 174.600006103515625 165.5 168.2624969482421875 174.462493896484375 178.2624969482421875 178.850006103515625 178.662506103515625 175.84375 173.75 172.4562530517578125 173.8562469482421875 175.375 178.4562530517578125 180.09375 180.399993896484375 180.3125 180.0687408447265625 181.1437530517578125 182.837493896484375 181.743743896484375 180.5 178.243743896484375 175.943756103515625 173.600006103515625 169.6125030517578125 166.6437530517578125 162.75 158.2937469482421875 154.5374908447265625
232.568756103515625 237.9499969482421875 240.9250030517578125 241.6125030517578125 243.193756103515625 241.5749969482421875 242.287506103515625 243.787506103515625 244.0124969482421875 242.006256103515625 239.4875030517578125 234.3249969482421875 229.3874969482421875 222.8874969482421875 214.9000091552734375 208.4187469482421875 202.462493896484375 200.4375 202.837493896484375 203.65625 199.34375 196.5187530517578125 191.6437530517578125 187.1750030517578125 183.881256103515625 180.1750030517578125 180.6125030517578125 181.7937469482421875 182.8000030517578125 183.0625 183.7375030517578125 182.756256103515625 180.662506103515625 179.2375030517578125 178.493743896484375 177.3562469482421875 174.774993896484375 171.96875 170.381256103515625 166.1999969482421875 161.0124969482421875 157.5812530517578125 153.681243896484375 149.4375 145.8249969482421875
238.28125 240.868743896484375 243.3312530517578125 245.2312469482421875 246.1750030517578125 244.912506103515625 242.40625 237.337493896484375 232.6750030517578125 234.84375 240.1999969482421875 241.993743896484375 242.3625030517578125 238.631256103515625 235.0500030517578125 232.125 231.3625030517578125 234.4875030517578125 240.21875 233.9375 221.0749969482421875 212.5749969482421875 204.6125030517578125 198.6062469482421875 193.9562530517578125 188.068756103515625 186.875 186.8562469482421875 188.131256103515625 187.837493896484375 186.28125 184.53125 180.9499969482421875 177.8312530517578125 175.087493896484375 172.3937530517578125 168.875 165.056243896484375 162.006256103515625 158.149993896484375 153.287506103515625 149.7687530517578125 145.912506103515625 141.4250030517578125 138.9562530517578125
243.7062530517578125 246.0500030517578125 248.6374969482421875 249.256256103515625 250.8125 248.1999969482421875 244.899993896484375 239.850006103515625 232.475006103515625 232.350006103515625 244.1999969482421875 250.5062408447265625 254.818756103515625 253.7624969482421875 252.3312530517578125 250.9562530517578125 251.1812591552734375 254.1999969482421875 257.881256103515625 248.96875 232.125 221.8874969482421875 212 207.493743896484375 201.587493896484375 194.5500030517578125 193.0124969482421875 191.8249969482421875 192.931243896484375 193.2062530517578125 192.537506103515625 189.587493896484375 185.431243896484375 180.8312530517578125 176.8625030517578125 172.5187530517578125 168.5 163.649993896484375 159.556243896484375 155.0124969482421875 149.2687530517578125 145.375 142.587493896484375 139.149993896484375 136.8562469482421875
248.631256103515625 250.7937469482421875 251.725006103515625 252.8625030517578125 254.8125 253.46875 251.0187530517578125 248.756256103515625 246.225006103515625 249.78125 258.28125 264.587493896484375 268.837493896484375 269.125 268.537506103515625 267.95623779296875 266.625 264.818756103515625 261.350006103515625 253.162506103515625 237.2312469482421875 226.443756103515625 217.274993896484375 214.21875 206.65625 198.350006103515625 196.65625 195.962493896484375 196.1125030517578125 196.5999908447265625 195.9250030517578125 193.8249969482421875 189.625 184.875 180.2624969482421875 174.25 168.4875030517578125 162.725006103515625 157.4812469482421875 151.9499969482421875 146.4250030517578125 142.5625 139.4187469482421875 135.399993896484375 134.21875
254.46875 256.587493896484375 256.20623779296875 256.6875 257.706268310546875 258.087493896484375 258 260.118743896484375 261.70001220703125 267.07501220703125 276.79998779296875 283.09375 284.54376220703125 283.787506103515625 282.556243896484375 280.86248779296875 277.20001220703125 270.64373779296875 262.28125 252.068756103515625 239 227.912506103515625 221.3000030517578125 216.4499969482421875 211.3562469482421875 201.4812469482421875 199.03125 198.3937530517578125 198.350006103515625 197.725006103515625 197.568756103515625 196.725006103515625 192.837493896484375 188.0437469482421875 182.725006103515625 176.4187469482421875 169.381256103515625 161.8312530517578125 156.1125030517578125 150.037506103515625 143.6437530517578125 138.943756103515625 135.65625 131.881256103515625 131.2312469482421875
258.5625 260.26873779296875 260.568756103515625 262.662506103515625 264.524993896484375 264.92498779296875 266.881256103515625 272.91876220703125 277.3125 283.41876220703125 294.04998779296875 303.362518310546875 302.53125 299.26251220703125 296.35626220703125 291.45001220703125 286.0625 274.4375 263.61248779296875 250.59375 235.943756103515625 225.725006103515625 221.693756103515625 220.9375 214.5062408447265625 202.1062469482421875 199.649993896484375 199.1125030517578125 199.899993896484375 201.056243896484375 201.5187530517578125 200.774993896484375 197.287506103515625 192.7624969482421875 187.8249969482421875 181.774993896484375 175.0187530517578125 167.3312530517578125 160.806243896484375 154.274993896484375 147.15625 141.84375 136.46875 131.475006103515625 129.7624969482421875
263.63751220703125 265.850006103515625 266.90625 268.743743896484375 270.92498779296875 274.09375 277.337493896484375 282.88751220703125 288.818756103515625 296.618743896484375 307.29998779296875 317.53125 317.868743896484375 310.95623779296875 306.600006103515625 300.53125 292.537506103515625 280.649993896484375 267.41876220703125 252.09375 231.318756103515625 222.4375 220.3874969482421875 217.59375 207.1374969482421875 196.5437469482421875 197.943756103515625 200.350006103515625 201.9375 204.181243896484375 205.4250030517578125 204.993743896484375 201.2375030517578125 196.931243896484375 192.3000030517578125 186.6125030517578125 179.881256103515625 172.4499969482421875 165.0124969482421875 157.65625 150.5625 144.1999969482421875 135.631256103515625 127.9875030517578125 125.3562469482421875
266.53125 269.6875 271.1875 273.587493896484375 276.818756103515625 279.0625 283.506256103515625 291.70001220703125 298.40625 306.625 314.568756103515625 322.587493896484375 322.61248779296875 319.256256103515625 312.493743896484375 307.100006103515625 297.818756103515625 286 271.5625 256.63751220703125 238.1374969482421875 226.9250030517578125 219.1750030517578125 214.0625 203.806243896484375 195.90625 197.9375 200.943756103515625 204.524993896484375 207.1125030517578125 209.03125 209.162506103515625 205.1374969482421875 200.2312469482421875 196.1875 190.5 184.431243896484375 177.868743896484375 169.225006103515625 160.1687469482421875 150.84375 140.1875 131.8499908447265625 126.00624847412109375 124.72499847412109375
268.70001220703125 272.33123779296875 275 278.01873779296875 282.91876220703125 286.33123779296875 292.287506103515625 299.537506103515625 305.587493896484375 311.912506103515625 319.45623779296875 325.262481689453125 326.431243896484375 324.28125 317.10626220703125 310.45001220703125 300.931243896484375 287.693756103515625 274.5625 262.28125 245.5625 231.0500030517578125 221.087493896484375 214.3187408447265625 207.46875 201.3937530517578125 202.8312530517578125 206.2937469482421875 209.506256103515625 212.931243896484375 214.4812469482421875 213.506256103515625 210.1999969482421875 204.524993896484375 199.65625 193.4875030517578125 188.2312469482421875 182.8937530517578125 174.5124969482421875 161.84375 148.0124969482421875 138.78125 132.8125 127.5500030517578125 124.93125152587890625
269.40625 273.15625 276.725006103515625 280.48748779296875 286.39373779296875 290.59375 297.125 304.03125 308.86248779296875 315.40625 322.40625 327.806243896484375 329.493743896484375 327.712493896484375 321.375 310.875 302.0625 289.67498779296875 276.58123779296875 265.412506103515625 251.4187469482421875 237.006256103515625 225.2312469482421875 218.1687469482421875 211.850006103515625 206.743743896484375 207.5625 211.899993896484375 216.100006103515625 220.318756103515625 221.9375 220.1062469482421875 213.5437469482421875 207.0625 201.0812530517578125 196.837493896484375 192.274993896484375 186.5500030517578125 178.0812530517578125 164.5124969482421875 148.7687530517578125 139.662506103515625 134.100006103515625 127.7312469482421875 125.27500152587890625
267.67498779296875 272.243743896484375 275.64373779296875 280.64373779296875 287.86248779296875 292.61248779296875 299.649993896484375 306.412506103515625 311.256256103515625 316.631256103515625 323.86248779296875 330.087493896484375 331.98748779296875 330.40625 324.274993896484375 314.337493896484375 299.10626220703125 286.78125 276.649993896484375 268.86248779296875 255.2687530517578125 241.84375 229.475006103515625 221.9437408447265625 217.0749969482421875 211.8125 212.03125 216.524993896484375 222.53125 228.0625 230.7937469482421875 228.350006103515625 219.3000030517578125 209.993743896484375 205.2062530517578125 201.2937469482421875 196.118743896484375 191.8000030517578125 186.5625 171.274993896484375 155.7375030517578125 144.774993896484375 135.962493896484375 128.6374969482421875 126.0124969482421875
265.4375 270.45001220703125 274.256256103515625 280.51251220703125 287.5 293.29376220703125 300.40625 307.037506103515625 311.381256103515625 316.712493896484375 321.75 329.912506103515625 332.975006103515625 331.618743896484375 324.76873779296875 312.9375 297.23126220703125 281.39373779296875 275.88751220703125 269.73126220703125 259.15625 246.625 234.65625 227.475006103515625 222.2062530517578125 217.975006103515625 216.818756103515625 222.743743896484375 230.943756103515625 238.0812530517578125 239.65625 231.2937469482421875 221.056243896484375 212.681243896484375 206.243743896484375 201.850006103515625 198.931243896484375 194.6437530517578125 186.868743896484375 174.868743896484375 159.3874969482421875 147.274993896484375 137.912506103515625 130.787506103515625 127.91249847412109375
259.9375 265.693756103515625 270.568756103515625 278.26251220703125 286.54998779296875 292.73126220703125 298.20623779296875 305.662506103515625 310.29376220703125 315.1875 319.45623779296875 324.774993896484375 329.67498779296875 332.618743896484375 323.78125 308.35626220703125 290.881256103515625 275.41876220703125 267.11248779296875 264.75 259.23748779296875 250.443756103515625 235.59375 230.962493896484375 226.8562469482421875 224.3312530517578125 225.6999969482421875 230.0749969482421875 238.6374969482421875 246.65625 249.1687469482421875 237.443756103515625 223.6062469482421875 209.975006103515625 201.4562530517578125 199.5187530517578125 198.225006103515625 193.774993896484375 187.431243896484375 175.868743896484375 161.6125030517578125 149.2624969482421875 139.90625 133.412506103515625 130.125
253.462493896484375 259.399993896484375 265.037506103515625 271.96875 281.36248779296875 289.45001220703125 295.76251220703125 301.756256103515625 305.92498779296875 310.181243896484375 313.1875 318.375 326.381256103515625 333.76873779296875 320.193756103515625 298.243743896484375 278.587493896484375 268.29376220703125 261.96875 259.45623779296875 253.1750030517578125 243.4499969482421875 235.318756103515625 231.868743896484375 229.7062530517578125 229.774993896484375 231.600006103515625 236.4875030517578125 241.524993896484375 245.837493896484375 245.9812469482421875 236.4562530517578125 220.5124969482421875 203.693756103515625 193.1374969482421875 193.09375 196.7437591552734375 196.7937469482421875 190.681243896484375 179.493743896484375 164.96875 151.568756103515625 143.3249969482421875 136.96875 133.0500030517578125
