data/historical-monthly-weather-data/wc2.1_cruts4.09_10m_prec_2012-08.asc
ncols        51
nrows        45
xllcorner    -63.500000000000
yllcorner    -7.500000000000
cellsize     0.166666666667
NODATA_value -9999
[rows 19 to 37 of 45, columns 0 to 42 of 51]
111.84375 111.46875 108.96875 107.1437530517578125 104.0437469482421875 100.75624847412109375 96.34999847412109375 91.4812469482421875 88.68125152587890625 84.3937530517578125 79.25 72.0625 62.674999237060546875 53.831249237060546875 46.8125 40.16249847412109375 33.08750152587890625 30.337499618530273438 29.100000381469726562 29.668750762939453125 30.481248855590820312 33.15625 38.77500152587890625 45.58750152587890625 51.8125 56.27500152587890625 59.424999237060546875 60.5 59.40625 55.00624847412109375 54.362499237060546875 63.28749847412109375 70.74375152587890625 79.80625152587890625 89.8874969482421875 96.84375 101.90000152587890625 106.25 105.78749847412109375 101.28125 92.65000152587890625 84.58750152587890625 78.3625030517578125
101.59375 103.7375030517578125 103.55625152587890625 102.125 98.1374969482421875 95.0749969482421875 92.05625152587890625 88.4875030517578125 86.3000030517578125 82.34375 78.15625 72.41249847412109375 63.18125152587890625 54.25 46.33750152587890625 39.5625 33.33750152587890625 29.306249618530273438 28.637500762939453125 28.34375 30.818750381469726562 34.331249237060546875 38.737499237060546875 45.893749237060546875 53.86875152587890625 57.924999237060546875 58.700000762939453125 59.856250762939453125 60.6875 61.28749847412109375 63.450000762939453125 69.44374847412109375 74.08750152587890625 80 89.28749847412109375 95.46875 102.0812530517578125 106.15000152587890625 104.39374542236328125 100.63124847412109375 92.97499847412109375 86.34375 80.7937469482421875
95.1750030517578125 95.75624847412109375 96.40000152587890625 96.63124847412109375 94.46875 90.9812469482421875 89.21250152587890625 85.21250152587890625 83.84999847412109375 80.1687469482421875 77.84375 74.7312469482421875 69.65625 61.106250762939453125 51.90625 42.83750152587890625 37.331249237060546875 33.21875 31.287500381469726562 30.481250762939453125 30.981250762939453125 33.53125 37.637500762939453125 44.393749237060546875 51.168750762939453125 56.53125 62.25 63.65000152587890625 65.8125 66.58750152587890625 68.3562469482421875 71.7312469482421875 75.46875 80.77500152587890625 85.44374847412109375 91.46875 99.56874847412109375 105.71875 105.08750152587890625 100.7375030517578125 93.75624847412109375 87.18125152587890625 80.50624847412109375
89.1125030517578125 92.40625 94.1062469482421875 93.3312530517578125 92.02500152587890625 89.06874847412109375 85.1687469482421875 81.1687469482421875 81.1374969482421875 80.65625 80.65000152587890625 79.5812530517578125 77.22499847412109375 69.3312530517578125 58.00624847412109375 47.831249237060546875 40.325000762939453125 35.86875152587890625 33.19374847412109375 31.368749618530273438 31.862499237060546875 33.97499847412109375 37.1875 41.84375 49.549999237060546875 56.875 62.806247711181640625 66.88124847412109375 68.59999847412109375 68.16249847412109375 69.5437469482421875 73.0500030517578125 76.06874847412109375 78.6875 81.28749847412109375 83.34375 91.16249847412109375 101.8125 104.0625 99.3625030517578125 93.9187469482421875 86.7624969482421875 80.47499847412109375
84.375 88.30625152587890625 91.2312469482421875 89.18125152587890625 87.53125 85.4375 83.44374847412109375 81.375 79.0500030517578125 79.7937469482421875 80.72499847412109375 83.06874847412109375 82.50624847412109375 74.0500030517578125 62.55625152587890625 52.174999237060546875 44.34375 39.11875152587890625 35.5625 33.43125152587890625 33.6875 35.112499237060546875 37.03125 42.41249847412109375 48.987499237060546875 55.018749237060546875 62.36875152587890625 65.34999847412109375 68.3562469482421875 69.47499847412109375 71.5124969482421875 74.2062530517578125 76.78749847412109375 77.0625 78.3125 78.68125152587890625 85.0124969482421875 95.52500152587890625 99.03125 95.59375 90.61875152587890625 84.7937469482421875 78.7687530517578125
81.40000152587890625 84.30625152587890625 86.9875030517578125 87.56874847412109375 87.03749847412109375 84.58750152587890625 81.9250030517578125 80.3000030517578125 79.47499847412109375 80.15000152587890625 80.0625 80.6999969482421875 79.83750152587890625 73.40625 63.71250152587890625 54.706249237060546875 47.268749237060546875 41.637500762939453125 37.55625152587890625 35.03125 35.081249237060546875 35.72499847412109375 37.174999237060546875 42.18125152587890625 47.5 54.125 59.46875 63.299999237060546875 66.8937530517578125 69.15000152587890625 71.16249847412109375 73.5 75.7687530517578125 77.3874969482421875 77.97499847412109375 78.21250152587890625 83.5812530517578125 88.93125152587890625 91.66249847412109375 90.625 86.94374847412109375 82.71250152587890625 77.7937469482421875
80.86875152587890625 82.77500152587890625 83.25 85.3562469482421875 84.1875 82.15000152587890625 79.96250152587890625 79.4250030517578125 77.41249847412109375 76.72499847412109375 76.78749847412109375 76.6062469482421875 75.15625 69.4375 62.393749237060546875 54.41249847412109375 47.96250152587890625 42.93125152587890625 38.450000762939453125 36.03749847412109375 36.012500762939453125 36.03749847412109375 37.40000152587890625 41.30625152587890625 46.075000762939453125 51.69374847412109375 57.3125 61.575000762939453125 65.9187469482421875 69.00624847412109375 71.0187530517578125 73.61875152587890625 74.90000152587890625 76.06874847412109375 76.59999847412109375 78.66249847412109375 82.19374847412109375 84.61875152587890625 87.1687469482421875 85.4250030517578125 83.21250152587890625 79.7687530517578125 76.4562530517578125
82.30625152587890625 82.3249969482421875 83.0500030517578125 83.5625 82.46250152587890625 80.46875 79.4499969482421875 77.59999847412109375 74.69374847412109375 74.78749847412109375 74.70000457763671875 72.0437469482421875 69.3874969482421875 64.72499847412109375 59.28125 52.75 47.450000762939453125 42.831249237060546875 39.28749847412109375 36.356250762939453125 35.59999847412109375 35.924999237060546875 36.63124847412109375 40.862499237060546875 45.19374847412109375 49.168750762939453125 55.25 59.90625 63.924999237060546875 66.5124969482421875 69.6125030517578125 71.46250152587890625 73.5437469482421875 75 75.1687469482421875 77.3000030517578125 78.90000152587890625 81.28125 81.875 80.33750152587890625 78.4250030517578125 75.96875 74.9562530517578125
85.55625152587890625 82.00624847412109375 82.24375152587890625 82.15000152587890625 81.2687530517578125 78.49375152587890625 77.25624847412109375 75.7312469482421875 73.58750152587890625 72.5812530517578125 70.4187469482421875 67.0749969482421875 63.950000762939453125 60.331249237060546875 55.174999237060546875 50.21250152587890625 46.174999237060546875 42.30625152587890625 39.28125 36.53125 35.84999847412109375 35.106250762939453125 36.28749847412109375 39.99375152587890625 43.65000152587890625 46.77500152587890625 52.59999847412109375 57.856250762939453125 62.356250762939453125 65.25 67.50624847412109375 69.18125152587890625 71.31874847412109375 72.22499847412109375 74.1687469482421875 75.1999969482421875 75.81874847412109375 77.5124969482421875 78.5500030517578125 78.05625152587890625 76.09999847412109375 74.8625030517578125 73.94374847412109375
85.81874847412109375 83.83750152587890625 82 81.0749969482421875 78.05625152587890625 75.67499542236328125 73.59375 71.3249969482421875 70.90000152587890625 68.6750030517578125 66.30625152587890625 62.53125 59.03125 55.72499847412109375 51.68125152587890625 47.575000762939453125 44.53749847412109375 41.543750762939453125 38.875 36.63124847412109375 35.75 34.96250152587890625 35.59999847412109375 38.518749237060546875 42.112499237060546875 44.74375152587890625 50.52500152587890625 55.512500762939453125 59.831249237060546875 62.674999237060546875 64.71250152587890625 66.9187469482421875 68.00624847412109375 68.5749969482421875 70.8249969482421875 73.44374847412109375 74.99375152587890625 76.72499847412109375 77.74375152587890625 76.4499969482421875 73.3125 72.5 72.78749847412109375
84.59375 83 80.5500030517578125 77.3625030517578125 74.84375 72.75 70.2375030517578125 69.09999847412109375 67.3312530517578125 64.59375 62.53125 59.19374847412109375 55.481250762939453125 51.831249237060546875 48.21875 44.5 41.13124847412109375 39.168750762939453125 37.450000762939453125 34.61875152587890625 33.637500762939453125 33.424999237060546875 34.049999237060546875 36.94374847412109375 40.200000762939453125 43.93125152587890625 48.5625 53.27500152587890625 56.40625 58.825000762939453125 61.137500762939453125 63.674999237060546875 64.90625 66.3000030517578125 68.7062530517578125 70.6437530517578125 74.58750152587890625 77.34999847412109375 77.59999847412109375 78.4499969482421875 77.4499969482421875 75.8874969482421875 73.6687469482421875
82.83750152587890625 80.22499847412109375 76.2937469482421875 74.14374542236328125 73.44374847412109375 70.6125030517578125 68.34999847412109375 65.8937530517578125 63.43125152587890625 60.72499847412109375 58.09375 55.90000152587890625 53.075000762939453125 49.356250762939453125 44.96250152587890625 41.38124847412109375 38.825000762939453125 36.93125152587890625 35.393749237060546875 33.075000762939453125 31.987499237060546875 30.924999237060546875 31.331249237060546875 34.50624847412109375 37.918750762939453125 42.049999237060546875 45.91249847412109375 50.706249237060546875 54.375 56.825000762939453125 59.24375152587890625 61.03749847412109375 61.99375152587890625 63.793750762939453125 67.4250030517578125 69.40625 73.3312530517578125 76.69374847412109375 79.13124847412109375 81.93125152587890625 81.2687530517578125 76.875 73.33750152587890625
80.15000152587890625 77.6687469482421875 73.59375 71.08750152587890625 70.56874847412109375 67.78125 65.06874847412109375 61.8125 59.59999847412109375 57.31874847412109375 54.768749237060546875 52.075000762939453125 48.668750762939453125 45.543750762939453125 41.90000152587890625 39.450000762939453125 36.5 34.36875152587890625 32.3125 30.375 29.568750381469726562 29.325000762939453125 29.168750762939453125 31.806249618530273438 35.575000762939453125 39.59999847412109375 43.53125 48.22499847412109375 51.606250762939453125 53.58750152587890625 56.268749237060546875 57.6875 59.08750152587890625 61.612499237060546875 63.5 65.55625152587890625 69.7062530517578125 73.86875152587890625 77.06874847412109375 80.125 79.7687530517578125 75.44374847412109375 73.21875
74.03125 71.2062530517578125 68.1437530517578125 66.3937530517578125 64.53749847412109375 61.69374847412109375 59.88124847412109375 57.47499847412109375 54.956249237060546875 53.41249847412109375 52.356250762939453125 48.543750762939453125 44.68125152587890625 41.90625 38.625 36.41249847412109375 33.6875 31.75 29.5625 27.556249618530273438 26.743749618530273438 26.243749618530273438 26.225000381469726562 29.581249237060546875 33.24375152587890625 36.575000762939453125 40.78125 44.25624847412109375 48.05625152587890625 49.93125152587890625 52.65625 54.09999847412109375 55.53749847412109375 57.5 59.5625 61.71875 65.6374969482421875 69.1875 72.06874847412109375 74.7937469482421875 74.2375030517578125 71.6875 69.6750030517578125
67.6875 66.0124969482421875 63.237499237060546875 62.262500762939453125 58.56874847412109375 56.606250762939453125 55.450000762939453125 53.38124847412109375 51.0625 49.31874847412109375 47.84375 44.69374847412109375 41.46250152587890625 37.19374847412109375 34.875 32.456249237060546875 30.506250381469726562 28.356250762939453125 26.112499237060546875 24.412500381469726562 23.799999237060546875 23.337499618530273438 23.506250381469726562 26.418750762939453125 30.143749237060546875 33.637500762939453125 37.793750762939453125 41.1875 45.549999237060546875 47.86875152587890625 50.09999847412109375 51.325000762939453125 51.981250762939453125 53.03125 55.387500762939453125 57.581249237060546875 61.137500762939453125 64.0437469482421875 66.59999847412109375 67.8312530517578125 69.1125030517578125 67.96250152587890625 66.03749847412109375
62.46250152587890625 60.537502288818359375 58.481250762939453125 56.262500762939453125 53.90000152587890625 52.09375 50.668750762939453125 48.981250762939453125 46.16249847412109375 45.08750152587890625 43.737499237060546875 41.22499847412109375 37.393749237060546875 34.03125 31.787500381469726562 29.818750381469726562 27.875 25.637498855590820312 23.412500381469726562 21.71875 21.225000381469726562 20.731250762939453125 20.649999618530273438 23.649999618530273438 26.943750381469726562 30.5625 34.74375152587890625 38.4375 42.9375 45.549999237060546875 46.86875152587890625 47.65625 48.299999237060546875 48.893749237060546875 50.58750152587890625 52.637500762939453125 54.91249847412109375 58.28749847412109375 60.80625152587890625 61.918750762939453125 62.27500152587890625 61.625 61.02500152587890625
57.53749847412109375 55.81874847412109375 53.0625 50.46875 48.28749847412109375 45.83750152587890625 43.96875 41.793750762939453125 39.75 38.956249237060546875 38.55625152587890625 36.27500152587890625 33.956249237060546875 31.337499618530273438 29.237499237060546875 27.450000762939453125 25.081249237060546875 23.15625 20.712499618530273438 18.9375 18.743749618530273438 18.875 18.9375 21.831249237060546875 24.78125 27.84375 31.837499618530273438 36.53125 40.143749237060546875 42.262500762939453125 43.668750762939453125 44.63124847412109375 43.950000762939453125 44.91249847412109375 45.78125 46.612499237060546875 49.512500762939453125 52.4375 53.700000762939453125 55.47499847412109375 55.99375152587890625 56.731250762939453125 55.375
51.418750762939453125 49.581249237060546875 46.731250762939453125 44.41249847412109375 42.21875 40.11875152587890625 38.28125 36.581249237060546875 34.36875152587890625 32.91249847412109375 33.63124847412109375 33.22499847412109375 31.825000762939453125 29.53125 27.59375 25.118749618530273438 22.637500762939453125 20.46875 18.28125 16.362499237060546875 16.393749237060546875 16.78125 17.174999237060546875 20.024999618530273438 22.993749618530273438 25.512500762939453125 29.756250381469726562 34.13124847412109375 36.9375 39.16249847412109375 41.018749237060546875 41.59999847412109375 41.231250762939453125 41.075000762939453125 41.549999237060546875 42.50624847412109375 44.887500762939453125 47.737499237060546875 48.61875152587890625 50.16249847412109375 50.41249847412109375 51.243747711181640625 50.22499847412109375
46.41249847412109375 44.81874847412109375 41.549999237060546875 39.65625 37.53749847412109375 35.24375152587890625 33.375 31.568750381469726562 30.143749237060546875 28.65625 30.8125 31.006250381469726562 29.243749618530273438 27.893749237060546875 25.943750381469726562 23.15625 20.274999618530273438 17.931249618530273438 16.143749237060546875 14.300000190734863281 14.512499809265136719 14.912500381469726562 15.59375 18.299999237060546875 21.15625 23.931249618530273438 28.200000762939453125 32.543750762939453125 35.80625152587890625 37.6875 38.862499237060546875 40.21250152587890625 40.081249237060546875 38.481250762939453125 38.043750762939453125 38.43125152587890625 41.38124847412109375 44.200000762939453125 45.362499237060546875 46.71875 45.30625152587890625 45.15000152587890625 44.818752288818359375
