data/historical-monthly-weather-data/wc2.1_cruts4.09_10m_prec_1969-05.asc
ncols        45
nrows        45
xllcorner    -63.500000000000
yllcorner    -7.500000000000
cellsize     0.166666666667
NODATA_value -9999
[rows 20 to 39 of 45, columns 0 to 43 of 45]
202.1374969482421875 216.787506103515625 228.524993896484375 236.600006103515625 244.4562530517578125 258.649993896484375 269.537506103515625 276.649993896484375 280.11248779296875 279.5 279.818756103515625 279.76251220703125 274.54376220703125 268.57501220703125 259.412506103515625 252.787506103515625 242.28125 241.837493896484375 248.9499969482421875 252.6687469482421875 271.631256103515625 289.875 305.462493896484375 309.693756103515625 309.67498779296875 301.6875 284.931243896484375 275.13751220703125 266.443756103515625 258.274993896484375 253.6062469482421875 252.7062530517578125 245.725006103515625 241.837493896484375 243.118743896484375 247.3062591552734375 249.243743896484375 247.725006103515625 241.9875030517578125 233.125 224.8312530517578125 216.493743896484375 212.2687530517578125 213.5
192.712493896484375 200.681243896484375 215.818756103515625 230.256256103515625 239.350006103515625 250.4250030517578125 263.743743896484375 274.57501220703125 279.23748779296875 279.73748779296875 278.931243896484375 275.818756103515625 270.07501220703125 263.368743896484375 259.61248779296875 250.943756103515625 253.5625 251.287506103515625 257.068756103515625 258.96875 266.25 281.45623779296875 295.731231689453125 294.86248779296875 289.006256103515625 286.67498779296875 282.21875 272.23126220703125 270.09375 264.0625 254.743743896484375 246.4875030517578125 244.0500030517578125 243.3937530517578125 239.9375 239.6750030517578125 241.868743896484375 240.5500030517578125 234.9562530517578125 227.3062591552734375 220.9187469482421875 213.6687469482421875 209.056243896484375 208.09375
183.84375 197.9375 211.899993896484375 226.337493896484375 235.787506103515625 245.899993896484375 251.21875 263.506256103515625 275.09375 277.23748779296875 274.60626220703125 270.774993896484375 269.631256103515625 264.024993896484375 260.54998779296875 255.2375030517578125 253.350006103515625 254.0124969482421875 256.66876220703125 259.493743896484375 268.556243896484375 274.693756103515625 284.59375 282.337493896484375 282.25 278.42498779296875 270.20001220703125 267.59375 266.14373779296875 259.04998779296875 248.5625 244.0437469482421875 244.725006103515625 242.65625 240.7937469482421875 233.3000030517578125 231.2312469482421875 232.274993896484375 231.5187530517578125 224.3125 216.618743896484375 210.5 205.40625 203.4875030517578125
172.3312530517578125 187.84375 204.53125 217.2312469482421875 226.46875 234.256256103515625 248.318756103515625 258.38751220703125 264.037506103515625 265.693756103515625 266.70001220703125 269.649993896484375 267.806243896484375 265.84375 260.61248779296875 255.837493896484375 253.8249969482421875 256.875 260.868743896484375 265.10626220703125 268.28125 274.25 279.0625 280.95001220703125 276.76251220703125 268.1875 263.462493896484375 261.58123779296875 262.0625 260.725006103515625 257.125 253.912506103515625 254.350006103515625 250.3125 245.8125 234.1999969482421875 234.2062530517578125 231.84375 228.162506103515625 222.0187530517578125 213.7062530517578125 209.4187469482421875 205.4562530517578125 201.3249969482421875
165.037506103515625 180.5625 195.5500030517578125 211.506256103515625 223.131256103515625 232.3312530517578125 239.5187530517578125 249.837493896484375 254.625 258.8125 259.92498779296875 261.100006103515625 263.975006103515625 262.39373779296875 257.368743896484375 255.4250030517578125 257.0625 259.462493896484375 261.693756103515625 265.931243896484375 271.67498779296875 274.01251220703125 279.70623779296875 278.51251220703125 273.274993896484375 272.25 267.118743896484375 265.818756103515625 265.112518310546875 268.20001220703125 265.96875 268.82501220703125 267.38751220703125 261.631256103515625 250.5749969482421875 240.59375 237.024993896484375 229.1062469482421875 224.25 218.5187530517578125 211.9250030517578125 206.462493896484375 202.7687530517578125 196.7624969482421875
162.1999969482421875 178.2312469482421875 188.368743896484375 203.03125 211.9562530517578125 220.193756103515625 226.96875 236.28125 238.7375030517578125 240.600006103515625 249.162506103515625 254.0437469482421875 254.53125 255.1437530517578125 256.837493896484375 255.600006103515625 257.82501220703125 260.625 262.931243896484375 265.75 271.068756103515625 273.08123779296875 278 273.1875 271.774993896484375 269.881256103515625 271.475006103515625 270.08123779296875 268.462493896484375 272.40625 276.34375 286.53125 285.40625 271.274993896484375 256.693756103515625 246.90625 237.3874969482421875 229.4250030517578125 219.368743896484375 212.9875030517578125 207.6750030517578125 200.899993896484375 195.2062530517578125 191.9499969482421875
158.431243896484375 167.3687591552734375 179.1875 190.806243896484375 198.96875 207.2375030517578125 213.693756103515625 219.2312469482421875 224.037506103515625 233.6374969482421875 240.78125 243.625 247.8625030517578125 251.125 253.274993896484375 255.212493896484375 255.631256103515625 256.82501220703125 264.48126220703125 266.493743896484375 268.64373779296875 271.88751220703125 276.212493896484375 275.89373779296875 273.912506103515625 272.399993896484375 273.01873779296875 271.32501220703125 270.818756103515625 272.193756103515625 280.443756103515625 290.618743896484375 294.1875 274.98126220703125 256.54998779296875 244.4187469482421875 237.381256103515625 226.3312530517578125 216.4187469482421875 209.9812469482421875 203.6437530517578125 197.274993896484375 192 186.65625
155.71875 160.568756103515625 169.6750030517578125 177.2687530517578125 185.4875030517578125 194.5625 202 206.181243896484375 213.381256103515625 222.9375 229.5625 233.399993896484375 239.0749969482421875 243.1750030517578125 247.943756103515625 248.100006103515625 252.25 258.868743896484375 266.48126220703125 270.01873779296875 271.806243896484375 272.625 279.35626220703125 277.0625 275.48748779296875 271.850006103515625 272.46875 270.28125 270.193756103515625 272.318756103515625 278.006256103515625 284.42498779296875 283.03125 267.912506103515625 254.587493896484375 242.53125 232.225006103515625 224.2062530517578125 216.3625030517578125 207.2687530517578125 199.381256103515625 195.1750030517578125 190.34375 186.274993896484375
150.412506103515625 153.5749969482421875 159.256256103515625 165.71875 172.4499969482421875 177.7687530517578125 183.8562469482421875 192.65625 203.649993896484375 210.7687530517578125 218.412506103515625 225.03125 230.8937530517578125 238.693756103515625 245.96875 251.131256103515625 255.443756103515625 260.26873779296875 266.225006103515625 270.79998779296875 273.04376220703125 273.381256103515625 277.506256103515625 274.625 272.17498779296875 265.993743896484375 266.60626220703125 266.743743896484375 266.037506103515625 266.16876220703125 269.90625 270.774993896484375 266.243743896484375 255.6125030517578125 247.725006103515625 237.1437530517578125 228.306243896484375 218.6437530517578125 211.1875 202.4187469482421875 191.868743896484375 186.0749969482421875 185.4812469482421875 186.1437530517578125
146.4562530517578125 147.1999969482421875 149.787506103515625 152.256256103515625 156.65625 164.537506103515625 171.524993896484375 182.337493896484375 191.7937469482421875 198.131256103515625 207.318756103515625 215.568756103515625 223.5437469482421875 233.2687530517578125 241.21875 247.618743896484375 252.6374969482421875 261.6875 266.16876220703125 267.79376220703125 270.36248779296875 273.23126220703125 276.10626220703125 271.149993896484375 264.712493896484375 263.6875 259.912506103515625 255.318756103515625 253.9250030517578125 254.25 256.71875 254.868743896484375 250.287506103515625 243.8249969482421875 237.65625 226.850006103515625 222.931243896484375 214.7375030517578125 206.3625030517578125 202.212493896484375 195.2750091552734375 188.5437469482421875 183.818756103515625 180.756256103515625
142.4375 140.649993896484375 140.6062469482421875 142.9499969482421875 146.818756103515625 154.0124969482421875 163.1062469482421875 171.587493896484375 181.006256103515625 189.4875030517578125 198.756256103515625 206.475006103515625 218.2375030517578125 225.693756103515625 234.3874969482421875 243.625 251.256256103515625 257.84375 264.068756103515625 268.625 267.6875 268.568756103515625 271.21875 263.274993896484375 256.59375 257.1875 251.5 244.84375 242.774993896484375 241.3000030517578125 243.5187530517578125 239.3000030517578125 234.7687530517578125 230.2062530517578125 224.493743896484375 214.59375 211.03125 207.162506103515625 203.03125 197.837493896484375 194.975006103515625 187.881256103515625 182.3874969482421875 176.4187469482421875
135.649993896484375 132.2375030517578125 131.975006103515625 134.100006103515625 138.1125030517578125 144.087493896484375 154.6999969482421875 160.9812469482421875 169.9250030517578125 178.125 187.412506103515625 195.0749969482421875 206.6437530517578125 218.193756103515625 226.943756103515625 237.7687530517578125 242.71875 248.6687469482421875 255 260.41876220703125 258.774993896484375 260.21875 261.631256103515625 255.4812469482421875 252.8125 248.818756103515625 242.875 234.4875030517578125 228.493743896484375 227.868743896484375 225.1437530517578125 222.5812530517578125 217.693756103515625 213.787506103515625 210.34375 202.9187469482421875 198.9187469482421875 196.7062530517578125 192.931243896484375 192.8874969482421875 190.4875030517578125 185.274993896484375 180.8249969482421875 178.1374969482421875
130.0187530517578125 127.3312530517578125 126.4812469482421875 128.631256103515625 130.3125 135.28125 143.4187469482421875 149.818756103515625 158.5187530517578125 168.28125 180.875 189.4499969482421875 200.7375030517578125 213.787506103515625 221.46875 228.412506103515625 233.725006103515625 242.131256103515625 245.1125030517578125 249.600006103515625 247.3562469482421875 249.8937530517578125 249.4499969482421875 246 242.5124969482421875 239.256256103515625 231.274993896484375 223.6687469482421875 215.443756103515625 212.6125030517578125 210.3874969482421875 206.475006103515625 200.3937530517578125 199.649993896484375 195.681243896484375 192.3874969482421875 186.568756103515625 184.743743896484375 181.837493896484375 184.2312469482421875 182.068756103515625 179.9875030517578125 177.1125030517578125 176.5812530517578125
125.08750152587890625 121.9562530517578125 122.40625 123.4562530517578125 125.375 128.5749969482421875 133.899993896484375 138.6437530517578125 146.556243896484375 156.274993896484375 168.181243896484375 180.850006103515625 191.681243896484375 202.8000030517578125 212.1437530517578125 221.149993896484375 227.5625 233.774993896484375 234.2937469482421875 235.90625 237.100006103515625 239.65625 239.2375030517578125 233.6750030517578125 230.681243896484375 225.9562530517578125 217.3625030517578125 209.0812530517578125 203.0749969482421875 199.25 196.1062469482421875 191.631256103515625 186.8874969482421875 183.34375 180.96875 177.4187469482421875 174.34375 170.0124969482421875 170.3874969482421875 171.4187469482421875 169.881256103515625 170.9499969482421875 172 172.5812530517578125
119.7312469482421875 117.0187530517578125 117.68125152587890625 119.09999847412109375 120.61875152587890625 122.84999847412109375 124.71875 128.71875 134.0749969482421875 143.9562530517578125 156.881256103515625 170.3000030517578125 185.03125 198.943756103515625 207.28125 214.631256103515625 219.787506103515625 224.9250030517578125 225.131256103515625 223.462493896484375 224.4562530517578125 224.7062530517578125 225.943756103515625 220.475006103515625 216.600006103515625 212.1374969482421875 206.462493896484375 199.431243896484375 192.8000030517578125 189.03125 183.8312530517578125 178.6687469482421875 172.1437530517578125 169.25 162.375 160.5187530517578125 156.462493896484375 157.712493896484375 158.1500091552734375 158.125 157.5500030517578125 157.2937469482421875 158.975006103515625 161.787506103515625
118.28749847412109375 116.69374847412109375 116.1374969482421875 116.72499847412109375 117.21250152587890625 118.5625 119.05625152587890625 122.25624847412109375 126.9187469482421875 133.3312530517578125 143.9749908447265625 160.756256103515625 178.3125 191.3312530517578125 200.837493896484375 207.068756103515625 211.618743896484375 212.912506103515625 214.600006103515625 212.087493896484375 212.6374969482421875 212.475006103515625 212.34375 208.2312469482421875 203.6999969482421875 198.8562469482421875 196.21875 190.5812530517578125 182.46875 177.71875 172.8874969482421875 167.2624969482421875 160.4499969482421875 153.931243896484375 148.568756103515625 145.9499969482421875 147.4875030517578125 145.1999969482421875 145.8249969482421875 148.443756103515625 147.412506103515625 149.3249969482421875 149.59375 151.9250030517578125
117.84999847412109375 117.08750152587890625 116.21250152587890625 116.31874847412109375 116.97499847412109375 116.66249847412109375 116.8125 117.25 120.0625 121.86875152587890625 136.318756103515625 159.493743896484375 175.537506103515625 186.868743896484375 194.6374969482421875 200.1125030517578125 202.4875030517578125 202.25 202.8312530517578125 198.6999969482421875 199.5437469482421875 199.34375 197.274993896484375 193.600006103515625 190.087493896484375 187.962493896484375 184.3249969482421875 179.056243896484375 172.25 167.9375 163.6374969482421875 158.6750030517578125 151.087493896484375 142.5 137.662506103515625 137.2062530517578125 137.256256103515625 136.9562530517578125 136.5187530517578125 136.96875 136.1750030517578125 136.1750030517578125 139.7687530517578125 142.5812530517578125
117.13124847412109375 116.2624969482421875 116.58750152587890625 116.1687469482421875 117.3562469482421875 117.22499847412109375 116.97499847412109375 116.1875 118.3312530517578125 119.4187469482421875 141.3937530517578125 164.631256103515625 176.4499969482421875 186.006256103515625 191.287506103515625 194.975006103515625 195.8625030517578125 195.4812469482421875 192.84375 189.9875030517578125 187.1374969482421875 186.243743896484375 184.2062530517578125 180.774993896484375 177.587493896484375 175.318756103515625 170.59375 169.931243896484375 165.40625 159.493743896484375 153.725006103515625 148.84375 142.53125 133.318756103515625 126.3312530517578125 126.36875152587890625 128.0812530517578125 127.6062469482421875 129.381256103515625 128.2375030517578125 127.83124542236328125 128.287506103515625 127.6125030517578125 127.9875030517578125
111.2624969482421875 111.0500030517578125 111.97499847412109375 113.1374969482421875 113.3125 114.6437530517578125 116.9375 120.13124847412109375 127.3000030517578125 141.181243896484375 166.912506103515625 176.7312469482421875 180.1125030517578125 186.3625030517578125 189.7062530517578125 191.7687530517578125 192.475006103515625 190.4499969482421875 187.4375 182.506256103515625 176.9375 172.8312530517578125 171.4499969482421875 169.975006103515625 166.0187530517578125 163.774993896484375 162.5437469482421875 162.368743896484375 157.4875030517578125 153.912506103515625 147.100006103515625 139.3125 134.875 129.649993896484375 126.4812469482421875 125.32500457763671875 124.7062530517578125 125.90625 124.25624847412109375 121.50624847412109375 122.5625 122.44374847412109375 120.65000152587890625 122.0625
106.56874847412109375 106.61875152587890625 108.9562530517578125 110.78125 112.6750030517578125 115.1374969482421875 117.8562469482421875 125.6437530517578125 136.0187530517578125 150.3312530517578125 165.462493896484375 176.46875 179.850006103515625 183.587493896484375 187.9250030517578125 187.5749969482421875 186.3249969482421875 182.9875030517578125 178.28125 174.087493896484375 166.5 162.03125 157.4562530517578125 156.056243896484375 154.5812530517578125 153.962493896484375 152.774993896484375 152.5500030517578125 149.4499969482421875 146.2375030517578125 142.100006103515625 138.3312530517578125 133.962493896484375 130.4499969482421875 127.70000457763671875 125.47499847412109375 123.75624847412109375 124.21250152587890625 122.02500152587890625 116.9812469482421875 116.38124847412109375 116.125 113.43125152587890625 112.5437469482421875
