data/historical-monthly-weather-data/wc2.1_cruts4.09_10m_prec_1953-11.asc
ncols        45
nrows        45
xllcorner    -63.500000000000
yllcorner    -7.500000000000
cellsize     0.166666666667
NODATA_value -9999
[rows 19 to 37 of 45, columns 0 to 43 of 45]
140.287506103515625 142.5 144.8062591552734375 147.681243896484375 150.556243896484375 153.868743896484375 156.462493896484375 158.15625 159.7062530517578125 160.4375 159.2624969482421875 154.6750030517578125 148.6062469482421875 142.337493896484375 138.15625 134.8125 131.693756103515625 133.125 135.9562530517578125 140.225006103515625 142.1374969482421875 140.587493896484375 138.868743896484375 140.693756103515625 143.0500030517578125 143.912506103515625 143.962493896484375 142.1437530517578125 134.5812530517578125 124.5437469482421875 118.8562469482421875 123.06874847412109375 129.193756103515625 136.0625 141.78125 146.524993896484375 151.787506103515625 157.056243896484375 158.9375 159.787506103515625 159.756256103515625 157.4187469482421875 151.6437530517578125 146.7937469482421875
135.65625 138.943756103515625 142.3812408447265625 145.7937469482421875 148.71875 152.7937469482421875 156.8062591552734375 159.96875 162.78125 164.056243896484375 163.8625030517578125 160.587493896484375 155.75 149.15625 144.4499969482421875 139.556243896484375 135.53125 134.71875 137.318756103515625 139.274993896484375 141.5437469482421875 141.9562530517578125 141.162506103515625 144.28125 147.9187469482421875 149.7937469482421875 149.8000030517578125 146.256256103515625 140.975006103515625 137.2312469482421875 134.8937530517578125 137.712493896484375 142.5500030517578125 148.7687530517578125 155.024993896484375 161.0749969482421875 165.25 169.2687530517578125 169.725006103515625 169.8249969482421875 168.412506103515625 165.4375 160.931243896484375 155.743743896484375
131.868743896484375 134.568756103515625 138.7687530517578125 142.8937530517578125 146.9250030517578125 151.568756103515625 156.7624969482421875 160.9875030517578125 165.568756103515625 168.350006103515625 169.287506103515625 168.006256103515625 164.537506103515625 158.3562469482421875 152.4499969482421875 146.5500030517578125 142.475006103515625 140.1750030517578125 140.118743896484375 141.131256103515625 141.006256103515625 141.0749969482421875 141.837493896484375 145.725006103515625 149.6374969482421875 152.7062530517578125 155.2062530517578125 153.931243896484375 152.149993896484375 150.649993896484375 148.6125030517578125 150.9562530517578125 155.662506103515625 163.3937530517578125 171.4250030517578125 177.068756103515625 180.943756103515625 183.8312530517578125 181.9562530517578125 180.7937469482421875 178.149993896484375 174.6062469482421875 170.368743896484375 166.09375
128.368743896484375 132.0625 136.3125 140.8000030517578125 145.4000091552734375 150.287506103515625 155.399993896484375 161.431243896484375 167.6062469482421875 171.3562469482421875 174.287506103515625 174.8125 175.462493896484375 170.4375 161.506256103515625 153.5187530517578125 148.0187530517578125 144.9250030517578125 143.087493896484375 142.318756103515625 141.90625 141.506256103515625 141.899993896484375 146.4250030517578125 152.2312469482421875 157.1062469482421875 160.181243896484375 161.943756103515625 161.7375030517578125 161.350006103515625 161.5812530517578125 164.25 170.7375030517578125 179.4562530517578125 187.6937408447265625 193.7624969482421875 197.5625 198.0124969482421875 194.443756103515625 191.6437530517578125 188.6875 184.399993896484375 179.8937530517578125 175.46875
125.3312530517578125 129.09375 133.493743896484375 137.493743896484375 142.40625 148.1750030517578125 153.9124908447265625 160.537506103515625 166.3937530517578125 171.1062469482421875 175.2062530517578125 179.8312530517578125 183.6374969482421875 178.4812469482421875 167.993743896484375 159.2062530517578125 152.875 149.21875 146.2375030517578125 143.868743896484375 143.2062530517578125 142.6374969482421875 142.443756103515625 147.7312469482421875 154.412506103515625 160.068756103515625 166.3874969482421875 168.087493896484375 170.3937530517578125 171.3625030517578125 173.9499969482421875 177.912506103515625 184.9499969482421875 193.6687469482421875 202.943756103515625 210.600006103515625 214.5625 212.75 208.068756103515625 203.600006103515625 199.068756103515625 193.818756103515625 188.524993896484375 183.337493896484375
124.1999969482421875 127.15000152587890625 131.3312530517578125 135.412506103515625 140.7687530517578125 146 151.375 157.5749969482421875 163.774993896484375 168.912506103515625 173.96875 177.53125 180.625 178.03125 170.0812530517578125 162.1875 155.993743896484375 151.59375 148.337493896484375 145.4812469482421875 144.3000030517578125 142.743743896484375 143.181243896484375 148.787506103515625 155.6374969482421875 163.8625030517578125 170.493743896484375 175.024993896484375 178.3000030517578125 181.8625030517578125 185.03125 189.8625030517578125 197.431243896484375 206.493743896484375 215.1437530517578125 221.3000030517578125 225.399993896484375 224.006256103515625 219.3312530517578125 214.8562469482421875 209.15625 202.912506103515625 197.8249969482421875 193.306243896484375
125.0124969482421875 127.78749847412109375 129.912506103515625 134.0749969482421875 138.2375030517578125 142.8625030517578125 147.6687469482421875 153.318756103515625 159.1750030517578125 164.53125 169.381256103515625 173.243743896484375 175.3562469482421875 174.412506103515625 169.193756103515625 163.256256103515625 158.1687469482421875 153.993743896484375 150.5749969482421875 147.725006103515625 146.1062469482421875 144.40625 143.90625 148.9375 157.34375 167.2624969482421875 175.6875 182.2375030517578125 187.5124969482421875 192.162506103515625 195.8312530517578125 200.9875030517578125 209.1875 217.1437530517578125 225.5437469482421875 230.6437530517578125 233.8874969482421875 234.350006103515625 231.0625 226.1437530517578125 220.556243896484375 213.399993896484375 205.6750030517578125 201.587493896484375
126.25624847412109375 127.125 128.7624969482421875 131.493743896484375 134.3562469482421875 138.3249969482421875 143.743743896484375 148.774993896484375 153.4250030517578125 158.8562469482421875 164.6437530517578125 168.9250030517578125 171.5749969482421875 172.118743896484375 168.493743896484375 163.274993896484375 159.1750030517578125 155.8312530517578125 152.868743896484375 149.6999969482421875 148.0625 146.3562469482421875 145.4875030517578125 151.037506103515625 161.068756103515625 171.5124969482421875 180.350006103515625 188.0187530517578125 195.25 199.4375 204.25 209.71875 219.28125 228.25 235.756256103515625 240.7937469482421875 244.274993896484375 245.0124969482421875 243.125 239.1687469482421875 233.912506103515625 225.1437530517578125 216.15625 209.6125030517578125
127.46250152587890625 126.42499542236328125 127.11875152587890625 128.399993896484375 130.46875 133.7687530517578125 138.5812530517578125 143.712493896484375 148.7937469482421875 154.181243896484375 159.1687469482421875 164.068756103515625 167.5500030517578125 169.21875 167.149993896484375 163.2624969482421875 159.631256103515625 157.4187469482421875 154.787506103515625 152.2687530517578125 151.443756103515625 149.96875 150.975006103515625 158.024993896484375 167.587493896484375 177.399993896484375 185.943756103515625 194.493743896484375 201.993743896484375 206.399993896484375 210.399993896484375 216.193756103515625 226.6374969482421875 235.78125 245.3000030517578125 250.618743896484375 254.368743896484375 257.212493896484375 254.3562469482421875 253.0749969482421875 250.037506103515625 240.3562469482421875 225.868743896484375 216.868743896484375
129.193756103515625 126.3125 125.1875 125.43125152587890625 126.53125 129.3125 133.524993896484375 138.3562469482421875 144.1687469482421875 149.443756103515625 154.6187591552734375 159.568756103515625 164.1687469482421875 166.725006103515625 165.5 163.5625 161.6062469482421875 159.274993896484375 157.1875 155.3312530517578125 155.4812469482421875 155.068756103515625 157.1062469482421875 165.5124969482421875 174.9250030517578125 184.2687530517578125 193.2375030517578125 201.1437530517578125 209.0500030517578125 212.5437469482421875 216.4812469482421875 221.6687469482421875 231.8312530517578125 242.337493896484375 253.6437530517578125 259.63751220703125 264.53125 267.54998779296875 265.17498779296875 262.931243896484375 262.14373779296875 250.556243896484375 237.15625 231.524993896484375
135.1062469482421875 130.368743896484375 127.6374969482421875 125.21250152587890625 125.25 127.51874542236328125 130.90625 135.0749969482421875 140.568756103515625 145.3249969482421875 150.53125 156.1875 161.537506103515625 165.6437530517578125 165.625 164.875 162.9812469482421875 162.056243896484375 160.125 158.6999969482421875 159.381256103515625 160.899993896484375 163.6374969482421875 171.493743896484375 180.7687530517578125 190.375 198.850006103515625 206.100006103515625 213.1437530517578125 218.0187530517578125 222.3937530517578125 228.056243896484375 238.96875 251.3125 263.193756103515625 269.225006103515625 274.350006103515625 280.04998779296875 276.13751220703125 273.58123779296875 273.14373779296875 270.25 262.568756103515625 260.443756103515625
140.9812469482421875 134.662506103515625 130.4625091552734375 126.75 124.90625 126.86875152587890625 129.40625 132.4375 136.9375 142.1875 147.600006103515625 153.787506103515625 160.256256103515625 164.399993896484375 165.774993896484375 166.3562469482421875 166.493743896484375 165.462493896484375 163.3562469482421875 163.6999969482421875 165.431243896484375 167.5437469482421875 170.71875 178.443756103515625 186.818756103515625 196.3312530517578125 203.7375030517578125 210.837493896484375 217.2312469482421875 222.4250030517578125 227.9875030517578125 234.943756103515625 246.443756103515625 260.84375 272.58123779296875 279.4375 286.38751220703125 294.993743896484375 290.73126220703125 281.556243896484375 284.318756103515625 289.537506103515625 289.256256103515625 288.712493896484375
147.100006103515625 139.8312530517578125 134.5 130.4250030517578125 128.100006103515625 127.8000030517578125 129.09375 130.756256103515625 134.8000030517578125 139.53125 144.9250030517578125 151.7937469482421875 158.5625 164.1999969482421875 167.493743896484375 169.5749969482421875 170.756256103515625 170.2062530517578125 169.399993896484375 170.412506103515625 172.631256103515625 174.662506103515625 177.600006103515625 184.837493896484375 193.524993896484375 201.84375 208.2312469482421875 214.625 220.3000030517578125 227.056243896484375 233.7687530517578125 241.087493896484375 254.0812530517578125 268.54998779296875 283.118743896484375 291.743743896484375 300.412506103515625 308.64373779296875 303.88751220703125 300.04998779296875 308.64373779296875 318.70001220703125 323.6875 331.33123779296875
157.443756103515625 150.21875 144.1687469482421875 139.506256103515625 136.0500030517578125 134.131256103515625 133.7937469482421875 134.1687469482421875 136.6437530517578125 140.1125030517578125 145.5812530517578125 151.899993896484375 159.225006103515625 166.7687530517578125 170.84375 174.4250030517578125 176.3937530517578125 177.881256103515625 178.4187469482421875 179.6750030517578125 181.65625 182.631256103515625 184.15625 190.3312530517578125 197.96875 204.931243896484375 210.8125 216.4375 222.787506103515625 230.743743896484375 238.993743896484375 247.8562469482421875 262.024993896484375 277.399993896484375 294.29998779296875 305.693756103515625 317.70001220703125 326.95623779296875 325.587493896484375 333.225006103515625 345.443756103515625 358.212493896484375 370.98126220703125 387.98748779296875
167.774993896484375 161.006256103515625 154.4562530517578125 149.3562469482421875 144.5500030517578125 141.350006103515625 138.9187469482421875 138.0124969482421875 139.0812530517578125 140.975006103515625 145.068756103515625 152.537506103515625 160.931243896484375 168.3937530517578125 173.9562530517578125 179.15625 183.5 185.9875030517578125 187.600006103515625 189.4875030517578125 190.5625 190.7624969482421875 191.3562469482421875 195.850006103515625 201.8312530517578125 207.09375 212.9875030517578125 217.931243896484375 224.193756103515625 233.53125 243.6062469482421875 255.1062469482421875 270.95623779296875 287.89373779296875 306.625 321.399993896484375 334.443756103515625 344.28125 352.51251220703125 367.41876220703125 382.61248779296875 399.83123779296875 422.26251220703125 448.29376220703125
178.6374969482421875 172.225006103515625 165.337493896484375 159.0187530517578125 153.4875030517578125 148.787506103515625 144.568756103515625 142.193756103515625 140.756256103515625 141.8312530517578125 145.6687469482421875 154.181243896484375 163.3312530517578125 172.3562469482421875 179.681243896484375 185.212493896484375 191.125 194.587493896484375 196.9250030517578125 199.037506103515625 199.881256103515625 199.1999969482421875 198.4812469482421875 200.6437530517578125 204.037506103515625 208.412506103515625 213.1750030517578125 218.5749969482421875 224.350006103515625 235.4499969482421875 248.1125030517578125 261.306243896484375 278.45623779296875 298.11248779296875 316.73126220703125 331.92498779296875 346.66876220703125 365.90625 379.92498779296875 396.53125 416.725006103515625 436.162506103515625 461.943756103515625 490.806243896484375
190.337493896484375 184.068756103515625 177.243743896484375 170.5124969482421875 164.568756103515625 159.100006103515625 153.8874969482421875 149.024993896484375 145.693756103515625 145.0500030517578125 149.375 158.443756103515625 169.09375 179.2937469482421875 186.3312530517578125 193.3874969482421875 198.5625 202.725006103515625 206.2312469482421875 209.59375 209.59375 206.75 204.46875 204.943756103515625 206.3625030517578125 208.5500030517578125 212.774993896484375 217.8125 223.649993896484375 235.243743896484375 250.306243896484375 264.818756103515625 283.82501220703125 304.181243896484375 321.912506103515625 337.087493896484375 359.100006103515625 379.23126220703125 393.83123779296875 413.431243896484375 436.29376220703125 455.45001220703125 478.9375 506.65625
202.131256103515625 196.5500030517578125 190.131256103515625 183.649993896484375 177.2375030517578125 170.993743896484375 164.212493896484375 157.693756103515625 152.0187530517578125 147.6374969482421875 153.3625030517578125 167.21875 178.0500030517578125 186.4562530517578125 193.65625 200.431243896484375 205.7624969482421875 209.9250030517578125 213.8625030517578125 216.881256103515625 215.8562469482421875 212.2624969482421875 209.1687469482421875 207.65625 207.0187530517578125 208.125 210.7624969482421875 215.8249969482421875 220.8937530517578125 234.8937530517578125 251.0999908447265625 268.931243896484375 288.506256103515625 309.868743896484375 328.412506103515625 346.54376220703125 369.087493896484375 391.3125 408.806243896484375 425.79998779296875 446.76251220703125 464.875 486.96875 513.76251220703125
216.243743896484375 210.53125 203.875 197.625 190.9250030517578125 184.09375 176.9562530517578125 169.693756103515625 163.125 156.6687469482421875 167.756256103515625 182.6125030517578125 189.7624969482421875 195.725006103515625 201.9187469482421875 207.912506103515625 212.8000030517578125 216.3312530517578125 219.3000030517578125 220.1687469482421875 219.2312469482421875 216.100006103515625 212.881256103515625 209.181243896484375 207.212493896484375 206.875 208.818756103515625 213.21875 218.53125 234.6062469482421875 249.7375030517578125 268.16876220703125 289.41876220703125 311.475006103515625 331.54998779296875 352.57501220703125 376.5 398.63751220703125 419.787506103515625 439.087493896484375 454.568756103515625 473.08123779296875 489.787506103515625 510.306243896484375
