data/historical-monthly-weather-data/wc2.1_cruts4.09_10m_prec_1968-03.asc
ncols        45
nrows        45
xllcorner    -63.500000000000
yllcorner    -7.500000000000
cellsize     0.166666666667
NODATA_value -9999
[rows 0 to 19 of 45, columns 0 to 44 of 45]
250.8937530517578125 250.25 244.493743896484375 245.118743896484375 242.9875030517578125 239.4499969482421875 231.600006103515625 223.568756103515625 216.243743896484375 213.0437469482421875 214.087493896484375 216.475006103515625 219.162506103515625 218.8874969482421875 219.4187469482421875 219.7624969482421875 222.600006103515625 220.725006103515625 221.6437530517578125 222.3625030517578125 225.8874969482421875 228.6187591552734375 232.0187530517578125 232.1437530517578125 234.3312530517578125 236.2375030517578125 237.193756103515625 241.21875 244.1687469482421875 244.375 248.475006103515625 249.8125 252.1875 256.51873779296875 260.45623779296875 267.068756103515625 273 279.98748779296875 291.01873779296875 301.318756103515625 312.225006103515625 323.54998779296875 333.431243896484375 344.381256103515625 350.57501220703125
262.95001220703125 263.54376220703125 265.293731689453125 268.193756103515625 269.78125 266.20001220703125 258.54376220703125 252.2687530517578125 248.6750030517578125 246.381256103515625 247 247.8937530517578125 249.03125 248.506256103515625 247.5437469482421875 247.1125030517578125 248.2125091552734375 247.5124969482421875 246.6125030517578125 246.399993896484375 249.243743896484375 252.212493896484375 255.9875030517578125 256.375 256.98748779296875 258 257.256256103515625 259.82501220703125 260.48748779296875 260.368743896484375 262.068756103515625 264.89373779296875 265.662506103515625 270.756256103515625 272.57501220703125 279.899993896484375 287.60626220703125 294.774993896484375 305.76251220703125 315.73126220703125 327.41876220703125 338.056243896484375 347.20623779296875 356.90625 363.17498779296875
268.0625 270.28125 275.95001220703125 282.087493896484375 285.54998779296875 284.76873779296875 283.6875 283.20001220703125 282.45623779296875 282.88751220703125 281.67498779296875 280.4375 280.806243896484375 279.96875 277.98748779296875 277.837493896484375 277.899993896484375 278.10626220703125 277.193756103515625 277.181243896484375 280.662506103515625 284.618743896484375 286.962493896484375 286.79376220703125 286.36248779296875 284.08123779296875 281.70623779296875 281.71875 279.20001220703125 277.28125 278.79998779296875 280.45623779296875 281.88751220703125 283.962493896484375 288.199981689453125 293.54376220703125 301.818756103515625 311.21875 322.125 333.76251220703125 345.5 355.100006103515625 363.506256103515625 371.4375 378.98126220703125
269.212493896484375 273.76251220703125 285.243743896484375 293.837493896484375 300.57501220703125 302.962493896484375 307.118743896484375 312.568756103515625 317.60626220703125 320.568756103515625 319.01873779296875 314.725006103515625 312.01251220703125 310.01873779296875 308.125 307.14373779296875 308.76251220703125 310.67498779296875 311.431243896484375 311.84375 316.73126220703125 319.556243896484375 319.73126220703125 317.73748779296875 315.381256103515625 311.125 306.5 301.356231689453125 296.33123779296875 294.350006103515625 293.13751220703125 295.587493896484375 296.16876220703125 297.506256103515625 300.70001220703125 308.41876220703125 317.693756103515625 327.92498779296875 340.98748779296875 352.64373779296875 362.83123779296875 372.806243896484375 380.95001220703125 387.274993896484375 394.48748779296875
277.42498779296875 279.88751220703125 289.65625 302.212493896484375 312.274993896484375 318.725006103515625 325.53125 335.96875 347.412506103515625 355.96875 353.506256103515625 345.28125 341.318756103515625 341.024993896484375 337.693756103515625 337.70001220703125 339 343.76251220703125 344.73126220703125 345.09375 350.61248779296875 352.13751220703125 353.149993896484375 349.98748779296875 345 338.86248779296875 329.48126220703125 321.26251220703125 316.36248779296875 310.931243896484375 309.993743896484375 309.26251220703125 311.83123779296875 314.04376220703125 317.04376220703125 325.731231689453125 335.274993896484375 345.48748779296875 359.84375 371.01873779296875 382.60626220703125 390.25 396.931243896484375 403.67498779296875 408.70001220703125
281.212493896484375 284.48748779296875 296.568756103515625 306.36248779296875 313.17498779296875 321.88751220703125 330.712493896484375 341.71875 355.662506103515625 368.35626220703125 364.131256103515625 356.70001220703125 355.912506103515625 355.86248779296875 355.51251220703125 357.26251220703125 361.024993896484375 368.118743896484375 373.524993896484375 375.875 379.681243896484375 381.71875 382.26251220703125 376.443756103515625 369.54998779296875 363.0625 352.212493896484375 340.88751220703125 332.0625 327.693756103515625 325.20001220703125 324.89373779296875 326.85626220703125 333.59375 340.04376220703125 348.518768310546875 360.35626220703125 371.10626220703125 384.8125 396.693756103515625 404.681243896484375 411.625 417.21875 422.17498779296875 425.149993896484375
281.84375 284.57501220703125 295.70001220703125 303.26873779296875 307.899993896484375 316.32501220703125 325.54998779296875 333.86248779296875 341.90625 349.67498779296875 356.056243896484375 357.28125 361.037506103515625 364.912506103515625 368.26873779296875 372.524993896484375 378.75 387.381256103515625 395.51251220703125 404.73126220703125 407.13751220703125 409.86248779296875 409.162506103515625 402.243743896484375 394.45623779296875 385.318756103515625 373.10626220703125 359.556243896484375 346.743743896484375 340.506256103515625 340.63751220703125 339.912506103515625 343.743743896484375 350.41876220703125 359.53125 370.600006103515625 382.068756103515625 393.82501220703125 410.45001220703125 419.21875 421.95623779296875 428.149993896484375 432.625 436.70001220703125 441.462493896484375
278.21875 280.14373779296875 288.899993896484375 296.78125 303.28125 311.787506103515625 317.1875 318.625 318.70001220703125 326.8125 342.462493896484375 352.91876220703125 363.381256103515625 372.28125 378.76873779296875 386.15625 392.600006103515625 402.556243896484375 414.63751220703125 427.5 432.23748779296875 435.21875 435.287506103515625 426.631256103515625 419.743743896484375 407.42498779296875 391.57501220703125 375.837493896484375 359.9375 353.0625 351.056243896484375 353.649993896484375 358.256256103515625 366.71875 377.412506103515625 388.91876220703125 401.274993896484375 413.193756103515625 427.36248779296875 433.831268310546875 436.04376220703125 440.818756103515625 444.3125 447.03125 449.568756103515625
275.23126220703125 276.899993896484375 286 294.162506103515625 300.181243896484375 308.03125 312.40625 311.45001220703125 304.5 308.57501220703125 330.243743896484375 346.443756103515625 361.587493896484375 371.76873779296875 382.743743896484375 394.41876220703125 404.23126220703125 415.29376220703125 430.42498779296875 444.14373779296875 445.725006103515625 451.131256103515625 451.881256103515625 449.95623779296875 442.42498779296875 427.51873779296875 406.850006103515625 387.40625 371.943756103515625 363.33123779296875 361.375 363.70001220703125 369.493743896484375 378.231231689453125 388.618743896484375 401.79998779296875 416.837493896484375 428.86248779296875 441.48126220703125 446.45001220703125 447.83123779296875 450.58123779296875 453.03125 453.78125 451.693756103515625
272.1875 273.912506103515625 282.38751220703125 290.54998779296875 297.693756103515625 306.08123779296875 311.98126220703125 313.21875 311.23748779296875 316.89373779296875 332.83123779296875 345.306243896484375 360.100006103515625 372.287506103515625 386.350006103515625 402.01873779296875 416.506256103515625 428.425018310546875 442.712493896484375 456.368743896484375 458.412506103515625 464.86248779296875 470.787506103515625 473.381256103515625 462.70623779296875 446.125 423.568756103515625 401.28125 382.287506103515625 371.600006103515625 367.82501220703125 371.681243896484375 379.78125 390.806243896484375 401.82501220703125 414.75 429.306243896484375 442.85626220703125 454.84375 460.51251220703125 462.068756103515625 463.67498779296875 461.118743896484375 454.475006103515625 451.78125
268.943756103515625 271.28125 279.037506103515625 287.60626220703125 296.20623779296875 306.475006103515625 314.287506103515625 317.42498779296875 320.25 328 339.82501220703125 350.86248779296875 362.475006103515625 375.76873779296875 392.51251220703125 410.168731689453125 426.962493896484375 439.556243896484375 451.89373779296875 464.98126220703125 470.63751220703125 478.40625 489.875 490.212493896484375 485.32501220703125 463.53125 438.28125 416.82501220703125 395.04998779296875 381.35626220703125 377.787506103515625 379.76251220703125 388 399.725006103515625 412.29376220703125 424.787506103515625 438.83123779296875 452.71875 464.350006103515625 471.743743896484375 473.068756103515625 470.73748779296875 463.5625 453.493743896484375 448.39373779296875
266.90625 270.01251220703125 278.087493896484375 287.73126220703125 296.068756103515625 308.0625 318.32501220703125 324.024993896484375 329.03125 336.29998779296875 346.381256103515625 356.618743896484375 367.36248779296875 380.681243896484375 400.61248779296875 418.65625 432.587493896484375 443.381256103515625 455.11248779296875 466.600006103515625 469.91876220703125 480.681243896484375 497.98126220703125 507.587493896484375 499.743743896484375 469.64373779296875 442.681243896484375 421.212493896484375 403.537506103515625 394.01873779296875 386.3125 384.98748779296875 391.78125 402.14373779296875 413.26873779296875 427.993743896484375 443.412506103515625 457.57501220703125 467.943756103515625 476.76251220703125 479.13751220703125 472.725006103515625 458.631256103515625 439.100006103515625 427.662506103515625
264.912506103515625 268.35626220703125 277.26873779296875 286.431243896484375 295.92498779296875 308.92498779296875 319.60626220703125 327.899993896484375 333.85626220703125 342.587493896484375 353.850006103515625 364.66876220703125 377.375 388.79998779296875 407.54998779296875 424.79376220703125 437.618743896484375 448.587493896484375 460.743743896484375 469.256256103515625 468.04998779296875 478.90625 496.25 502.225006103515625 485.524993896484375 460 443.475006103515625 426.92498779296875 412.212493896484375 404.162506103515625 396.587493896484375 390.818756103515625 394.5625 403.287506103515625 413.4375 426.70623779296875 442.556243896484375 457.524993896484375 469.70001220703125 480.66876220703125 485.412506103515625 474.41876220703125 447.806243896484375 422.13751220703125 405.625
261.63751220703125 266.243743896484375 275.368743896484375 284.95001220703125 295.53125 307.17498779296875 319.45623779296875 330.806243896484375 339.91876220703125 349.21875 359.9375 372.54998779296875 385.61248779296875 400.10626220703125 413.568756103515625 430.42498779296875 442.64373779296875 452.306243896484375 463.09375 472.881256103515625 475.881256103515625 483.181243896484375 493.03125 490.506256103515625 475.75 458.475006103515625 444.96875 430.88751220703125 417.756256103515625 410.475006103515625 404.66876220703125 397.962493896484375 397.274993896484375 401.61248779296875 409.95623779296875 424.33123779296875 441.681243896484375 456.21875 467.01251220703125 475.881256103515625 478.82501220703125 459.39373779296875 434.67498779296875 413.337493896484375 399.03125
258.337493896484375 262.92498779296875 272.875 284.524993896484375 296.256256103515625 308.20623779296875 322.11248779296875 335.350006103515625 344.95001220703125 354.76873779296875 366.51873779296875 379.5 392.899993896484375 406.79376220703125 416.912506103515625 431.612518310546875 442.631256103515625 453.45001220703125 462.70623779296875 471.756256103515625 476.412506103515625 481.51251220703125 486.5625 482.58123779296875 473.48126220703125 463.60626220703125 451.3125 438.23126220703125 426.9375 420.0625 410.21875 401 399.524993896484375 397.287506103515625 400.59375 416.78125 435.89373779296875 450.024993896484375 453.29376220703125 451.32501220703125 442.5625 431.96875 421.33123779296875 405.949981689453125 395.60626220703125
253.087493896484375 259.11248779296875 270.48126220703125 283.168731689453125 296.16876220703125 310.53125 324.39373779296875 337.725006103515625 349.943756103515625 361.587493896484375 372.57501220703125 386.8125 400.806243896484375 413.8125 423.54376220703125 433.21875 442.29998779296875 452.71875 461.23748779296875 470.67498779296875 474.068756103515625 477.04998779296875 480.350006103515625 476.912506103515625 470.76873779296875 465.51873779296875 455.899993896484375 445.787506103515625 437.70001220703125 430.162506103515625 420.868743896484375 409.35626220703125 403.0625 399.381256103515625 399.368743896484375 421.70001220703125 437.45623779296875 441.087493896484375 435.225006103515625 426.899993896484375 415.28125 410.618743896484375 405.57501220703125 396.693756103515625 389.16876220703125
248.28125 256.100006103515625 267.600006103515625 281.662506103515625 296.46875 311.36248779296875 327.3125 341.725006103515625 354.34375 366.85626220703125 377.993743896484375 393.51873779296875 408.61248779296875 420.225006103515625 430.9375 437.60626220703125 441.10626220703125 448.462493896484375 458.39373779296875 466.875 469.82501220703125 472.79998779296875 476.318756103515625 474.006256103515625 471.0625 465.681243896484375 458.51251220703125 451.881256103515625 444.5 439.21875 430.743743896484375 419.08123779296875 413.100006103515625 413.524993896484375 427.98126220703125 444.64373779296875 447.25 439.58123779296875 423.73126220703125 408.162506103515625 397.10626220703125 394.850006103515625 390.85626220703125 385.625 382.07501220703125
242.462493896484375 252.1062469482421875 265.86248779296875 281.806243896484375 298.006256103515625 313.649993896484375 329.75 345.79376220703125 359.51873779296875 372.28125 384.73748779296875 401.79376220703125 415.23126220703125 427.75 436.881256103515625 441.118743896484375 443.725006103515625 442.17498779296875 455.96875 464.431243896484375 469.149993896484375 471 472.125 469.618743896484375 467.04998779296875 465.899993896484375 458.13751220703125 454.462493896484375 450.9375 445.868743896484375 435.625 417.1875 413.01251220703125 419.774993896484375 440.70623779296875 467.212493896484375 453.85626220703125 434.26251220703125 414.212493896484375 399.96875 386.649993896484375 383.681243896484375 380.86248779296875 376.26251220703125 373.506256103515625
236.149993896484375 247.6687469482421875 262.587493896484375 280.01251220703125 298.53125 316.306243896484375 333.79998779296875 350.79998779296875 364.54998779296875 377.806243896484375 390.631256103515625 404.431243896484375 420.14373779296875 434 439.78125 441.66876220703125 441.89373779296875 439.70001220703125 446.431243896484375 456.25 463.66876220703125 467.86248779296875 462.08123779296875 460.899993896484375 460.82501220703125 462.07501220703125 457.962493896484375 453.493743896484375 452.08123779296875 449.368743896484375 440.806243896484375 417.45623779296875 405.51251220703125 401.212493896484375 412.63751220703125 433.25 427.57501220703125 415.443756103515625 403.381256103515625 390.431243896484375 379.71875 375.193756103515625 372.39373779296875 368.743743896484375 366.881256103515625
227.71875 241.8562469482421875 258.11248779296875 276.98748779296875 297.45001220703125 317.61248779296875 336.92498779296875 355.29376220703125 369.5625 382.09375 394.212493896484375 406.899993896484375 423.28125 439.024993896484375 440.33123779296875 435.29376220703125 430.243743896484375 434.89373779296875 439.58123779296875 447.86248779296875 450.618743896484375 450.806243896484375 451.875 450.1875 450.70623779296875 451.76251220703125 449.92498779296875 448.975006103515625 445.88751220703125 439.6875 427.51873779296875 408.15625 386.837493896484375 367.75 357.875 372.181243896484375 388.90625 392.26873779296875 389.16876220703125 382.29376220703125 373.287506103515625 368.51873779296875 366.13751220703125 363.256256103515625 363.08123779296875
