data/historical-monthly-weather-data/wc2.1_cruts4.09_10m_prec_1986-09.asc
ncols        51
nrows        45
xllcorner    -63.500000000000
yllcorner    -7.500000000000
cellsize     0.166666666667
NODATA_value -9999
[rows 0 to 18 of 45, columns 0 to 43 of 51]
262.04376220703125 260.54998779296875 257.89373779296875 259.337493896484375 256.662506103515625 249.381256103515625 235.6125030517578125 220.0124969482421875 207.912506103515625 196.962493896484375 189.0437469482421875 183.256256103515625 177.493743896484375 169.65625 163.2624969482421875 155.975006103515625 150.46875 143.2062530517578125 137.5 131.0437469482421875 126.7062530517578125 120.69374847412109375 116.05625152587890625 112.58750152587890625 108.875 107.1062469482421875 107.0437469482421875 107.0437469482421875 105.75624847412109375 105.6999969482421875 104.7937469482421875 105.03125 106.8625030517578125 106.84375 107.53749847412109375 107.5749969482421875 108.69374847412109375 109.4250030517578125 108 106.6374969482421875 105.49375152587890625 103.75 100.8249969482421875 98.3125
250.5625 249.6374969482421875 253.4499969482421875 261.306243896484375 269.33123779296875 257.13751220703125 241.1062469482421875 230.193756103515625 218.131256103515625 206.462493896484375 197.5124969482421875 190.0749969482421875 183.0625 173.5187530517578125 166.1125030517578125 159.506256103515625 152.037506103515625 145.225006103515625 138.84375 132.65625 127.5124969482421875 123.5124969482421875 118.81874847412109375 116.15625 111.7687530517578125 109.5437469482421875 109.8249969482421875 109.88124847412109375 107.66249847412109375 107.78749847412109375 107.83750152587890625 109.38124847412109375 110.2937469482421875 111.7937469482421875 112.80625152587890625 112.6125030517578125 113.3312530517578125 114.1687469482421875 112.3312530517578125 110.72499847412109375 109.6062469482421875 108.0749969482421875 106.11875152587890625 102.74375152587890625
229.4812469482421875 232.3562469482421875 238.0625 248.3562469482421875 256.962493896484375 251.337493896484375 240.0124969482421875 230.28125 220.756256103515625 210.837493896484375 202.3249969482421875 194.318756103515625 186.850006103515625 176.7687530517578125 168 161.443756103515625 153.381256103515625 146.6750030517578125 140.149993896484375 134.256256103515625 129.443756103515625 125.05625152587890625 121.28749847412109375 118.9250030517578125 114.99375152587890625 111.97499847412109375 113.4562530517578125 112.5437469482421875 110.5 110.47499847412109375 110.2312469482421875 111.71875 114.21250152587890625 115.78125 117.0187530517578125 116.0124969482421875 116.2062530517578125 116.9812469482421875 115.5124969482421875 114.2937469482421875 113.3625030517578125 111.0812530517578125 109.5500030517578125 106.5749969482421875
204.65625 208.8937530517578125 222.25 230.756256103515625 238.90625 237.350006103515625 232.912506103515625 230.243743896484375 223.9499969482421875 216.46875 207.59375 199.0999908447265625 188.631256103515625 179.4499969482421875 170.4250030517578125 162.7937469482421875 155.25 148.5625 143.368743896484375 138.2687530517578125 133.53125 127.8125 123.02500152587890625 120.78749847412109375 116.6062469482421875 114.1999969482421875 114.4875030517578125 112.06874847412109375 110.8562469482421875 111.7624969482421875 112.75624847412109375 113.40000152587890625 115.03125 116.6999969482421875 117.46875 118.74375152587890625 119.67499542236328125 119.9250030517578125 119.0437469482421875 117.0124969482421875 115.1875 112.69374847412109375 110.7312469482421875 108.3625030517578125
202.212493896484375 200.6750030517578125 202.787506103515625 210.96875 223.59375 226.3312530517578125 225.375 226.368743896484375 224.4875030517578125 218.868743896484375 210.9812469482421875 200 190.774993896484375 183.337493896484375 174.225006103515625 165.75 157.375 150.537506103515625 145.15625 139.287506103515625 136.006256103515625 128.8562469482421875 124.7312469482421875 122.40625 118.40625 115.8000030517578125 113.8874969482421875 112.5500030517578125 111.05625152587890625 111.36875152587890625 112.96250152587890625 113.11875152587890625 114.1374969482421875 116.4875030517578125 118.4875030517578125 118.7312469482421875 119.3312530517578125 120.53749847412109375 120.15625 118.44374847412109375 116.4187469482421875 113.34999847412109375 110.5 108.78125
200.9375 198.7375030517578125 197.337493896484375 195.0812530517578125 207.4875030517578125 217.931243896484375 220.756256103515625 220.7687530517578125 219.2687530517578125 216.59375 208.837493896484375 198.1999969482421875 189.881256103515625 183.3000030517578125 174.0187530517578125 166.962493896484375 159.162506103515625 152.068756103515625 146.6999969482421875 141.912506103515625 136.6062469482421875 130.375 125.5812530517578125 121.8312530517578125 118.71250152587890625 115.2687530517578125 112.9875030517578125 111.97499847412109375 110.0187530517578125 109.6999969482421875 110.8125 113.58750152587890625 113.96875 114.9562530517578125 115.5500030517578125 116.6437530517578125 116.83750152587890625 118.58750152587890625 119.21250152587890625 117.55625152587890625 112.6437530517578125 109.8562469482421875 107.3937530517578125 106.5812530517578125
202.899993896484375 201.6875 199.806243896484375 197.3000030517578125 202.225006103515625 205.568756103515625 210.5812530517578125 213.412506103515625 210.65625 206.306243896484375 201.743743896484375 194.162506103515625 187.8874969482421875 181.4375 173.850006103515625 167.462493896484375 160.850006103515625 155.6125030517578125 149.818756103515625 143.9187469482421875 137.5625 131.318756103515625 124.83750152587890625 120.6374969482421875 117.9250030517578125 114.9562530517578125 112.75624847412109375 111.3562469482421875 108.5437469482421875 107.6374969482421875 108.83750152587890625 110.0812530517578125 110.6062469482421875 111.61875152587890625 112.0500030517578125 111.2687530517578125 111.30625152587890625 114.03749847412109375 116.88124847412109375 113.1125030517578125 107.96250152587890625 104.42499542236328125 102.41249847412109375 102.46875
205.78125 204.7062530517578125 203.0500030517578125 204.4562530517578125 208.9250030517578125 212.2937469482421875 210.3625030517578125 203.618743896484375 196.9812469482421875 194.53125 194.09375 189.506256103515625 184.90625 179.100006103515625 174.068756103515625 166.943756103515625 161.1437530517578125 157.40625 152.5 144.3937530517578125 138.431243896484375 131.5124969482421875 124.8937530517578125 119.7624969482421875 116.3312530517578125 113.24375152587890625 110.3937530517578125 108 106.0437469482421875 105.01250457763671875 105.84999847412109375 106.5 106.24375152587890625 107.03749847412109375 105.8249969482421875 104.24375152587890625 103.44374847412109375 104.25 104.5124969482421875 101.9562530517578125 97.5437469482421875 94.4499969482421875 93.11875152587890625 92.7937469482421875
210.8312530517578125 211.2687530517578125 211.3000030517578125 212.46875 215.993743896484375 216.693756103515625 214.493743896484375 207.71875 197.4187469482421875 189.2624969482421875 188.412506103515625 184.4187469482421875 182.2687530517578125 176.475006103515625 171.912506103515625 166.09375 160.850006103515625 157.03125 153.0437469482421875 144.6687469482421875 136.943756103515625 130.931243896484375 122.49375152587890625 118.8874969482421875 114.3874969482421875 110.1875 107.34999847412109375 105.6999969482421875 104.625 102.81874847412109375 103.66249847412109375 101.31874847412109375 98.46875 96.13124847412109375 94.4812469482421875 93.90000152587890625 93.11875152587890625 92.03749847412109375 90.58750152587890625 88.1875 84.59375 81.9562530517578125 81.125 81.13124847412109375
213.725006103515625 215.431243896484375 216.2937469482421875 217.587493896484375 222.09375 222.725006103515625 220.181243896484375 212.568756103515625 203.3000030517578125 195.6999969482421875 190.40625 183.556243896484375 179.568756103515625 175.2312469482421875 169.59375 165.4187469482421875 159.350006103515625 155.056243896484375 150.78125 144.600006103515625 137.2312469482421875 129.149993896484375 120.25624847412109375 115.625 110.03125 106 103.68125152587890625 102.15625 101.1374969482421875 99.90000152587890625 97.7687530517578125 94.33750152587890625 90.34999847412109375 87.88124847412109375 85.50624847412109375 83.7375030517578125 82.49375152587890625 80.55625152587890625 77.86875152587890625 75.3874969482421875 72.31874847412109375 70.6750030517578125 68.1374969482421875 67.86875152587890625
219.4250030517578125 221.431243896484375 222.493743896484375 223.350006103515625 226.71875 229.118743896484375 226.84375 216.381256103515625 205.493743896484375 197.774993896484375 192.375 186.1437530517578125 178.8874969482421875 172.256256103515625 166.1374969482421875 161.4187469482421875 155.1374969482421875 150.84375 146.568756103515625 141.96875 137.5437469482421875 129.65625 119.9499969482421875 110.1750030517578125 105.97499847412109375 104.9375 102.91249847412109375 99.97499847412109375 97.31874847412109375 95.03125 92.38124847412109375 88.28125 83.7937469482421875 79.9375 76.77500152587890625 74.15000152587890625 71.9812469482421875 69.4187469482421875 67.4562530517578125 64.22499847412109375 60.668750762939453125 58.8125 57.96875 56.4375
221.2937469482421875 223.40625 224.6125030517578125 227.1687469482421875 230.1437530517578125 231.556243896484375 230.537506103515625 220.5 207.5625 197.524993896484375 191.6875 186.3625030517578125 176.6374969482421875 168.024993896484375 163.725006103515625 157.7937469482421875 151.962493896484375 146.149993896484375 142.037506103515625 140.024993896484375 137.9812469482421875 130.2062530517578125 119.5749969482421875 108.625 103.06874847412109375 100.31874847412109375 97.50624847412109375 94.6750030517578125 91.2062530517578125 88.4375 84.99375152587890625 80.7312469482421875 76.11875152587890625 72.74375152587890625 70.24375152587890625 67.3125 64.4875030517578125 61.75 58.143749237060546875 54.137500762939453125 50.450000762939453125 48.450000762939453125 47.78749847412109375 46.356250762939453125
221.2624969482421875 223.274993896484375 223.787506103515625 224.3625030517578125 225.756256103515625 226.0749969482421875 222.9312591552734375 214.3000030517578125 204.5625 195.625 188.1437530517578125 183.375 175.4187469482421875 163.306243896484375 156.4375 151.8874969482421875 146.0124969482421875 140.9875030517578125 137.375 135.068756103515625 134.09375 128.125 117.8562469482421875 107.9375 99.1999969482421875 95.15625 93.08750152587890625 90.59375 87.3874969482421875 83.36875152587890625 78.3000030517578125 73.4187469482421875 69.21875 65.03749847412109375 62.24375152587890625 60.15000152587890625 58.71875 56.637500762939453125 53.90000152587890625 48.15625 42.818752288818359375 41.674999237060546875 40.493747711181640625 36.106250762939453125
219.53125 220.712493896484375 219.368743896484375 218.912506103515625 219.8874969482421875 217.2375030517578125 212.8312530517578125 207.0749969482421875 198.274993896484375 190.7687530517578125 182.0749969482421875 174.5187530517578125 167.4187469482421875 157.5500030517578125 147.6437530517578125 143.7375030517578125 138.34375 133.1125030517578125 128.662506103515625 126.4875030517578125 125.2312469482421875 119.6999969482421875 112.52500152587890625 106.4875030517578125 99.375 93.90625 90.49375152587890625 86.7937469482421875 82.52500152587890625 78.02500152587890625 73.78125 68.05625152587890625 63.0625 58.768749237060546875 56.125 55.44374847412109375 55.450000762939453125 55.543750762939453125 53.668750762939453125 49.02500152587890625 40.543750762939453125 36.19374847412109375 35.168750762939453125 33.94374847412109375
216.712493896484375 216.087493896484375 213.818756103515625 212.868743896484375 213.21875 207.024993896484375 203.8562469482421875 197.693756103515625 189.3937530517578125 183.4812469482421875 173.9499969482421875 166.087493896484375 158.21875 149.0187530517578125 138.100006103515625 131.868743896484375 127.58750152587890625 123.90000152587890625 119.0812530517578125 117.0625 116.46250152587890625 113.53125 109.28125 106.1750030517578125 102.6437530517578125 97.8000030517578125 92.46875 86.11875152587890625 80.08750152587890625 75.1687469482421875 68.6125030517578125 62.762500762939453125 58.53749847412109375 54.112499237060546875 50.30625152587890625 51.24375152587890625 54.668750762939453125 58.80625152587890625 59.9375 54.93125152587890625 47.68125152587890625 41.956249237060546875 39.3125 36.543750762939453125
211.7624969482421875 210.024993896484375 208.375 206.506256103515625 204.149993896484375 200.006256103515625 195.15625 188.6437530517578125 181.975006103515625 176.4562530517578125 167.131256103515625 158.03125 149.5124969482421875 140.912506103515625 130.618743896484375 121.1875 116.6999969482421875 114.72499847412109375 110.59375 109.15625 108.33750152587890625 108.21875 107.9562530517578125 108.00624847412109375 105.9875030517578125 100.41249847412109375 93.1687469482421875 86.34375 80 73.5124969482421875 68.06874847412109375 61.049999237060546875 55.575000762939453125 51.668750762939453125 47.106250762939453125 50.387500762939453125 56.831249237060546875 61.856250762939453125 66.0812530517578125 63.43125152587890625 58.34999847412109375 50.393749237060546875 43.56874847412109375 38.112499237060546875
204.1999969482421875 203.100006103515625 202.1875 200.368743896484375 197.3312530517578125 193.399993896484375 188.2062530517578125 182.618743896484375 176.037506103515625 169.28125 161.3312530517578125 151.9187469482421875 141.9749908447265625 132.8937530517578125 125.0124969482421875 116.7062530517578125 108.0500030517578125 105.21875 103.41249847412109375 101.8125 101.15625 102.44374847412109375 105.6687469482421875 109.40000152587890625 109.3625030517578125 101.77500152587890625 93.72499847412109375 86.5187530517578125 80.0500030517578125 73.84999847412109375 69.25624847412109375 64.6750030517578125 58.331249237060546875 53.46875 52.893749237060546875 55.106250762939453125 60.05625152587890625 69.19374847412109375 78.38124847412109375 72.03749847412109375 62.96875 53.668750762939453125 44.75624847412109375 39.393749237060546875
197.6999969482421875 197.274993896484375 194.8937530517578125 193.256256103515625 192.03125 188.475006103515625 182.756256103515625 176.4875030517578125 170.8312530517578125 163.100006103515625 154.868743896484375 145.6750030517578125 135.7624969482421875 126.79999542236328125 118.97499847412109375 111.90625 104.1374969482421875 96.63124847412109375 96.40000152587890625 94.43125152587890625 94.7687530517578125 95.55625152587890625 99.5187530517578125 104.71875 106.33750152587890625 100.03749847412109375 93.4375 86.5 79.36875152587890625 72.21250152587890625 66.9875030517578125 62.549999237060546875 62.8125 63.018749237060546875 60.012500762939453125 58.28125 64.81874847412109375 72.55625152587890625 76.1875 71.53749847412109375 60.625 51.543750762939453125 43.956249237060546875 40.06874847412109375
190.8562469482421875 189.8125 187.368743896484375 186.9250030517578125 185.443756103515625 182.462493896484375 177.125 172.7687530517578125 166.4375 158.7062530517578125 150.087493896484375 140.21875 129.931243896484375 121.3562469482421875 113.11875152587890625 107.5124969482421875 101.25 93.1750030517578125 89.22499847412109375 87.40000152587890625 89.63124847412109375 95.44374847412109375 91.9562530517578125 96.21250152587890625 99.2624969482421875 98.53125 93.88124847412109375 86.75624847412109375 81.4562530517578125 73.40625 66.8625030517578125 66.99375152587890625 72.41249847412109375 72.78125 70.96250152587890625 69.1687469482421875 70.06874847412109375 71.0500030517578125 70.40000152587890625 64.8249969482421875 56.03125 48.59999847412109375 42.72499847412109375 39.59375
