data/historical-monthly-weather-data/wc2.1_cruts4.09_10m_prec_2007-03.asc
ncols        51
nrows        45
xllcorner    -63.500000000000
yllcorner    -7.500000000000
cellsize     0.166666666667
NODATA_value -9999
[rows 0 to 19 of 45, columns 0 to 44 of 51]
226.28125 231.037506103515625 231.993743896484375 239.15625 243.6687469482421875 246.806243896484375 245.3000030517578125 242.9375 239.118743896484375 239.3625030517578125 244.0124969482421875 247.912506103515625 251.7624969482421875 251.9875030517578125 251.556243896484375 250.618743896484375 252.625 249.8312530517578125 250.337493896484375 250.59375 253.9250030517578125 256.32501220703125 259.45001220703125 258.98748779296875 260.787506103515625 262.08123779296875 261.25 263.48126220703125 264.85626220703125 266.024993896484375 271.95623779296875 275.33123779296875 282.537506103515625 292.681243896484375 302.256256103515625 312.243743896484375 321.024993896484375 330.3125 339.21875 346.25 353.48748779296875 359.100006103515625 362.618743896484375 367.08123779296875 365.993743896484375
234.7687530517578125 239.5812530517578125 246.1437530517578125 254.0437469482421875 260.76251220703125 262.537506103515625 260.100006103515625 258.54376220703125 258.068756103515625 258.568756103515625 261.837493896484375 263.35626220703125 264.806243896484375 264.368743896484375 262.70623779296875 261.48126220703125 261.73748779296875 259.38751220703125 256.71875 254.743743896484375 256.3125 258.006256103515625 260.70623779296875 261.14373779296875 262.0625 263.41876220703125 263.487518310546875 267.08123779296875 269.07501220703125 272.38751220703125 278.11248779296875 285.65625 293.662506103515625 307.35626220703125 317.137481689453125 329 340.66876220703125 350.88751220703125 359.756256103515625 366.274993896484375 374.33123779296875 379.375 382.337493896484375 385.787506103515625 385.556243896484375
245.8937530517578125 252.7375030517578125 261.100006103515625 269.73126220703125 275.63751220703125 276.118743896484375 276.04376220703125 276.462493896484375 276.256256103515625 277.15625 276.32501220703125 274.59375 274.318756103515625 272.88751220703125 270.587493896484375 270.07501220703125 269.625 268.20623779296875 265.506256103515625 263.70001220703125 265.462493896484375 267.6875 268.76251220703125 269.65625 270.725006103515625 270.29998779296875 271.29376220703125 274.975006103515625 276.600006103515625 280.21875 287.787506103515625 296.10626220703125 306.399993896484375 318.23126220703125 332.350006103515625 342.90625 356.20623779296875 370.056243896484375 379.33123779296875 388.306243896484375 396.84375 400.725006103515625 402.8125 404.36248779296875 405.787506103515625
255.368743896484375 265.318756103515625 277.20623779296875 285.48126220703125 291.42498779296875 290.068756103515625 289.912506103515625 291.13751220703125 293.07501220703125 293.318756103515625 289.537506103515625 283.931243896484375 279.89373779296875 276.70623779296875 274.875 274.07501220703125 275.39373779296875 275.86248779296875 275.100006103515625 274.006256103515625 276.76251220703125 277.67498779296875 276.76873779296875 277.09375 277.681243896484375 277 278.53125 280.15625 282.149993896484375 287.875 294.6875 305.774993896484375 316.537506103515625 328.899993896484375 343.125 357.493743896484375 372.98748779296875 388.806243896484375 401.381256103515625 410.96875 418.29998779296875 422.625 424.3125 424.068756103515625 425.306243896484375
273 281.96875 290.13751220703125 299.618743896484375 305.681243896484375 303.23748779296875 300.381256103515625 301.243743896484375 305.293731689453125 307.125 299.837493896484375 289.86248779296875 283.875 281.36248779296875 278.5 278.71875 279.837493896484375 282.76251220703125 282.393768310546875 281.48126220703125 284.63751220703125 284.51251220703125 284.57501220703125 285.10626220703125 284.868743896484375 284.25 284.125 285.71875 290.59375 294.993743896484375 303.92498779296875 313.537506103515625 327.46875 341.850006103515625 357.01251220703125 373.46875 390.33123779296875 407.26251220703125 422.26251220703125 432.29376220703125 442.13751220703125 443.90625 444.056243896484375 444.350006103515625 443.556243896484375
291.743743896484375 302.13751220703125 311.95001220703125 317.54998779296875 318.90625 315.868743896484375 311.943756103515625 310.54998779296875 314.1875 316.912506103515625 305.649993896484375 294.6875 289.8125 285.993743896484375 284.118743896484375 284.268768310546875 285.75 288.53125 289.73126220703125 288.84375 291.3125 292.73748779296875 293.73748779296875 293.993743896484375 294.21875 295.29998779296875 295.63751220703125 296.1875 298.91876220703125 304.743743896484375 312.38751220703125 322.537506103515625 335.100006103515625 353.29376220703125 371.40625 388.16876220703125 408.48126220703125 427.11248779296875 443.60626220703125 457.04998779296875 465.20623779296875 467.32501220703125 467.100006103515625 466.306243896484375 463.95623779296875
309.38751220703125 319.60626220703125 327.837493896484375 330.14373779296875 328 322.243743896484375 316.29998779296875 310.17498779296875 306.337493896484375 302.725006103515625 298.51873779296875 293.149993896484375 290.40625 288.09375 287.41876220703125 287.743743896484375 289.23748779296875 290.9375 291.881256103515625 294.337493896484375 296.5625 299.787506103515625 301.33123779296875 302.78125 304.45001220703125 305.53125 306.26251220703125 306.337493896484375 306.806243896484375 311.068756103515625 321.068756103515625 330.58123779296875 344.01873779296875 360.78125 380.42498779296875 400.40625 420.993743896484375 441.787506103515625 464.125 477.024993896484375 482.0625 484.743743896484375 484.431243896484375 483.79376220703125 484.225006103515625
322.868743896484375 332.28125 337.15625 338.85626220703125 337.493743896484375 329.54998779296875 317.51873779296875 302.9375 290.125 285.375 287.693756103515625 288.625 289.899993896484375 289.98126220703125 289.95623779296875 290.787506103515625 290.54376220703125 291.13751220703125 292.92498779296875 296.29376220703125 300.84375 305.375 308.756256103515625 310.76873779296875 315.068756103515625 315.712493896484375 314.95001220703125 314.51251220703125 313.4375 317.225006103515625 325.125 337.41876220703125 350.60626220703125 367.85626220703125 387.89373779296875 408.556243896484375 430.625 452.443756103515625 474.375 487.54998779296875 494.84375 497.5625 497.57501220703125 496.743743896484375 495.631256103515625
334.056243896484375 342.024993896484375 346.587493896484375 347.962493896484375 345.29998779296875 336.01873779296875 322.375 304.818756103515625 284.693756103515625 275.98126220703125 283.39373779296875 288.649993896484375 293.118743896484375 293.32501220703125 294.625 296.42498779296875 296.506256103515625 296.787506103515625 299.70623779296875 302.78125 305.212493896484375 311.606231689453125 315.73748779296875 323.193756103515625 327.83123779296875 327.350006103515625 323.4375 320.48126220703125 320.162506103515625 322.46875 330.3125 342.125 355.631256103515625 372.08123779296875 390.73126220703125 412.67498779296875 437.26251220703125 459.181243896484375 480.91876220703125 494.45623779296875 503 505.743743896484375 506.9375 506.037506103515625 500.806243896484375
345.087493896484375 351.59375 354.71875 355.412506103515625 353.443756103515625 344.40625 331.95001220703125 315.90625 299.368743896484375 291.100006103515625 292.76251220703125 294.29376220703125 297.899993896484375 298.84375 300.32501220703125 302.693756103515625 304.01251220703125 303.85626220703125 305.337493896484375 307.61248779296875 310.318756103515625 317.481231689453125 325.29376220703125 336.368743896484375 339.32501220703125 338.17498779296875 333.368743896484375 328.57501220703125 325.587493896484375 326.11248779296875 332.162506103515625 345.11248779296875 360 377.662506103515625 395.931243896484375 417.16876220703125 440.818756103515625 464.15625 486.5625 502.70623779296875 513.51873779296875 517.4312744140625 515.54376220703125 508.649993896484375 503.774993896484375
355.46875 361.162506103515625 362.568756103515625 363.149993896484375 362.34375 355.162506103515625 344.375 329.63751220703125 316.73748779296875 309.36248779296875 306.462493896484375 305.881256103515625 306.08123779296875 307.04376220703125 308.45623779296875 310.037506103515625 311.01251220703125 310.35626220703125 309.681243896484375 310.89373779296875 315.78125 323.70001220703125 335.20001220703125 345.068756103515625 352.63751220703125 348.21875 341.818756103515625 338.15625 333.256256103515625 331.306243896484375 337.506256103515625 348.475006103515625 362.774993896484375 380.212493896484375 399.0625 419.42498779296875 442.14373779296875 465.600006103515625 488.774993896484375 508.381256103515625 520.78125 522.71875 518.0999755859375 509.493743896484375 502.837493896484375
361.98126220703125 367.34375 368.53125 370.01873779296875 368.48126220703125 363.850006103515625 356.1875 344.23748779296875 333.23748779296875 325.068756103515625 320.26873779296875 318.237518310546875 316.9375 317.256256103515625 320.51251220703125 321.60626220703125 319.6875 317.0625 315.32501220703125 314.76873779296875 316.993743896484375 325.662506103515625 339.975006103515625 356.068756103515625 361.63751220703125 351.162506103515625 343.693756103515625 340.20623779296875 338.89373779296875 340.600006103515625 343.21875 351.131256103515625 363.83123779296875 379.681243896484375 396.78125 419.006256103515625 442.75 466.26251220703125 488.649993896484375 510.587493896484375 525.1875 524.4437255859375 513.98748779296875 496.34375 482.875
367.774993896484375 372.193756103515625 373.9375 374.33123779296875 374 371.26873779296875 364.79376220703125 356.068756103515625 346.13751220703125 339.431243896484375 335.59375 333.193756103515625 332.6875 330.568756103515625 332.287506103515625 332.26873779296875 328.96875 325.756256103515625 323.66876220703125 320.306243896484375 318.149993896484375 325.46875 338.462493896484375 351.51873779296875 350.243743896484375 342.65625 343.01251220703125 343.556243896484375 344.95001220703125 347.98126220703125 350.743743896484375 354.625 364.40625 378.493743896484375 394.41876220703125 414.868743896484375 438.662506103515625 462.681243896484375 487.35626220703125 512.125 530.17498779296875 526.14373779296875 503.493743896484375 480.23748779296875 461.1875
371.65625 376.25 377.67498779296875 378.13751220703125 378.92498779296875 375.256256103515625 371.506256103515625 366.806243896484375 360.425018310546875 354.375 349.9375 348.39373779296875 347.34375 347.14373779296875 343.868743896484375 343.118743896484375 338.881256103515625 334.100006103515625 330.412506103515625 327.26251220703125 326.63751220703125 330.10626220703125 336.649993896484375 343.149993896484375 342.649993896484375 340.54998779296875 343.17498779296875 345.75 348.506256103515625 352.212493896484375 356.524993896484375 359.631256103515625 365.256256103515625 375.13751220703125 389.149993896484375 410.399993896484375 435.375 458.85626220703125 482.6875 506.03125 522.98748779296875 510.65625 491 473.39373779296875 456.875
374.037506103515625 376.78125 378.51873779296875 381.068756103515625 382.73748779296875 379.95001220703125 378.61248779296875 376.506256103515625 371.162506103515625 366.16876220703125 363.20001220703125 362.20623779296875 361.6875 361.16876220703125 355.23126220703125 352.931243896484375 347.95623779296875 344.024993896484375 339.13751220703125 335.212493896484375 334.51873779296875 335.118743896484375 337.03125 341.225006103515625 343.36248779296875 345.48126220703125 348.668731689453125 351.806243896484375 355.92498779296875 360.25 361.38751220703125 362.51251220703125 367.712493896484375 371.725006103515625 381.131256103515625 404.475006103515625 431.64373779296875 455.45623779296875 473.76873779296875 488.0625 493.756256103515625 488.931243896484375 482.350006103515625 469.162506103515625 456.162506103515625
373.29376220703125 376.28125 379.16876220703125 382.34375 385.125 385.79998779296875 384.96875 383.412506103515625 381.64373779296875 379.20623779296875 376.01251220703125 376.693756103515625 377.125 376.193756103515625 370.125 363.881256103515625 357.5625 353.41876220703125 348 344.20623779296875 341.368743896484375 339.0625 338.33123779296875 341.475006103515625 344.25 348.35626220703125 353.09375 358.26873779296875 364.837493896484375 368.912506103515625 370.975006103515625 370.48126220703125 371.66876220703125 374.649993896484375 381.306243896484375 411.23126220703125 435.875 450.07501220703125 461.181243896484375 470.993743896484375 475.162506103515625 474.51251220703125 471.25 462.79376220703125 451.931243896484375
373.07501220703125 376.86248779296875 379.0625 383.462493896484375 388.037506103515625 389.84375 392.087493896484375 392.274993896484375 391.58123779296875 390.725006103515625 388.28125 390.725006103515625 392.668731689453125 390.85626220703125 385.85626220703125 377.17498779296875 366.41876220703125 359.78125 355.46875 350.79998779296875 346.4375 342.76873779296875 340.85626220703125 343.51251220703125 347.287506103515625 350.100006103515625 356.193756103515625 363.76251220703125 370.60626220703125 376.868743896484375 380.068756103515625 379.9375 381.875 389.225006103515625 410.381256103515625 436.0625 448.818756103515625 452.57501220703125 455.04376220703125 458.712493896484375 464.64373779296875 464.86248779296875 460.375 453.943756103515625 446.70623779296875
371.056243896484375 375.5625 380.34375 386.78125 392.681243896484375 395.67498779296875 398.375 400.774993896484375 401.54998779296875 401.162506103515625 400.243743896484375 404.6875 405.475006103515625 404.875 398.46875 387.631256103515625 375.993743896484375 361.337493896484375 359.568756103515625 354.287506103515625 350.59375 345.45623779296875 341.287506103515625 343.431243896484375 347.131256103515625 352.73126220703125 358.024993896484375 367.54998779296875 377.32501220703125 383.993743896484375 385.912506103515625 379.88751220703125 384.0625 398.10626220703125 426.51251220703125 463.375 461.5625 453.73748779296875 450.087493896484375 453.037506103515625 454.462493896484375 453.95623779296875 451.256256103515625 445.86248779296875 439.08123779296875
368.04998779296875 373.556243896484375 379.399993896484375 387.45623779296875 396.037506103515625 402.01251220703125 406.693756103515625 410.40625 411.36248779296875 411.587493896484375 411.21875 412.89373779296875 416.57501220703125 417.71875 408.26251220703125 395.33123779296875 381.493743896484375 365.54376220703125 357.412506103515625 352.6875 350.60626220703125 346.78125 337.11248779296875 339.975006103515625 345.28125 352.462493896484375 360.1875 368.70001220703125 379.82501220703125 388.618743896484375 392.225006103515625 382.024993896484375 379.537506103515625 383.600006103515625 403.287506103515625 434.868743896484375 441.10626220703125 441.01873779296875 443.42498779296875 444.91876220703125 446.962493896484375 445.0625 443.26873779296875 439.6875 433.524993896484375
361.212493896484375 369.056243896484375 376.48126220703125 386.34375 397.368743896484375 406.73748779296875 413.98126220703125 419.54376220703125 421.23748779296875 420.806243896484375 419.837493896484375 420.837493896484375 425.712493896484375 429.14373779296875 415.45623779296875 396.20623779296875 377.787506103515625 367.100006103515625 356.65625 350.212493896484375 344.29998779296875 337.20001220703125 332.36248779296875 334.662506103515625 340.23748779296875 347.024993896484375 356.068756103515625 366.943756103515625 376.256256103515625 381.91876220703125 382.212493896484375 375.443756103515625 364.46875 354.506256103515625 353.23748779296875 378.11248779296875 406.95623779296875 422.868743896484375 432.66876220703125 438.524993896484375 440.41876220703125 438.537506103515625 438.037506103515625 435.943756103515625 431.32501220703125
