data/historical-monthly-weather-data/wc2.1_cruts4.09_10m_prec_1989-09.asc
ncols        51
nrows        45
xllcorner    -63.500000000000
yllcorner    -7.500000000000
cellsize     0.166666666667
NODATA_value -9999
[rows 20 to 39 of 45, columns 0 to 43 of 51]
148.318756103515625 152.34375 156.5500030517578125 161.212493896484375 165.693756103515625 168.743743896484375 171.96875 173.7375030517578125 175.0625 173.631256103515625 169.2375030517578125 164.7687530517578125 157.243743896484375 147.65625 141.4562530517578125 133.5625 126.63124847412109375 122.33750152587890625 122.86875152587890625 120.75624847412109375 121.73749542236328125 123.4250030517578125 124.53125 125.2062530517578125 125.27500152587890625 121.00624847412109375 113.0812530517578125 104.2062530517578125 96.0187530517578125 92.1687469482421875 89.56874847412109375 92.68125152587890625 97.9875030517578125 106.2687530517578125 115.125 105.2312469482421875 91.03749847412109375 81.3874969482421875 73.6999969482421875 66.5187530517578125 59.81874847412109375 54.362499237060546875 51.424999237060546875 50.268749237060546875
142.1437530517578125 144.475006103515625 149.1999969482421875 154.806243896484375 161.4375 166.5124969482421875 170.006256103515625 174.0124969482421875 176.3000030517578125 176.1687469482421875 173.34375 169.899993896484375 164.8625030517578125 156.662506103515625 149.4812469482421875 139.9250030517578125 132.8874969482421875 127.90625 127.6750030517578125 125.6062469482421875 122.43125152587890625 123.1374969482421875 124 123.93125152587890625 122.52500152587890625 119.6125030517578125 115.875 108.125 103.0749969482421875 100.2312469482421875 97.78125 98.1125030517578125 101.71250152587890625 107.28749847412109375 107.99375152587890625 100.5124969482421875 88.1374969482421875 79.19374847412109375 71.71250152587890625 65.96250152587890625 61.268749237060546875 57.831249237060546875 56.16249847412109375 54.931247711181640625
136.943756103515625 140.8000030517578125 144.8125 151.193756103515625 158.087493896484375 163.524993896484375 168.868743896484375 174.0124969482421875 178.756256103515625 178.712493896484375 179.46875 177.6687469482421875 176.193756103515625 169.337493896484375 158.3562469482421875 148.024993896484375 139.0625 134.71875 131.6999969482421875 129.318756103515625 126.11875152587890625 125.6374969482421875 124.6999969482421875 122.21875 121.43125152587890625 118.72499847412109375 114.8562469482421875 111.46875 106.8125 103.3000030517578125 101.7937469482421875 102.0187530517578125 102.68125152587890625 103.09999847412109375 99.8562469482421875 90.90625 82.44374847412109375 75.05625152587890625 69.6125030517578125 66.4375 64.2312469482421875 61.799999237060546875 60.41249847412109375 59.299999237060546875
134.3000030517578125 136.15625 141.3874969482421875 147.1999969482421875 153.256256103515625 160.46875 166.5187530517578125 171.556243896484375 176.212493896484375 177.600006103515625 178.256256103515625 180.4187469482421875 183.09375 175.818756103515625 163.462493896484375 152.4812469482421875 144.0187530517578125 139.6437530517578125 136.6687469482421875 133.2375030517578125 129.912506103515625 127.5812530517578125 127.15000152587890625 124.50624847412109375 122.09999847412109375 117.78125 113.66249847412109375 110.28125 108.3000030517578125 105.625 103.6125030517578125 103.31874847412109375 101.625 99.56874847412109375 95.49375152587890625 86.375 79.8312530517578125 75.00624847412109375 71.0124969482421875 69.5124969482421875 67.8249969482421875 66.09999847412109375 65.625 65.03125
133.462493896484375 133.9875030517578125 138.2624969482421875 143.7375030517578125 153.9187469482421875 159.96875 164.9375 169.818756103515625 173.5625 176.1999969482421875 177.875 177.7937469482421875 177.631256103515625 172.7062530517578125 164.0437469482421875 154.625 147.59375 142.7312469482421875 139.3562469482421875 136.993743896484375 133.9375 130.787506103515625 130.962493896484375 127.9499969482421875 122.55625152587890625 119.3125 114.96875 111.74375152587890625 109.43125152587890625 107.40625 104.80625152587890625 103.1875 101.7687530517578125 98.6062469482421875 93.3937530517578125 86.1125030517578125 81.6687469482421875 77.78749847412109375 74.3625030517578125 72.80625152587890625 71.43125152587890625 70.94374847412109375 71.0500030517578125 72.46875
135.6374969482421875 137.3562469482421875 139.65625 146.306243896484375 153.6062469482421875 158.65625 163.7687530517578125 167.9499969482421875 171.0124969482421875 174.0124969482421875 173.9250030517578125 173.4375 171.6999969482421875 166.8625030517578125 161.28125 154.837493896484375 148.631256103515625 145.1999969482421875 141.975006103515625 139.493743896484375 136.568756103515625 133.2687530517578125 133.524993896484375 130.399993896484375 125.0187530517578125 120 117.125 114.8874969482421875 111.58750152587890625 109.33750152587890625 106.4875030517578125 104.875 101.19374847412109375 97.41249847412109375 93.38124847412109375 89.3312530517578125 84.78125 81.3312530517578125 79.3937530517578125 77.4499969482421875 76.8125 76.25 76.6125030517578125 78.9375
141.287506103515625 141.1875 143.4562530517578125 148.7687530517578125 153.5999908447265625 158.131256103515625 161.774993896484375 164.3625030517578125 165.4499969482421875 168.03125 169.59375 168.8249969482421875 165.78125 161.806243896484375 157.8937530517578125 153.100006103515625 149.587493896484375 145.7062530517578125 143.100006103515625 140.8874969482421875 138.837493896484375 135.881256103515625 135.287506103515625 134.131256103515625 128.087493896484375 123.28749847412109375 120.13124847412109375 116.3249969482421875 112.9187469482421875 110.1875 107.1999969482421875 104.2624969482421875 102.2687530517578125 98.8249969482421875 94.4250030517578125 91.38124847412109375 88.1437530517578125 84.66249847412109375 83.00624847412109375 81.68125152587890625 80.46875 80.78749847412109375 82.05625152587890625 83.31874847412109375
147.181243896484375 146.881256103515625 148.774993896484375 150.7062530517578125 154.4250030517578125 157.09375 160.0625 162.0437469482421875 161.993743896484375 164.381256103515625 165.1437530517578125 163.5812530517578125 160.4875030517578125 158.006256103515625 154.5749969482421875 151.1374969482421875 148.1437530517578125 145.2937469482421875 143.212493896484375 142.475006103515625 140.4812469482421875 138.53125 138.056243896484375 135.9250030517578125 131.756256103515625 126.3625030517578125 122.34999847412109375 118.21875 114.3874969482421875 112.0749969482421875 108.02500152587890625 105.02500152587890625 103.5 100.0625 96.5124969482421875 93.4875030517578125 91.6875 89.2312469482421875 87.7312469482421875 86.41249847412109375 85.4812469482421875 86.46250152587890625 86.28749847412109375 88.5187530517578125
153.2687530517578125 152.225006103515625 151.5437469482421875 151.600006103515625 153.0625 154.3312530517578125 156.149993896484375 158.2687530517578125 158.7937469482421875 159.9250030517578125 160.068756103515625 157.6750030517578125 156.2375030517578125 152.8625030517578125 150.1374969482421875 149.8562469482421875 149.681243896484375 144.34375 142.431243896484375 142.381256103515625 141.7375030517578125 141.125 141.412506103515625 139.3249969482421875 133.7312469482421875 129.21875 124.74375152587890625 120.94374847412109375 117.83750152587890625 113.6687469482421875 108.88124847412109375 105.47499847412109375 103.2312469482421875 100.83750152587890625 99.11875152587890625 96.03749847412109375 95.09375 93.7687530517578125 92.97499847412109375 91.56874847412109375 88.5 88.1374969482421875 89.88124847412109375 93.18125152587890625
156.462493896484375 154.4375 151 149.399993896484375 149.243743896484375 150.6875 152.5812530517578125 154.4250030517578125 154.6875 154.8625030517578125 154.587493896484375 153.6750030517578125 152.03125 149.493743896484375 148.7750091552734375 147.3000030517578125 145.681243896484375 143.25 140.65625 140.6437530517578125 141.4499969482421875 142.6999969482421875 142.431243896484375 139.381256103515625 135.7624969482421875 132.59375 127.2375030517578125 122.15625 117.375 114.05625152587890625 110.7937469482421875 107.71875 104.8312530517578125 102.34375 100.8625030517578125 98.46875 97.59375 97.5 95.02500152587890625 95.27500152587890625 93.7062530517578125 92.78125 92.94374847412109375 95.75624847412109375
156.1062469482421875 153.5187530517578125 150.912506103515625 147.056243896484375 146.3625030517578125 148.15625 148.693756103515625 150.024993896484375 150.6687469482421875 151.225006103515625 150.71875 149.5625 150.6437530517578125 147.9562530517578125 146.3625030517578125 144.631256103515625 144.5500030517578125 142.787506103515625 140.493743896484375 141.65625 142.756256103515625 145.1875 146.006256103515625 142.243743896484375 137.9375 134.881256103515625 129.0625 123.2687530517578125 118.15625 113.46250152587890625 111.3937530517578125 109.03125 105.8874969482421875 104.875 103.3249969482421875 99.74375152587890625 98.7937469482421875 99.125 98.65000152587890625 98.59999847412109375 96.8937530517578125 95.5625 95.2062530517578125 96.86875152587890625
156.2062530517578125 151.15625 147.399993896484375 144.3312530517578125 144.368743896484375 144.6687469482421875 145.4812469482421875 146.743743896484375 147.756256103515625 147.712493896484375 147.8312530517578125 146.625 145.3125 144.9812469482421875 145.0625 145.7062530517578125 144.537506103515625 143.5 143.4187469482421875 145.881256103515625 147.8625030517578125 147.7937469482421875 149.0625 144.40625 142.0500030517578125 136.46875 129.475006103515625 124.6437530517578125 119.0812530517578125 114.88124847412109375 112.74375152587890625 109.3937530517578125 106.8625030517578125 105.46875 103.52500152587890625 99.9250030517578125 98.44374847412109375 97.3874969482421875 97.2937469482421875 97.625 97.21250152587890625 96.19374847412109375 96.4375 97.2375030517578125
149.625 146.03125 141.9250030517578125 139.4812469482421875 139.068756103515625 139.59375 140.875 141.03125 142.0124969482421875 141.84375 145.9812469482421875 143.8249969482421875 143.475006103515625 145.912506103515625 145.90625 147.25 147.0749969482421875 148.625 149.2375030517578125 151.725006103515625 152.1437530517578125 151.6687469482421875 150.2375030517578125 145.8000030517578125 142.6999969482421875 136.600006103515625 129.693756103515625 124.27500152587890625 118.84999847412109375 116.46250152587890625 113.55625152587890625 110.68125152587890625 107.1750030517578125 105.25 103.5749969482421875 99.75 97.03125 94.16249847412109375 93.99375152587890625 95.15000152587890625 95.0187530517578125 94.59375 95.2062530517578125 95.59375
141.056243896484375 139.09375 136.8249969482421875 134.743743896484375 133.5437469482421875 133.9812469482421875 135.412506103515625 135.774993896484375 136.162506103515625 137.90625 140.2624969482421875 142.443756103515625 142.7687530517578125 143.056243896484375 145.2375030517578125 146.868743896484375 149.493743896484375 152.381256103515625 154.9499969482421875 157.556243896484375 157.1437530517578125 154.868743896484375 152.131256103515625 146.2375030517578125 141.25 135.3000030517578125 128.5625 123.11875152587890625 117.46250152587890625 115.2624969482421875 113.4499969482421875 111.13124847412109375 107.63124847412109375 104.71875 102.5437469482421875 100.1062469482421875 95.6999969482421875 92.0187530517578125 91.8312530517578125 91.61875152587890625 91.15000152587890625 92.3249969482421875 93.7624969482421875 94.3625030517578125
133.681243896484375 132.350006103515625 130.96875 130.1750030517578125 129.4187469482421875 128.943756103515625 130.475006103515625 130.8562469482421875 130.600006103515625 132.912506103515625 137.0625 140.9812469482421875 142.3125 143.537506103515625 145.912506103515625 148.618743896484375 151.21875 154.0812530517578125 159.743743896484375 162.212493896484375 161.881256103515625 158.4812469482421875 152.9499969482421875 145.78125 138.712493896484375 133.962493896484375 128.125 121.86875152587890625 116.3312530517578125 113.96250152587890625 112.375 109.8125 106.50624847412109375 103.5 100.36875152587890625 96.59375 93.03125 90.65625 89.46250152587890625 89.27500152587890625 87.3249969482421875 87.58750152587890625 89.81874847412109375 90.09375
125.78125 124.3312530517578125 123.9562530517578125 123.65625 123.25 123.5187530517578125 123.5500030517578125 125.03749847412109375 125.55625152587890625 127.15000152587890625 131.725006103515625 135.881256103515625 139.9812469482421875 143.318756103515625 145.7687530517578125 148.868743896484375 151.25 155.6999969482421875 161.4375 166.0749969482421875 163.1374969482421875 158.5749969482421875 151 142.662506103515625 136.212493896484375 130.962493896484375 124.86875152587890625 119.59375 114.8249969482421875 112.08750152587890625 110.58750152587890625 108.47499847412109375 104.36875152587890625 101.28125 97.96250152587890625 93.97499847412109375 92.27500152587890625 89.66249847412109375 88.40625 87.68125152587890625 86.86875152587890625 86.3312530517578125 86.6374969482421875 86.9250030517578125
117.98125457763671875 117.14374542236328125 116.7624969482421875 116.2375030517578125 117.16249847412109375 117.59375 118.28749847412109375 119.2937469482421875 120.5124969482421875 120.9875030517578125 126.71250152587890625 135.662506103515625 140.65625 144.15625 147 148.7375030517578125 151.4250030517578125 154.375 158.631256103515625 162.131256103515625 160.5062408447265625 153.431243896484375 146.100006103515625 137.5437469482421875 131.368743896484375 126.7937469482421875 120.9250030517578125 115.86875152587890625 111.88124847412109375 109.7312469482421875 107.8937530517578125 106.0625 102.6687469482421875 99.49375152587890625 96.1750030517578125 93.3625030517578125 91.46875 89.81874847412109375 87.93125152587890625 86.4875030517578125 85.33750152587890625 84 84.16249847412109375 84.28125
110.2062530517578125 110.28125 110.36875152587890625 109.8125 111.1125030517578125 112.44374847412109375 113.72499847412109375 115.49375152587890625 117.6374969482421875 118.4375 131.056243896484375 139.412506103515625 142.7624969482421875 145.350006103515625 147.2937469482421875 149.0187530517578125 148.8249969482421875 151.256256103515625 152.6999969482421875 153.375 152.1374969482421875 145.818756103515625 139.412506103515625 131.4875030517578125 125.3874969482421875 120.8000030517578125 116.69374847412109375 112.90000152587890625 109.56874847412109375 107.7062530517578125 104.375 102.3625030517578125 99.4562530517578125 97.6750030517578125 95.03749847412109375 91.2375030517578125 89.71875 88.25624847412109375 87.86875152587890625 86.79999542236328125 84.27500152587890625 83.96875 81.9499969482421875 80.80625152587890625
104.44374847412109375 104.33750152587890625 104.66249847412109375 105.18125152587890625 105.75624847412109375 107.34999847412109375 110.0124969482421875 113.31874847412109375 118 126.83750152587890625 140.84375 143.3249969482421875 142.931243896484375 145.6437530517578125 146.7312469482421875 147.4562530517578125 147.1750030517578125 147.5124969482421875 146.21875 145.337493896484375 142.287506103515625 136.556243896484375 131.256256103515625 124.59999847412109375 119.21875 114.7624969482421875 111.4499969482421875 109.40000152587890625 107.44374847412109375 106.3249969482421875 104.53749847412109375 102.05625152587890625 99.52500152587890625 96.40625 94.2624969482421875 91.66249847412109375 90.34375 88.90000152587890625 88.6125030517578125 86.34999847412109375 84.3249969482421875 84.11875152587890625 82.1125030517578125 80.875
97.3874969482421875 97.3937530517578125 98.4375 99.28749847412109375 100.625 103.1687469482421875 105.40000152587890625 110.09375 116.2937469482421875 125.84375 134.4562530517578125 138.631256103515625 141.0749969482421875 143.6999969482421875 145.75 145.462493896484375 145.03125 143.337493896484375 141.5749969482421875 138.0187530517578125 132.8937530517578125 127.306243896484375 121.2624969482421875 115.75624847412109375 111.8312530517578125 108.55625152587890625 106.24375152587890625 105.88124847412109375 104.41249847412109375 104.4875030517578125 101.5625 100.49375152587890625 99.69374847412109375 97.21250152587890625 95.27500152587890625 93.38124847412109375 91.3125 90.5187530517578125 89.65000152587890625 85.8249969482421875 84.1750030517578125 84.49375152587890625 82.65625 80.7375030517578125
