data/historical-monthly-weather-data/wc2.1_cruts4.09_10m_prec_1991-07.asc
ncols        45
nrows        45
xllcorner    -63.500000000000
yllcorner    -7.500000000000
cellsize     0.166666666667
NODATA_value -9999
[rows 20 to 39 of 45, columns 0 to 43 of 45]
76.00624847412109375 85.0500030517578125 94.84999847412109375 99.5625 103.4562530517578125 110.6125030517578125 114.0187530517578125 118.2687530517578125 119.9375 120.3625030517578125 118.83750152587890625 122.18125152587890625 123.6125030517578125 121.80625152587890625 117.83750152587890625 113.77500152587890625 112.93125152587890625 116.19374847412109375 121.9875030517578125 117.6875 124.3000030517578125 131.8312530517578125 141.225006103515625 148.9812469482421875 147.8625030517578125 137.8000030517578125 125.2062530517578125 124.15000152587890625 124.5 122.9375 128.3937530517578125 134.024993896484375 131.462493896484375 134.96875 139.25 142.524993896484375 143.3937530517578125 137.625 128.662506103515625 117.1125030517578125 105.09999847412109375 97.0437469482421875 89.3000030517578125 83.1750030517578125
70.41249847412109375 74.2312469482421875 84.6062469482421875 92.40000152587890625 98.63124847412109375 101.71250152587890625 105.90625 110.21875 113.4250030517578125 114.4562530517578125 115.5437469482421875 115.09999847412109375 114.9375 118.4812469482421875 119.7312469482421875 116.19374847412109375 119.0749969482421875 120.21250152587890625 123.7937469482421875 125.125 125.19374847412109375 131.96875 141.368743896484375 141.75 137.25 130.725006103515625 130.0812530517578125 123.8125 127.81874847412109375 130.78125 130.431243896484375 129.618743896484375 127.9375 128.756256103515625 128.9562530517578125 133.3249969482421875 133.712493896484375 129.068756103515625 121.21875 111.71875 101.6875 95.05625152587890625 88.7624969482421875 82.74375152587890625
64.84999847412109375 71.55625152587890625 80.0437469482421875 86.68125152587890625 92.22499847412109375 96.8125 96.22499847412109375 100.36875152587890625 105.1999969482421875 111.21250152587890625 114.13124847412109375 113.8249969482421875 116.40625 117.93125152587890625 121.72499847412109375 123.3125 121.4499969482421875 120.2312469482421875 122.27500152587890625 126.96875 134.3249969482421875 136.4375 140.5187530517578125 139.9562530517578125 140.1125030517578125 131.78125 125.78749847412109375 125.2062530517578125 124.34375 123.8249969482421875 123.0812530517578125 123.78125 121.0812530517578125 118.47499847412109375 120.15625 119.6875 121.74375152587890625 116.56874847412109375 112.7062530517578125 106.6437530517578125 98.6687469482421875 90.9812469482421875 85.69374847412109375 80.1125030517578125
56.96875 64.50624847412109375 74.53749847412109375 80.69374847412109375 86.1437530517578125 89.13124847412109375 93.9812469482421875 96.68125152587890625 98.7375030517578125 101.1999969482421875 105.4375 112.5500030517578125 115.34375 118.9250030517578125 119.63124847412109375 121.3249969482421875 119.0812530517578125 122.84375 124.68125152587890625 132.25 134.975006103515625 141.8562469482421875 145.0500030517578125 148.256256103515625 146.1062469482421875 136.0812530517578125 132.28125 123.55625152587890625 119.5187530517578125 117.53125 116.6125030517578125 115.55625152587890625 110.75624847412109375 106.40000152587890625 110.34999847412109375 107.4562530517578125 110.25624847412109375 109.52500152587890625 106.05625152587890625 100.0812530517578125 93.9562530517578125 87.28125 82.86875152587890625 77.2062530517578125
51.19374847412109375 58.44374847412109375 69.0437469482421875 76.09375 82.1875 84.38124847412109375 88.65625 91.9812469482421875 94.41249847412109375 99.28125 103.8125 105.0187530517578125 112.05625152587890625 114.875 115.25 114.6374969482421875 116.02500152587890625 121.71875 126.7375030517578125 132.6875 138.493743896484375 143.743743896484375 153.5187530517578125 152.3249969482421875 145.0500030517578125 142.068756103515625 129.9562530517578125 120.6374969482421875 113.41249847412109375 110.6125030517578125 104.5 100.13124847412109375 99.3312530517578125 96.6875 96.2624969482421875 97.2062530517578125 100.8000030517578125 99.5187530517578125 97.86875152587890625 94.0500030517578125 87.63124847412109375 83.28749847412109375 79.72499847412109375 74.1687469482421875
48.47499847412109375 54.86875152587890625 61.899997711181640625 69.78125 75.6999969482421875 79.19374847412109375 83.375 86.6125030517578125 88.3625030517578125 89.68125152587890625 98.46250152587890625 102.07500457763671875 103.83750152587890625 107.5812530517578125 109.83750152587890625 111.40625 112.40625 118.4875030517578125 125.46250152587890625 130.7062530517578125 140.7062530517578125 147.78125 157.118743896484375 155.8874969482421875 147.087493896484375 138.6437530517578125 128.600006103515625 116.53749847412109375 105.99375152587890625 99.3937530517578125 92.9875030517578125 87.125 84.6875 84.43125152587890625 87.08750152587890625 88.8562469482421875 91.625 92.77500152587890625 91.1374969482421875 87.91249847412109375 84.65625 79.03749847412109375 74.99375152587890625 69.72499847412109375
43.456249237060546875 47.09375 54.80625152587890625 62.418750762939453125 67.9375 72.66249847412109375 77.71875 80.8312530517578125 81.46875 87.83750152587890625 94.875 98.50624847412109375 101.0437469482421875 102.3000030517578125 103.8000030517578125 108.21875 109.8874969482421875 113.84375 121.84375 129.412506103515625 135.681243896484375 143.9250030517578125 155.2624969482421875 157.5187530517578125 145.368743896484375 131.850006103515625 120.9499969482421875 110.3125 100.25624847412109375 89.8874969482421875 84.49375152587890625 75.9375 73.15625 77.1687469482421875 78.7624969482421875 82.125 82.33750152587890625 83.6437530517578125 83.2687530517578125 81.80625152587890625 80.59999847412109375 76.55625152587890625 71.9250030517578125 66.59999847412109375
38.84375 40.27500152587890625 46.91249847412109375 54.75624847412109375 60.21875 65.5625 70.78749847412109375 74.24375152587890625 77.6687469482421875 83.09375 88.54999542236328125 90.90000152587890625 93.96250152587890625 96.19374847412109375 97.44374847412109375 100.50624847412109375 103.65625 108.96250152587890625 113.5124969482421875 122.1687469482421875 132.337493896484375 139.068756103515625 144.21875 145.556243896484375 138.024993896484375 126.03749847412109375 114.8249969482421875 104.11875152587890625 94.0500030517578125 86.15000152587890625 78.90625 72.625 70.13124847412109375 70.24375152587890625 72.3249969482421875 74.8562469482421875 74.91249847412109375 76.49375152587890625 77.0749969482421875 77.875 76.71250152587890625 75.63124847412109375 69.78749847412109375 65.53749847412109375
34.15625 35.174999237060546875 41.4375 46.362499237060546875 52.25 56.74375152587890625 61.58750152587890625 67.02500152587890625 70.78749847412109375 76.9562530517578125 81.7937469482421875 84.38124847412109375 87.80625152587890625 91.3625030517578125 93.22499847412109375 95.8000030517578125 100.21875 102.5812530517578125 108.50624847412109375 116.5187530517578125 124.40000152587890625 130.8312530517578125 137.287506103515625 135.024993896484375 128.524993896484375 118.86875152587890625 108.15625 97.8125 90.6062469482421875 83.0187530517578125 75.0187530517578125 69.28749847412109375 66.34999847412109375 65.44374847412109375 66.83750152587890625 68.75 69.125 70.34375 70.83750152587890625 69.96250152587890625 70.96250152587890625 68.33750152587890625 65.08750152587890625 61.581249237060546875
30.350000381469726562 31.756250381469726562 36.481250762939453125 40.72499847412109375 44.706249237060546875 49.65625 53.975002288818359375 60.393749237060546875 65.5812530517578125 70.40000152587890625 75.36875152587890625 79.9250030517578125 83.45624542236328125 85.61875152587890625 87.75624847412109375 90.33124542236328125 92.6687469482421875 97.02500152587890625 100.9499969482421875 106.6437530517578125 114.9875030517578125 120.5 126.5124969482421875 121.875 116.81874847412109375 109.55625152587890625 99.2937469482421875 90.5749969482421875 84.03749847412109375 76.94374847412109375 70.66249847412109375 65.00624847412109375 62.03125 61.34375 61.40625 62.13124847412109375 64.24375152587890625 63.93125152587890625 62.61875152587890625 62.356250762939453125 63.875 62.625 60.13124847412109375 56.65000152587890625
27.537500381469726562 28.231250762939453125 30.799999237060546875 35.293750762939453125 39.362499237060546875 44.50624847412109375 48.83750152587890625 53.94374847412109375 59.231250762939453125 64.55625152587890625 70.1687469482421875 73.9812469482421875 79.5749969482421875 80.28125 81.53749847412109375 84.5500030517578125 88.9562530517578125 90.00624847412109375 91.5124969482421875 98.81874847412109375 106.90000152587890625 112.02500152587890625 115.875 109.7312469482421875 103.84999847412109375 100.81874847412109375 91.875 82.46875 74.86875152587890625 70.24375152587890625 65.36875152587890625 61.53125 59.28749847412109375 58.668750762939453125 58.081249237060546875 57.24375152587890625 57.77500152587890625 58.8125 56.375 54.143749237060546875 54.668750762939453125 55.612499237060546875 54.15000152587890625 51.043750762939453125
25.3125 24.543750762939453125 26.4375 29.40625 33.24375152587890625 38.450000762939453125 43.65000152587890625 48.24375152587890625 53.91249847412109375 58.31874847412109375 64.125 69.6374969482421875 73.46875 77.4375 79.125 81.15625 83.60625457763671875 84.4375 84.75624847412109375 91.50624847412109375 96.40625 101.6875 103.90000152587890625 98.38124847412109375 95.15625 90.09375 82.71250152587890625 76.0437469482421875 67.7312469482421875 64.15625 61.393749237060546875 58.043750762939453125 55.52500152587890625 54.75 54.56874847412109375 52.93125152587890625 53.362499237060546875 51.21250152587890625 49.40625 49.05625152587890625 49.30625152587890625 49.012500762939453125 47.93125152587890625 47.28749847412109375
25.581249237060546875 24.456249237060546875 25.143749237060546875 26.893749237060546875 29.65625 33.75 38.40000152587890625 42.700000762939453125 46.75624847412109375 52.799999237060546875 59.543750762939453125 63.47499847412109375 68.25 73.61875152587890625 75.8312530517578125 76.0437469482421875 76.28125 79.71875 81.7624969482421875 86.65000152587890625 89.68125152587890625 91.68125152587890625 91.75 88.2937469482421875 86.2687530517578125 81.21250152587890625 75.8874969482421875 68.65000152587890625 62.918750762939453125 59.00624847412109375 56.4375 53.418750762939453125 50.46250152587890625 49.84375 50.362499237060546875 49.96875 47.91249847412109375 45.93125152587890625 44.80625152587890625 45.81874847412109375 46.043750762939453125 46.206249237060546875 43.9375 43.856250762939453125
26.075000762939453125 24.912500381469726562 25.299999237060546875 26.15625 27.293750762939453125 29.606250762939453125 33.012500762939453125 35.706249237060546875 40.96875 45.65000152587890625 52.043750762939453125 57.77500152587890625 63.700000762939453125 67.96250152587890625 70.0187530517578125 69.71875 70.9375 73.4187469482421875 75.33750152587890625 78.78749847412109375 82.0625 81.63124847412109375 83.11875152587890625 80.4562530517578125 76.4375 71.80625152587890625 67.1437530517578125 62.375 57.31874847412109375 54.44374847412109375 52.22499847412109375 49.3125 46.65000152587890625 46.512500762939453125 46.49375152587890625 45.27500152587890625 42.65000152587890625 41.331249237060546875 41.71250152587890625 42.075000762939453125 42.762500762939453125 43.53125 43.28749847412109375 42.3125
26.8125 24.893749237060546875 25.28125 25.225000381469726562 25.881250381469726562 27.456249237060546875 29.243749618530273438 31.1875 34.47499847412109375 38.90625 45.3125 52.424999237060546875 60.50624847412109375 65.9875030517578125 66.0437469482421875 65.86875152587890625 66.2624969482421875 67.72499847412109375 70.41249847412109375 71.9187469482421875 74.21250152587890625 75.65000152587890625 75.46250152587890625 72.5749969482421875 68.72499847412109375 64.1750030517578125 60.262500762939453125 56.16249847412109375 51.737499237060546875 47.21875 45.674999237060546875 45.00624847412109375 43.4375 42.8125 41.66249847412109375 40.481250762939453125 39.13124847412109375 38.81874847412109375 38.625 38.3125 38.549999237060546875 38.512500762939453125 40.125 39.91249847412109375
27.71875 26.356250762939453125 26.818750381469726562 26.068750381469726562 26.225000381469726562 26.899999618530273438 28.049999237060546875 29.149999618530273438 31.456249237060546875 34.36875152587890625 39.543750762939453125 46.93125152587890625 56 59.75 61.368747711181640625 61.58750152587890625 62.331249237060546875 62.799999237060546875 63.52500152587890625 64.9875030517578125 63.956249237060546875 66.53125 65.3937530517578125 62.387500762939453125 58.18125152587890625 56.44374847412109375 53.28125 49.94374847412109375 46.15000152587890625 42.674999237060546875 41.34999847412109375 41.28125 39.75 39.36875152587890625 38.5 36.918750762939453125 36.30625152587890625 35.825000762939453125 36.549999237060546875 36.46250152587890625 35.737499237060546875 36.13124847412109375 35.93125152587890625 36.13124847412109375
28.106250762939453125 27.506250381469726562 27.549999237060546875 26.537500381469726562 26.456249237060546875 27.112499237060546875 27.524999618530273438 27.862499237060546875 28.96875 29.856250762939453125 34.50624847412109375 41.956249237060546875 49.21875 53.09375 55.668750762939453125 56.637500762939453125 56.96250152587890625 56.5 56.65000152587890625 57.81874847412109375 56.293750762939453125 56.13124847412109375 55.4375 53.84999847412109375 50.393749237060546875 48.43125152587890625 46.125 43.15000152587890625 40.30625152587890625 38.78749847412109375 37.5 36.6875 35.356250762939453125 35.137500762939453125 34.543750762939453125 32.987499237060546875 32.5 33.418750762939453125 34.543750762939453125 34.012500762939453125 33.012500762939453125 33.3125 32.96875 33.96875
27.53125 27.5625 26.918750762939453125 26.831249237060546875 26.662500381469726562 26.806249618530273438 26.875 26.737499237060546875 27.418750762939453125 27.362499237060546875 33.375 39.74375152587890625 44.43125152587890625 48.13124847412109375 50.956249237060546875 52.15625 51.02500152587890625 51.90625 50.97499847412109375 51.3125 50.481250762939453125 49.40000152587890625 47.5625 46.34375 44.28125 42.418750762939453125 40.21875 37.956249237060546875 35.825000762939453125 34.21250152587890625 31.96875 31.962499618530273438 31.012500762939453125 31.125 30.012500762939453125 28.637498855590820312 29.662500381469726562 30.387500762939453125 31.375 31.274999618530273438 30.643749237060546875 31.700000762939453125 31.15625 29.537500381469726562
26.299999237060546875 25.743749618530273438 24.987499237060546875 25.700000762939453125 25.743749618530273438 25.831249237060546875 25.28125 26.475000381469726562 28.287500381469726562 31.337499618530273438 36.96250152587890625 39.856250762939453125 42.34375 45.706249237060546875 47.84999847412109375 47.637500762939453125 46.90625 46.80625152587890625 45.16249847412109375 45.13124847412109375 44.0625 42.481250762939453125 41.69374847412109375 40.53125 38.174999237060546875 36.643749237060546875 35.418750762939453125 33.28125 31.88124847412109375 31.075000762939453125 29.450000762939453125 28.181249618530273438 27.456249237060546875 27.612499237060546875 27.231250762939453125 26.756250381469726562 27.743749618530273438 28.868749618530273438 29.143751144409179688 27.762500762939453125 28.375 29.868749618530273438 28.28125 27.318750381469726562
24.993749618530273438 24.768751144409179688 23.96875 24.9375 24.8125 25.493749618530273438 25.618749618530273438 26.712499618530273438 28.787500381469726562 31.431249618530273438 35.075000762939453125 38.0625 40.018749237060546875 41.6875 43.643749237060546875 44.643749237060546875 43.06874847412109375 43.21875 41.612499237060546875 40.11875152587890625 37.424999237060546875 36.30625152587890625 35.09375 34.16249847412109375 32.55625152587890625 31.331249237060546875 30.212499618530273438 29 27.606250762939453125 27.5625 27.106250762939453125 26.024999618530273438 25.3125 25.256250381469726562 25.950000762939453125 25.337499618530273438 25.34999847412109375 26.137500762939453125 27.5625 26.875 27.181249618530273438 27.9375 26.575000762939453125 25.112499237060546875
