data/historical-monthly-weather-data/wc2.1_cruts4.09_10m_prec_1954-02.asc
ncols        51
nrows        45
xllcorner    -63.500000000000
yllcorner    -7.500000000000
cellsize     0.166666666667
NODATA_value -9999
[rows 0 to 19 of 45, columns 0 to 44 of 51]
129.5625 128.6062469482421875 129.649993896484375 133.375 135.4812469482421875 142.149993896484375 147.71875 150.662506103515625 152.631256103515625 157.2312469482421875 165.3874969482421875 170.3000030517578125 174.056243896484375 171.618743896484375 168.8874969482421875 166.1750030517578125 164.5 158.818756103515625 157.493743896484375 157.2062530517578125 159.5749969482421875 162.443756103515625 166.943756103515625 169.524993896484375 172.6875 175.90625 175.9812469482421875 175.3562469482421875 175.1875 175.475006103515625 176.662506103515625 178.306243896484375 179.931243896484375 182.1750030517578125 185.399993896484375 190.375 194.006256103515625 197.243743896484375 201.649993896484375 204.4562530517578125 208.318756103515625 210.9812469482421875 211.8562469482421875 215.65625 217.056243896484375
132.8249969482421875 130.46875 132.125 133.8625030517578125 136.625 145.006256103515625 151.84375 159.25 166.306243896484375 172.818756103515625 179.850006103515625 182.375 183.756256103515625 182.662506103515625 179.149993896484375 175.1687469482421875 172.0687408447265625 166.631256103515625 163.40625 161.131256103515625 162.5500030517578125 165.7062530517578125 169.7687530517578125 172.056243896484375 174.0625 177.1999969482421875 177.375 177.96875 178.3125 179.5749969482421875 180.568756103515625 183.9499969482421875 187.225006103515625 191.6125030517578125 195.5124969482421875 200.7375030517578125 205.006256103515625 208.212493896484375 212.4250030517578125 215.2062530517578125 218.6687469482421875 220.6687469482421875 220.7687530517578125 223.3625030517578125 224.25
139.53125 137.193756103515625 138.225006103515625 139.9812469482421875 143.15625 151.1875 160.350006103515625 170.8625030517578125 181.125 188.681243896484375 193.993743896484375 194.875 194.3249969482421875 191.712493896484375 186.6875 181.59375 177.087493896484375 173.006256103515625 170.0124969482421875 168.399993896484375 170.256256103515625 174.8937530517578125 178.412506103515625 180.1374969482421875 183.1437530517578125 184.7062530517578125 184.96875 186.0187530517578125 185.6437530517578125 186.78125 189.5812530517578125 193.1875 197.806243896484375 201.75 207.1687469482421875 211.46875 216.287506103515625 220.962493896484375 224.1374969482421875 226.7687530517578125 229.5437469482421875 230.3562469482421875 229.899993896484375 229.7624969482421875 231.118743896484375
145.381256103515625 143.46875 145.21875 147.1062469482421875 152.09375 159.1999969482421875 169.3125 181.7375030517578125 194.743743896484375 204.3125 208.0749969482421875 205.774993896484375 201.600006103515625 196.9875030517578125 191.5437469482421875 185.881256103515625 181.056243896484375 176.5437469482421875 175.337493896484375 177.0500030517578125 180.475006103515625 184.693756103515625 187.649993896484375 189.1999969482421875 190.9562530517578125 192.15625 193.3562469482421875 193.9875030517578125 193.6125030517578125 196.0124969482421875 198.78125 204.350006103515625 208.59375 213.5812530517578125 218.524993896484375 224.087493896484375 229.181243896484375 233.587493896484375 237.631256103515625 240.3125 241.118743896484375 240.8625030517578125 239.537506103515625 237.6062469482421875 238.1875
154.78125 151.100006103515625 150.7624969482421875 153.274993896484375 158.7375030517578125 166.631256103515625 176.1062469482421875 190.2624969482421875 207.4187469482421875 220.443756103515625 218.9875030517578125 212.0749969482421875 207.256256103515625 202.181243896484375 195.3562469482421875 189.443756103515625 184.774993896484375 180.475006103515625 181.6125030517578125 185.493743896484375 190.193756103515625 193.431243896484375 196.9375 198.381256103515625 199.125 200.225006103515625 199.712493896484375 199.818756103515625 201.9875030517578125 205.6062469482421875 209.662506103515625 214.412506103515625 220.4499969482421875 226.25 231.53125 237.4250030517578125 243.6374969482421875 248.84375 252.787506103515625 253.9499969482421875 254.6687469482421875 252.125 248.53125 245.4812469482421875 243.693756103515625
162.4499969482421875 159.8874969482421875 158.7375030517578125 160.09375 165.1875 174.662506103515625 185.9562530517578125 200.4812469482421875 219.024993896484375 234.9562530517578125 230 221.6875 216.618743896484375 212.0250091552734375 205.962493896484375 201.475006103515625 196.1999969482421875 192.8312530517578125 195.3249969482421875 200.09375 203.40625 206.5 209.6187591552734375 210.256256103515625 210.2375030517578125 211.875 211.9562530517578125 211.6999969482421875 213.068756103515625 216.712493896484375 221.0124969482421875 225.9812469482421875 231.1750030517578125 239.28125 245.90625 252.0500030517578125 258.9375 264.618743896484375 269.412506103515625 270.26873779296875 268.274993896484375 264.149993896484375 259.41876220703125 254.8937530517578125 249.6750030517578125
170.8249969482421875 168.443756103515625 167.912506103515625 168.037506103515625 172.306243896484375 180.9812469482421875 192 203.84375 218.006256103515625 227.149993896484375 229.2624969482421875 226.4250030517578125 223.3312530517578125 220.4187469482421875 216.875 213.850006103515625 211.625 211.84375 214.4499969482421875 216.587493896484375 217.037506103515625 219.3000030517578125 220.5 220.7687530517578125 223.1062469482421875 224.225006103515625 224.506256103515625 225.118743896484375 224.7312469482421875 227.625 233.0625 238.181243896484375 244.618743896484375 250.5 257.493743896484375 265.850006103515625 272.89373779296875 279.818756103515625 286.29998779296875 286.556243896484375 281.662506103515625 276.556243896484375 271.21875 265.28125 258.01873779296875
178.850006103515625 175.5500030517578125 174.96875 176.8000030517578125 180.756256103515625 187.6062469482421875 195.3562469482421875 202.71875 209.818756103515625 217.068756103515625 224.8874969482421875 228.600006103515625 229.4250030517578125 227.725006103515625 226.2062530517578125 225.6437530517578125 225.6687469482421875 229.3937530517578125 233.96875 232.600006103515625 230.0062408447265625 230.4187469482421875 230.8625030517578125 231.993743896484375 234.7937469482421875 236.337493896484375 236.75 236.65625 237.28125 239.943756103515625 243.6999969482421875 249.6125030517578125 256.181243896484375 263.118743896484375 269.98126220703125 277.60626220703125 285.20001220703125 292.09375 297.25 297.962493896484375 294.4375 289.774993896484375 284.131256103515625 276.600006103515625 270.087493896484375
186.8625030517578125 183.743743896484375 183.149993896484375 185.100006103515625 188.181243896484375 192.9562530517578125 199.375 204.2312469482421875 207.4250030517578125 213.8312530517578125 224.5124969482421875 232.59375 236.4375 237.193756103515625 236.818756103515625 238.15625 239.21875 242.462493896484375 247.368743896484375 245.006256103515625 240.6374969482421875 240.5 241.3000030517578125 244.943756103515625 247.899993896484375 249.306243896484375 248.53125 247.931243896484375 248.78125 250.868743896484375 254.8125 260.48126220703125 266.756256103515625 273.08123779296875 279.787506103515625 288.16876220703125 296.068756103515625 303.10626220703125 309.11248779296875 310.806243896484375 308.23126220703125 304.48748779296875 300.256256103515625 294 288.993743896484375
194.712493896484375 191.8125 191.743743896484375 192.96875 195.1687469482421875 199.162506103515625 205.368743896484375 210.068756103515625 215.8874969482421875 223.0625 233.274993896484375 239.850006103515625 245.631256103515625 246.975006103515625 248.193756103515625 248.9375 249.7062530517578125 251.6374969482421875 252.3125 251.0625 248.475006103515625 249.431243896484375 252.131256103515625 258.256256103515625 261.48748779296875 262.38751220703125 261.65625 259.587493896484375 260.65625 262.60626220703125 264.837493896484375 269.48748779296875 275.98126220703125 283.51873779296875 290.92498779296875 299.0625 307.125 313.368743896484375 319.462493896484375 323.10626220703125 323.41876220703125 321.29998779296875 317.087493896484375 310.39373779296875 307.568756103515625
201.787506103515625 198.9812469482421875 198.9562530517578125 199.993743896484375 201.53125 205.524993896484375 211.368743896484375 217.725006103515625 225.3125 233.975006103515625 244.587493896484375 251.6999969482421875 256.26251220703125 257.64373779296875 258.806243896484375 259.274993896484375 258.73748779296875 258 256.537506103515625 255.5500030517578125 253.2937469482421875 255.306243896484375 261.568756103515625 267.09375 274.375 275.03125 272.8125 271.38751220703125 270.774993896484375 271.63751220703125 274.23126220703125 278.16876220703125 284.21875 291.875 300.88751220703125 309.76873779296875 316.524993896484375 323.993743896484375 330.32501220703125 333.95623779296875 335.65625 334.125 331.11248779296875 325.67498779296875 322.78125
208.725006103515625 205.806243896484375 205.381256103515625 206.693756103515625 208.743743896484375 212.9499969482421875 219.0187530517578125 227.193756103515625 235.4499969482421875 244.9250030517578125 256.412506103515625 264.91876220703125 268.131256103515625 268.537506103515625 269.5 268.48748779296875 267.14373779296875 264.14373779296875 260.39373779296875 257.45623779296875 254.7937469482421875 258.59375 269.100006103515625 279.318756103515625 286.300018310546875 285.056243896484375 281.48748779296875 279.29998779296875 278.65625 280.26873779296875 282.42498779296875 285.068756103515625 291.16876220703125 298.36248779296875 306.96875 316.34375 325.350006103515625 333.54998779296875 340.462493896484375 345.07501220703125 348.14373779296875 346.118743896484375 340.412506103515625 332.23126220703125 327.306243896484375
213.225006103515625 210.993743896484375 211.3625030517578125 212.712493896484375 215.84375 220.912506103515625 228.024993896484375 236.118743896484375 244.662506103515625 255.6750030517578125 267.26251220703125 276.381256103515625 279.693756103515625 278.3125 278.29376220703125 276.13751220703125 273.993743896484375 270.86248779296875 267.29376220703125 262.75 257.32501220703125 262.681243896484375 275.587493896484375 285.587493896484375 289.89373779296875 289.131256103515625 287.8125 286.16876220703125 285.23126220703125 286.83123779296875 288.899993896484375 291.181243896484375 295.66876220703125 302.975006103515625 311.71875 320.82501220703125 330.100006103515625 340.787506103515625 349.20001220703125 355.068756103515625 360.29998779296875 356.67498779296875 346.162506103515625 334.662506103515625 326.524993896484375
216.631256103515625 214.8625030517578125 215.806243896484375 217.8874969482421875 221.912506103515625 227.5500030517578125 235.8937530517578125 244.618743896484375 253.9499969482421875 264.41876220703125 275.0625 282.693756103515625 286.306243896484375 287.087493896484375 285.20001220703125 283.587493896484375 280.443756103515625 278.16876220703125 274.73748779296875 272.243743896484375 270.78125 275.306243896484375 284.475006103515625 290.01873779296875 292.79998779296875 292.75 292.625 291.36248779296875 291.10626220703125 291.287506103515625 293.068756103515625 294.5 298.375 305.51251220703125 313.662506103515625 323.64373779296875 335.287506103515625 347.54376220703125 358.35626220703125 365.100006103515625 367.76873779296875 358.662506103515625 348.743743896484375 339.03125 331.51873779296875
219.4375 217.6062469482421875 219.381256103515625 223.1374969482421875 227.0500030517578125 234.0500030517578125 243.625 252.618743896484375 262.59375 272.975006103515625 282.274993896484375 290.04998779296875 294.08123779296875 295.399993896484375 294.09375 291.70001220703125 289.318756103515625 287.118743896484375 285.118743896484375 284.8125 285.243743896484375 288.212493896484375 294.618743896484375 297.60626220703125 298.45001220703125 299.381256103515625 299.25 297.41876220703125 296.54376220703125 296.60626220703125 295.9375 295.23748779296875 298.618743896484375 303.79376220703125 311.45001220703125 321.0625 335.1875 350.600006103515625 362.39373779296875 368.03125 365.54998779296875 359.23126220703125 352.16876220703125 342.70623779296875 334.381256103515625
220.912506103515625 219.25 221.9562530517578125 226.5124969482421875 231.8625030517578125 239.7375030517578125 249.8562469482421875 258.993743896484375 269.76251220703125 281.29998779296875 291.07501220703125 299.23748779296875 304.024993896484375 305.100006103515625 303.54998779296875 299.10626220703125 298.23126220703125 298.037506103515625 297.71875 298.712493896484375 298.662506103515625 300.631256103515625 304.88751220703125 307.14373779296875 305.82501220703125 304.725006103515625 303.431243896484375 302.48126220703125 302.381256103515625 301.899993896484375 300.67498779296875 297.08123779296875 295.95001220703125 298.23748779296875 302.850006103515625 313.63751220703125 330.11248779296875 349.45001220703125 365.09375 370.962493896484375 367.40625 359.962493896484375 352.17498779296875 343.100006103515625 333.493743896484375
220.1750030517578125 219.96875 223.3562469482421875 228.787506103515625 235.412506103515625 244.1999969482421875 254.881256103515625 265.26873779296875 276.73126220703125 289.131256103515625 300.756256103515625 310.243743896484375 316.42498779296875 318.381256103515625 316.149993896484375 311.212493896484375 307.931243896484375 307.26251220703125 307.681243896484375 309.98126220703125 311.17498779296875 312.86248779296875 315.100006103515625 315.79998779296875 314.21875 309.73748779296875 306.4375 306.506256103515625 307.76251220703125 308.368743896484375 305.693756103515625 299.76873779296875 294.399993896484375 289.600006103515625 291.837493896484375 302.36248779296875 319.95623779296875 345.931243896484375 370.21875 371.443756103515625 363.45623779296875 356 347.11248779296875 338.39373779296875 330.643768310546875
217.34375 218.2687530517578125 223.568756103515625 230.6062469482421875 238.131256103515625 247.8562469482421875 259.5 270.931243896484375 283.024993896484375 295.787506103515625 309.149993896484375 321.875 331.600006103515625 334.73126220703125 332.8125 327.79376220703125 320.350006103515625 314.962493896484375 317.28125 319.681243896484375 323.25 324.087493896484375 323.26873779296875 320.875 318.037506103515625 313.625 309.09375 310.45623779296875 313.256256103515625 314.524993896484375 310.181243896484375 297.07501220703125 287.79998779296875 279.681243896484375 277.225006103515625 283.625 305.82501220703125 332.13751220703125 354.46875 359.59375 352.993743896484375 346.32501220703125 339.375 332.83123779296875 326.48748779296875
213.59375 215.868743896484375 222.2624969482421875 229.712493896484375 238.631256103515625 250.431243896484375 262.381256103515625 275.53125 289.100006103515625 302.21875 317.274993896484375 331.73126220703125 345.125 353.85626220703125 350.26251220703125 340.92498779296875 331.14373779296875 322.64373779296875 322.16876220703125 325.91876220703125 331.13751220703125 332.649993896484375 326.70001220703125 323.037506103515625 319.95001220703125 317.225006103515625 314.95623779296875 316.10626220703125 319.756256103515625 322.274993896484375 318.006256103515625 301.037506103515625 285.274993896484375 269.23748779296875 260.256256103515625 267.60626220703125 289.625 313.931243896484375 333.57501220703125 340.625 339.243743896484375 333.806243896484375 329.76251220703125 325.92498779296875 321.11248779296875
210.09375 212.462493896484375 219.71875 228.1875 238.850006103515625 252.006256103515625 265.82501220703125 278.98748779296875 293.006256103515625 306.881256103515625 321.743743896484375 337.975006103515625 356.068756103515625 372.08123779296875 365.0625 348.01251220703125 333.70001220703125 326.8125 325.837493896484375 329.193756103515625 329.943756103515625 328.5625 327.54998779296875 323.774993896484375 320.774993896484375 318.506256103515625 318.70623779296875 321.631256103515625 323.28125 324.0625 317.01251220703125 302.756256103515625 281.95001220703125 259.25 243.131256103515625 253.21875 278.89373779296875 303.04998779296875 319.73126220703125 327.48126220703125 326.39373779296875 321.668731689453125 321.756256103515625 320.84375 317.78125
