data/historical-monthly-weather-data/wc2.1_cruts4.09_10m_prec_1987-11.asc
ncols        51
nrows        45
xllcorner    -63.500000000000
yllcorner    -7.500000000000
cellsize     0.166666666667
NODATA_value -9999
[rows 20 to 39 of 45, columns 0 to 43 of 51]
183.024993896484375 182.15625 180.693756103515625 178.943756103515625 176.6999969482421875 176.756256103515625 176.818756103515625 175.943756103515625 175.5625 173.6437530517578125 170.3562469482421875 164.4875030517578125 157.225006103515625 148.3125 140.9375 133.475006103515625 126.97499847412109375 122.96875 121.9875030517578125 119.875 114.875 107.7375030517578125 99.88124847412109375 96.1374969482421875 93.0124969482421875 89.2937469482421875 86.34999847412109375 81.9187469482421875 76.99375152587890625 74.3562469482421875 72.7062530517578125 73.375 72.06874847412109375 70.86875152587890625 69.6437530517578125 68.84999847412109375 67.21250152587890625 65.55625152587890625 63.112499237060546875 60.612499237060546875 57.80625152587890625 55.637500762939453125 53.174999237060546875 50.61875152587890625
180.6374969482421875 178.8625030517578125 178.1875 177.125 175.96875 176.7312469482421875 178.1999969482421875 178.556243896484375 180.0749969482421875 179.71875 177.5500030517578125 173.5812530517578125 167.59375 158.868743896484375 150.087493896484375 141.475006103515625 134.6999969482421875 128.9250030517578125 125.21875 122.0124969482421875 115.0625 107.8312530517578125 101.2687530517578125 97.3937530517578125 93.7624969482421875 90.16249847412109375 88.5124969482421875 85.27500152587890625 82.2687530517578125 81.15625 80.0625 80.71250152587890625 79.0124969482421875 78.125 77.31874847412109375 76.0187530517578125 73.97499847412109375 71.5749969482421875 67.9562530517578125 64.74375152587890625 61.237499237060546875 58.606250762939453125 55.96875 53.481250762939453125
178.587493896484375 178.0812530517578125 177.2312469482421875 176.350006103515625 175.662506103515625 176.75 178.2062530517578125 180.625 183.912506103515625 184.5625 184.4437408447265625 182.21875 180.2687530517578125 172.46875 160.3874969482421875 149.5 141.1437530517578125 134.2687530517578125 128.5625 123.56874847412109375 116.375 108.9375 102.1875 98.1875 95.1125030517578125 92.02500152587890625 90.5749969482421875 88.9499969482421875 86.75 86.5812530517578125 87.09375 88.2062530517578125 87.0749969482421875 86.1875 85.02500152587890625 83.53125 81.0625 77.36875152587890625 72.80625152587890625 68.74375152587890625 64.88124847412109375 61.74375152587890625 58.77500152587890625 56.03125
177.3562469482421875 177.1437530517578125 176.2624969482421875 174.443756103515625 173.875 176.100006103515625 178.40625 181.6062469482421875 184.5124969482421875 186.1125030517578125 187.037506103515625 188.9499969482421875 189.993743896484375 181.725006103515625 167.756256103515625 155.8249969482421875 146.4375 138.7624969482421875 131.8312530517578125 125.2687530517578125 117.90625 110.4375 103.3874969482421875 99.55625152587890625 96.6875 93.78749847412109375 94.19374847412109375 92.49375152587890625 91.6999969482421875 92.44374847412109375 94.46875 96.38124847412109375 95.1062469482421875 93.75624847412109375 92.56874847412109375 91.03125 87.8562469482421875 82.55625152587890625 77.3125 72.46250152587890625 67.8937530517578125 64.4562530517578125 61.28125 58.325000762939453125
178.8937530517578125 177.71875 176.25 174.1062469482421875 173.787506103515625 175.4250030517578125 177.462493896484375 180.3312530517578125 183.5749969482421875 185.568756103515625 187.4562530517578125 188.03125 188.15625 182.3000030517578125 170.71875 159.46875 150 141.431243896484375 134.0749969482421875 126.99375152587890625 119.21250152587890625 111.1437530517578125 104.6750030517578125 100.8000030517578125 97.74375152587890625 96.16249847412109375 96.74375152587890625 96.6999969482421875 96.4187469482421875 98.75624847412109375 101.28125 103.84375 102.4562530517578125 100.78125 98.84375 95.90625 92.03749847412109375 86.24375152587890625 80.7937469482421875 75.77500152587890625 70.6875 67 63.987499237060546875 61.325000762939453125
183.1062469482421875 181.8312530517578125 177.212493896484375 174.90625 172.850006103515625 173.818756103515625 175.28125 177.65625 180.4812469482421875 182.65625 184.2312469482421875 184.962493896484375 183.875 179.6062469482421875 170.65625 161.21875 152.6875 144.162506103515625 136.5187530517578125 129.2937469482421875 121.19374847412109375 113.09999847412109375 106.03749847412109375 101.53749847412109375 99.28125 98.53749847412109375 100.1750030517578125 101.2937469482421875 102.1125030517578125 105.2062530517578125 108.1687469482421875 110.9812469482421875 109.4375 106.68125152587890625 104.09375 100.0124969482421875 95.11875152587890625 89.4812469482421875 84.3874969482421875 79.0437469482421875 73.8562469482421875 69.97499847412109375 66.21875 63.74375152587890625
186.9499969482421875 183.350006103515625 178.537506103515625 174.8874969482421875 171.71875 171.806243896484375 173.875 175.337493896484375 176.556243896484375 178.587493896484375 180.9375 181.850006103515625 181 178.006256103515625 170.649993896484375 161.850006103515625 154.21875 146.443756103515625 139.1374969482421875 131.618743896484375 123.63124847412109375 115.7375030517578125 108.5437469482421875 104.4499969482421875 103.28125 102.90000152587890625 104.84375 106.66249847412109375 108.6062469482421875 111.3000030517578125 114.74375152587890625 117.43125152587890625 115.5124969482421875 112.0749969482421875 108.03125 103.4562530517578125 98.3125 92.5124969482421875 87.8562469482421875 82.7937469482421875 77.6750030517578125 73.31874847412109375 69.24375152587890625 66.0812530517578125
190.6374969482421875 184.7375030517578125 179.21875 174.318756103515625 170.7624969482421875 169.875 171.03125 172.4375 173.8874969482421875 175.600006103515625 176.8062591552734375 178.0625 177.84375 175.7312469482421875 169.90625 162.4499969482421875 155.25 148.5 141.5 134.5 127.3312530517578125 119.71875 114.0500030517578125 110.9250030517578125 109.31874847412109375 108.5187530517578125 110.3562469482421875 112.7624969482421875 114.8874969482421875 117.5124969482421875 120.27500152587890625 122.7937469482421875 120.1687469482421875 115.6125030517578125 111.4375 106.5812530517578125 101.27500152587890625 96.05625152587890625 90.9812469482421875 86.7937469482421875 82.34375 77.7312469482421875 72.00624847412109375 68.1437530517578125
194.225006103515625 186.2312469482421875 178.850006103515625 173.306243896484375 169.131256103515625 167.6125030517578125 167.9250030517578125 168.881256103515625 171.006256103515625 172.375 173.5500030517578125 174.6125030517578125 175.28125 173.868743896484375 168.8562469482421875 163.3625030517578125 157.7624969482421875 150.8625030517578125 144.2937469482421875 137.875 131.6999969482421875 125.06874847412109375 120.2937469482421875 118.0437469482421875 116.27500152587890625 115.11875152587890625 117.30625152587890625 119.3625030517578125 121.7375030517578125 123.52500152587890625 125.86875152587890625 127.53125 123.68125152587890625 118.69374847412109375 114.4375 109.4562530517578125 104.34375 98.97499847412109375 94.0124969482421875 89.44374847412109375 85.6999969482421875 80.5749969482421875 75.2687530517578125 72.5500030517578125
198.162506103515625 188.7937469482421875 180.4812469482421875 172.537506103515625 168.15625 166.53125 166.2937469482421875 166.9187469482421875 168.712493896484375 169.4187469482421875 170.6125030517578125 172.2562408447265625 173.5 173.5124969482421875 169.712493896484375 165.350006103515625 159.806243896484375 154.3312530517578125 147.943756103515625 141.993743896484375 136.6062469482421875 131.90625 127.96250152587890625 125.5812530517578125 124.03749847412109375 123.34999847412109375 125.28749847412109375 126.97499847412109375 128.7375030517578125 130.1999969482421875 131.53125 132.274993896484375 128.0437469482421875 123.34999847412109375 118.77500152587890625 113.34375 107.90000152587890625 103.25 97.5187530517578125 92.6999969482421875 88.97499847412109375 86.65625 83.15625 81.5124969482421875
200.881256103515625 190.84375 181.9499969482421875 173.6187591552734375 167.899993896484375 166.568756103515625 165.84375 165.53125 166.1750030517578125 167.46875 168.8562469482421875 170.90625 173.15625 172.975006103515625 170.587493896484375 167.5437469482421875 163.962493896484375 158.4250030517578125 151.912506103515625 147.6374969482421875 143.524993896484375 139.6687469482421875 136.3874969482421875 134.2937469482421875 132.462493896484375 132.1062469482421875 133.3937530517578125 135.006256103515625 136.1750030517578125 136.53125 137.0812530517578125 137.225006103515625 132.587493896484375 128.3625030517578125 123.18125152587890625 117.5812530517578125 112.46250152587890625 108.49375152587890625 102.375 95.11875152587890625 92.33750152587890625 92.63124847412109375 91.46250152587890625 90.3125
202.787506103515625 192.96875 183.993743896484375 176.5749969482421875 171.3874969482421875 167.743743896484375 166.0187530517578125 164.556243896484375 164.806243896484375 165.625 167.056243896484375 169.8187408447265625 172.2437591552734375 173.5187530517578125 173.087493896484375 171.5 168.899993896484375 163.837493896484375 158.5812530517578125 154.9562530517578125 151.618743896484375 148.0812530517578125 144.975006103515625 142.9499969482421875 141.8562469482421875 141.056243896484375 141.725006103515625 142.881256103515625 143.381256103515625 143.3249969482421875 143.0500030517578125 141.9875030517578125 137.431243896484375 132.693756103515625 128.3625030517578125 122.9812469482421875 118.0437469482421875 113.5437469482421875 106.9875030517578125 101.34999847412109375 100.2937469482421875 102.05625152587890625 102.4875030517578125 103.80625152587890625
204.056243896484375 195.568756103515625 187.256256103515625 180.5812530517578125 175.2687530517578125 170.59375 167.7437591552734375 165.5625 164.8625030517578125 165.100006103515625 167.4499969482421875 169.9812469482421875 173.4187469482421875 176.9250030517578125 177.28125 177.131256103515625 175.256256103515625 172.2624969482421875 168.287506103515625 164.9499969482421875 161.7937469482421875 157.7624969482421875 153.943756103515625 152.006256103515625 151.087493896484375 150.149993896484375 150.53125 151.100006103515625 151.787506103515625 151.0124969482421875 150 148.3562469482421875 143.756256103515625 138.9812469482421875 135.2937469482421875 130.587493896484375 126.4562530517578125 121.875 116.25624847412109375 114.30625152587890625 114.2312469482421875 116.6125030517578125 119.3000030517578125 123.375
204.6062469482421875 197.7375030517578125 190.3312530517578125 184.556243896484375 178.8874969482421875 173.725006103515625 169.2937469482421875 166.5812530517578125 165.193756103515625 164.59375 166.287506103515625 170.625 175.600006103515625 179.34375 181.21875 182.6875 183.1374969482421875 181.1875 178.274993896484375 175.662506103515625 172.1125030517578125 167.8625030517578125 163.7937469482421875 161.5625 160.5 159.212493896484375 159.6374969482421875 159.649993896484375 159.9875030517578125 158.524993896484375 156.8874969482421875 155.287506103515625 150.8874969482421875 146.3937530517578125 143.125 139.287506103515625 135.006256103515625 130.131256103515625 127.7375030517578125 128.1062469482421875 128.7624969482421875 132.3625030517578125 137.8937530517578125 144.618743896484375
206.0437469482421875 200.4562530517578125 193.912506103515625 187.9250030517578125 182.5625 176.649993896484375 171.09375 167.5625 164.193756103515625 163.5812530517578125 165.8562469482421875 171.899993896484375 178.118743896484375 183.931243896484375 187.6999969482421875 189.4499969482421875 191.493743896484375 190.6125030517578125 188.5187530517578125 186.2624969482421875 183 178.462493896484375 173.8562469482421875 170.8249969482421875 168.881256103515625 167.9375 167.6062469482421875 167.9187469482421875 167.65625 165.71875 164.0812530517578125 161.9875030517578125 157.6374969482421875 154.1125030517578125 150.3874969482421875 146.306243896484375 142.3312530517578125 140.7375030517578125 140.1999969482421875 140.9250030517578125 143.09375 147.15625 153.5437469482421875 160.993743896484375
208.493743896484375 203.2874908447265625 197.287506103515625 191.3125 185.96875 180.1062469482421875 174.337493896484375 168.8125 164.131256103515625 162.2937469482421875 165.787506103515625 173.225006103515625 181.9124908447265625 189.756256103515625 193.787506103515625 197.6062469482421875 199.3625030517578125 199.556243896484375 198.962493896484375 198.225006103515625 194.649993896484375 188.5749969482421875 183.118743896484375 179.806243896484375 177.4187469482421875 175.725006103515625 175.381256103515625 175.712493896484375 175.5124969482421875 172.587493896484375 171.2375030517578125 168.8312530517578125 165.2937469482421875 162.068756103515625 157.875 153.9875030517578125 153.3562469482421875 152.1999969482421875 151.6875 153.4187469482421875 156.46875 160.3000030517578125 165.84375 172.943756103515625
211.1125030517578125 206.71875 201.475006103515625 196.100006103515625 190.649993896484375 184.8000030517578125 178.2624969482421875 171.8000030517578125 165.350006103515625 160.149993896484375 165.75 179.03125 188.681243896484375 195.462493896484375 200.306243896484375 204.46875 206.96875 207.625 207.850006103515625 207.243743896484375 203.2375030517578125 196.9812469482421875 191.399993896484375 187.6062469482421875 184.7312469482421875 183.3000030517578125 182.0812530517578125 182.875 182.1687469482421875 179.774993896484375 177.837493896484375 176.53125 173.0749969482421875 170.368743896484375 166.6125030517578125 164.34375 164.243743896484375 164.212493896484375 164.712493896484375 165.287506103515625 167.5812530517578125 170.875 175.8249969482421875 182.625
216.1999969482421875 211.787506103515625 206.5749969482421875 201.75 196.399993896484375 190.725006103515625 184.6687469482421875 178.25 171.6687469482421875 165 176.6999969482421875 191.5625 198.100006103515625 203.125 207.568756103515625 211.5749969482421875 214.256256103515625 214.8125 214.6062469482421875 212.4562530517578125 209.1374969482421875 203.9187469482421875 198.837493896484375 194.25 191.4875030517578125 189.9187469482421875 188.6125030517578125 189.287506103515625 188.975006103515625 187.1875 183.306243896484375 181.662506103515625 179.3625030517578125 177.318756103515625 174.600006103515625 174.125 175.037506103515625 175.287506103515625 177.2312469482421875 178.59375 178.6125030517578125 181.881256103515625 184.6687469482421875 189.181243896484375
222.0625 217.587493896484375 213.03125 208.162506103515625 202.6312408447265625 197.2687530517578125 192.256256103515625 187.3625030517578125 185.131256103515625 189.0812530517578125 203 206.6437530517578125 208.743743896484375 212.2062530517578125 215.21875 218 220.162506103515625 220.306243896484375 218.8874969482421875 216.96875 213.1374969482421875 208.006256103515625 203.8874969482421875 200.0500030517578125 196.3562469482421875 194.7937469482421875 193.524993896484375 193.7062530517578125 193.59375 191.662506103515625 188.975006103515625 187.1437530517578125 185.149993896484375 183.431243896484375 183.774993896484375 184.40625 184.462493896484375 186.1374969482421875 187.381256103515625 185.8312530517578125 185.0124969482421875 187.743743896484375 188.15625 191.4875030517578125
228.100006103515625 223.9250030517578125 219.368743896484375 214.368743896484375 210.0625 206.006256103515625 201.6062469482421875 199.287506103515625 199.881256103515625 204.125 211.337493896484375 216.0124969482421875 218.1875 220.881256103515625 223.162506103515625 224.7624969482421875 226.743743896484375 225.975006103515625 223.993743896484375 221.8312530517578125 217.2312469482421875 212.3125 207.6374969482421875 203.600006103515625 201.1125030517578125 198.9937591552734375 197.5625 197.7937469482421875 197.4499969482421875 195.4562530517578125 192.943756103515625 194.056243896484375 194.5250091552734375 193.6437530517578125 194.850006103515625 195.068756103515625 194.6875 195.162506103515625 196.337493896484375 193.0124969482421875 191.193756103515625 192.350006103515625 191.7312469482421875 191.9875030517578125
