data/historical-monthly-weather-data/wc2.1_cruts4.09_10m_prec_2009-07.asc
ncols        45
nrows        45
xllcorner    -63.500000000000
yllcorner    -7.500000000000
cellsize     0.166666666667
NODATA_value -9999
[rows 19 to 37 of 45, columns 0 to 43 of 45]
156.71875 154.8625030517578125 148.337493896484375 141.5187530517578125 133.850006103515625 130.1999969482421875 120.3000030517578125 113.6125030517578125 108.21875 100.2312469482421875 93.4812469482421875 89.72499847412109375 83.4562530517578125 77.25624847412109375 68.55625152587890625 59.549999237060546875 53.25 54.625 48.88124847412109375 45.231250762939453125 41.706249237060546875 43.53749847412109375 47.78749847412109375 53.299999237060546875 57.24375152587890625 58.1875 61.58750152587890625 68.0124969482421875 71.88124847412109375 74.5187530517578125 82.0625 95.75624847412109375 103.75624847412109375 111.6999969482421875 121.8562469482421875 137.03125 149.287506103515625 158.5187530517578125 165.3125 164.662506103515625 155.399993896484375 144.2624969482421875 140.9250030517578125 134.556243896484375
140.787506103515625 147.118743896484375 146.506256103515625 136.662506103515625 126.77500152587890625 123.03749847412109375 115.61875152587890625 109.6999969482421875 103.65625 97.3125 89.9187469482421875 86.34999847412109375 81.63124847412109375 75 66.8000030517578125 59.206249237060546875 53.924999237060546875 51.13124847412109375 49.44374847412109375 44.18125152587890625 45.25624847412109375 46.91249847412109375 49.75624847412109375 56.05625152587890625 60 60.325000762939453125 60.36875152587890625 66.05625152587890625 72.6374969482421875 77.38124847412109375 86.9187469482421875 97.2375030517578125 100.9562530517578125 109.49375152587890625 119.59375 132.15625 143.9250030517578125 149.537506103515625 151.71875 149.975006103515625 145.524993896484375 140.71875 134.912506103515625 130.225006103515625
135.568756103515625 133.3562469482421875 134.662506103515625 129.78125 122.88124847412109375 114.58750152587890625 108.3937530517578125 102.94374847412109375 98.6125030517578125 93.03749847412109375 87.9187469482421875 82.0124969482421875 76.74375152587890625 73.9875030517578125 68.875 61.4375 57.793750762939453125 53.5 50.450000762939453125 47.012500762939453125 45.543750762939453125 46.91249847412109375 49.72499847412109375 53.231250762939453125 55.581249237060546875 57.15000152587890625 62.78125 66.0124969482421875 75 82.96250152587890625 89.1374969482421875 95.2062530517578125 99.5 105.7375030517578125 112.0812530517578125 124.94374847412109375 135.3625030517578125 141.131256103515625 143.462493896484375 143.1125030517578125 140.431243896484375 137.2937469482421875 133.431243896484375 128.8000030517578125
130.1437530517578125 133.9375 131.84375 124.96250152587890625 117.09375 110.6999969482421875 99.65625 94.59375 92.1999969482421875 91.0500030517578125 87.4250030517578125 81.88124847412109375 78.71875 74.78749847412109375 71.15625 66.2687530517578125 59.90000152587890625 54.112499237060546875 50.081249237060546875 47.731250762939453125 48.825000762939453125 48.393749237060546875 49.28125 52.424999237060546875 56.58750152587890625 57.47499847412109375 60.762500762939453125 66.9375 73.33750152587890625 79.15000152587890625 84.9812469482421875 92.0437469482421875 95.3000030517578125 98.4875030517578125 105.7062530517578125 113.27500152587890625 124.25624847412109375 128.2937469482421875 133.881256103515625 136.75 136.03125 130.9937591552734375 128.256256103515625 124.03749847412109375
120.7687530517578125 127.9375 129.0812530517578125 121.0749969482421875 112.84999847412109375 104.78749847412109375 99.69374847412109375 93.15625 88.25624847412109375 84.28125 82.0187530517578125 82.31874847412109375 79.41249847412109375 76.91249847412109375 71.24375152587890625 66.33750152587890625 59.637500762939453125 55.86875152587890625 51.36875152587890625 49.731250762939453125 48.84375 49.831249237060546875 50.206249237060546875 54.950000762939453125 58.5625 59.049999237060546875 63.799999237060546875 66.2937469482421875 71.00624847412109375 75.80625152587890625 81.3937530517578125 86.96250152587890625 88.24375152587890625 89.49375152587890625 98.1437530517578125 102.61875152587890625 113.375 121.24375152587890625 126.49375152587890625 128.71875 129.743743896484375 125.85625457763671875 124.15625 119.61875152587890625
115.3625030517578125 123.6875 126.2624969482421875 119.34999847412109375 111.5625 102.1687469482421875 96.6437530517578125 90.8312530517578125 86.2062530517578125 84.28749847412109375 82.1750030517578125 78.1999969482421875 78.68125152587890625 75.83750152587890625 69.9812469482421875 63.77500152587890625 58.987499237060546875 55.9375 52.512500762939453125 49.9375 49.84999847412109375 49.97499847412109375 52.36875152587890625 55.793750762939453125 57.63124847412109375 61.34375 62.606250762939453125 64.94374847412109375 67.88750457763671875 71.9875030517578125 73.72499847412109375 76.3000030517578125 80.09999847412109375 82.24375152587890625 86.5124969482421875 93.7312469482421875 104.40000152587890625 110.78749847412109375 117.28125 121.3625030517578125 121.2937469482421875 120.3312530517578125 119.69374847412109375 115.0749969482421875
116.50624847412109375 124.19374847412109375 120.1062469482421875 115.0437469482421875 107.1125030517578125 99.4187469482421875 93.8312530517578125 88.0437469482421875 82.8000030517578125 77.84999847412109375 79.46250152587890625 77.56874847412109375 74.52500152587890625 72.61875152587890625 68.1062469482421875 63.1875 58.168750762939453125 55.143749237060546875 52.40625 49.33750152587890625 50.53749847412109375 50.924999237060546875 52.88124847412109375 56.4375 57.97499847412109375 59.575000762939453125 61.90000152587890625 63.018749237060546875 63.9375 65.34999847412109375 66.31874847412109375 67.21250152587890625 69.13124847412109375 72.6437530517578125 79.15625 86.46250152587890625 95.6687469482421875 103.9375 109.74375152587890625 113.8562469482421875 117.4875030517578125 114.4250030517578125 112.8000030517578125 108.33750152587890625
111.13124847412109375 114.11875152587890625 113.8125 110.39374542236328125 103.3125 97.3249969482421875 92.5625 86.40000152587890625 79.7312469482421875 79.1999969482421875 79.1999969482421875 77.3249969482421875 74.81874847412109375 71.25624847412109375 66.35625457763671875 63.231250762939453125 58.581249237060546875 54.44374847412109375 52.18125152587890625 49.90000152587890625 49.299999237060546875 49.637500762939453125 51.81874847412109375 56.65000152587890625 57.075000762939453125 56.637500762939453125 58.50624847412109375 60.21875 61.299999237060546875 59.987499237060546875 61.143749237060546875 59.418750762939453125 60.549999237060546875 67.21875 72.40625 80.7937469482421875 86.83750152587890625 94.625 101.15000152587890625 106.72499847412109375 112.5124969482421875 111.25624847412109375 108.3000030517578125 103.43125152587890625
106.2312469482421875 105.03125 104.9812469482421875 104.5749969482421875 99.1875 94.3249969482421875 89.84999847412109375 83.90000152587890625 79.78125 78.13124847412109375 76.66249847412109375 73.8312530517578125 71.93125152587890625 69.1999969482421875 64.32500457763671875 60.63124847412109375 57.00624847412109375 53.69374847412109375 49.94374847412109375 48.25624847412109375 48.75 48.09375 47.78125 52.049999237060546875 54.05625152587890625 54.15000152587890625 55.86875152587890625 57.47499847412109375 58.41249847412109375 58.362499237060546875 57.993747711181640625 57.69374847412109375 58.86875152587890625 61.981250762939453125 67.28749847412109375 74.46250152587890625 79.91249847412109375 87.46250152587890625 94.5124969482421875 102.41249847412109375 107.78125 110.3000030517578125 105.1999969482421875 101.6687469482421875
100.15625 99.06874847412109375 100.46875 96.22499847412109375 93.6750030517578125 88.05625152587890625 83.5124969482421875 80.2312469482421875 76.5437469482421875 75.625 73.6125030517578125 71.0625 69.5812530517578125 67.93125152587890625 63.581249237060546875 59.75624847412109375 56.981250762939453125 52.1875 49.231250762939453125 47.331249237060546875 46.66249847412109375 45.575000762939453125 45.375 48.21250152587890625 50.40625 51.28749847412109375 53.049999237060546875 54.65000152587890625 57.231250762939453125 57.16249847412109375 56 55.875 56.47499847412109375 58.518749237060546875 62.950000762939453125 69.21875 74.5625 81.34375 87.6687469482421875 92.6750030517578125 100.1999969482421875 99.8937530517578125 98.0749969482421875 95.22499847412109375
93.49375152587890625 95.40000152587890625 95.24375152587890625 91.86875152587890625 87.74375152587890625 83.78125 79.00624847412109375 77.5500030517578125 75.5437469482421875 73.2624969482421875 71.3874969482421875 70.44374847412109375 68.7937469482421875 66.0124969482421875 62.21875 58.78749847412109375 55.21250152587890625 51.856250762939453125 48.206249237060546875 45.643749237060546875 45.16249847412109375 43.612499237060546875 43.125 44.71875 46.943752288818359375 48.34375 49.81874847412109375 51.856250762939453125 54.38124847412109375 54.15625 53.77500152587890625 53.293750762939453125 53.68125152587890625 55.799999237060546875 58.875 63.612499237060546875 70.4375 74.9812469482421875 78.2687530517578125 83.0625 90.2312469482421875 91.06874847412109375 89.59375 86.1750030517578125
88.94374847412109375 90.33750152587890625 86.78749847412109375 86.8312530517578125 84.90625 82 77.47499847412109375 74.65000152587890625 72.9499969482421875 71.28749847412109375 70.06874847412109375 68.3312530517578125 68.3625030517578125 64.2062530517578125 60.106250762939453125 57.5 55.65625 50.637500762939453125 46.106250762939453125 44.71875 44.143749237060546875 42.30625152587890625 40.9375 41.52500152587890625 42.918750762939453125 45.625 47.25624847412109375 48.424999237060546875 49.6875 50.56874847412109375 50.72499847412109375 51.262500762939453125 52.1875 54.362499237060546875 56.74375152587890625 59.668750762939453125 64.40625 70.0124969482421875 71.18125152587890625 72.4375 77.1875 80.31874847412109375 79.63124847412109375 76.2062530517578125
84.3249969482421875 82.3125 79.4250030517578125 78.31874847412109375 78.47499847412109375 77.1125030517578125 74.99375152587890625 72 71.03749847412109375 68.5 67.6875 67.52500152587890625 65.8125 64.27500152587890625 60.77500152587890625 57.77500152587890625 54.950000762939453125 50.06874847412109375 45.18125152587890625 43.88124847412109375 41.96250152587890625 40.27500152587890625 38.30625152587890625 38.668750762939453125 40.6875 42.012500762939453125 43.825000762939453125 45.91249847412109375 46.231250762939453125 47.331249237060546875 48.612499237060546875 49.21875 49.737499237060546875 51.706249237060546875 54.36875152587890625 56.200000762939453125 60.481250762939453125 61.862499237060546875 62.950000762939453125 65.84999847412109375 69.40625 70.1687469482421875 69.46250152587890625 69.24375152587890625
78.8937530517578125 76.3312530517578125 72.8249969482421875 71.53125 71.9875030517578125 70.97499847412109375 70.15000152587890625 68.44374847412109375 65.96875 66.125 66.80625152587890625 65.0124969482421875 64.2312469482421875 63.90000152587890625 61.174999237060546875 57.11875152587890625 53.13124847412109375 50.331249237060546875 46.625 44.706249237060546875 42.237499237060546875 39.5 36.91249847412109375 37.53125 39.46250152587890625 40.200000762939453125 42.375 43.424999237060546875 44.72499847412109375 45.106250762939453125 46.012500762939453125 46.36875152587890625 46.28125 48.200000762939453125 51.393749237060546875 54.168750762939453125 55.21875 56.174999237060546875 57.27500152587890625 61.0437469482421875 63.69374847412109375 64.7624969482421875 62.143749237060546875 62.53749847412109375
73.63124847412109375 71.4812469482421875 69.625 68.55625152587890625 67.46250152587890625 64.8000030517578125 63.924999237060546875 61.47499847412109375 61.981250762939453125 61.08750152587890625 62.168750762939453125 62.63124847412109375 63.09999847412109375 61.862499237060546875 59.375 55.28749847412109375 52.424999237060546875 49.418750762939453125 46.012500762939453125 43.799999237060546875 41.93125152587890625 38.40625 36.66249847412109375 37.181247711181640625 37.61875152587890625 37.875 39.668750762939453125 41.481250762939453125 42.53125 43.16249847412109375 43.88124847412109375 43.88124847412109375 43.83750152587890625 46.081249237060546875 48.606250762939453125 50.100002288818359375 49.99375152587890625 51.15000152587890625 53.36875152587890625 55.49375152587890625 57.987499237060546875 59.59375 59.66249847412109375 58.68125152587890625
69.3562469482421875 65.53125 65.65625 64.3312530517578125 64.0500030517578125 61.706249237060546875 59.356250762939453125 57.15625 55.575000762939453125 55.38124847412109375 57.450000762939453125 60.018749237060546875 62.981250762939453125 62.893749237060546875 58.84999847412109375 55.106250762939453125 51.93125152587890625 48.543750762939453125 46.08750152587890625 43.0625 41.112499237060546875 38.88124847412109375 36.5625 36.53125 36.481250762939453125 36.21250152587890625 37.768749237060546875 39.31874847412109375 40.15625 38.875 39.59999847412109375 41.075000762939453125 41.825000762939453125 43.5 44.61875152587890625 45.700000762939453125 46.549999237060546875 48.487499237060546875 49.41249847412109375 50.02500152587890625 51.237499237060546875 51.53125 53.93125152587890625 53.887500762939453125
63.84375 61.731250762939453125 62.47499847412109375 60.1875 59.5 56.987499237060546875 55.143749237060546875 53 51.25624847412109375 50.174999237060546875 52.05625152587890625 55.950000762939453125 60.78125 59.53125 57.33750152587890625 54.206249237060546875 51.59999847412109375 47.96875 44.68125152587890625 42.21250152587890625 38.84999847412109375 37.875 35.4375 34.90625 34.081249237060546875 34.825000762939453125 36.02500152587890625 37.22499847412109375 37.68125152587890625 36.71250152587890625 37.22499847412109375 38.88124847412109375 39.34375 40.950000762939453125 42.0625 42.11875152587890625 43.25 44.356250762939453125 46.112499237060546875 46.674999237060546875 46.387500762939453125 47.174999237060546875 47.075000762939453125 47.52500152587890625
57.987499237060546875 57.61875152587890625 57.6875 55.375 54.71250152587890625 53.612499237060546875 51.84375 49.71250152587890625 47.237499237060546875 44.450000762939453125 46.981250762939453125 51.96250152587890625 55.69374847412109375 55.293750762939453125 54.481250762939453125 52.40625 49.737499237060546875 45.91249847412109375 42.793750762939453125 40.71875 37.55625152587890625 35.5 33.68125152587890625 33.59999847412109375 32.674999237060546875 32.831249237060546875 33.80625152587890625 34.387500762939453125 34.6875 34.90000152587890625 35.08750152587890625 35.706249237060546875 36 37.44374847412109375 38.450000762939453125 37.99375152587890625 38.63124847412109375 40.94374847412109375 42.893749237060546875 42.68125152587890625 41.84375 42.41249847412109375 42.112499237060546875 43.518749237060546875
51.69374847412109375 52.46875 51.362499237060546875 51.19374847412109375 50.71875 49.737499237060546875 48.43125152587890625 46.518749237060546875 44.44374847412109375 41.168750762939453125 46.512500762939453125 50.80625152587890625 52.137500762939453125 52.15000152587890625 52.09375 50.52500152587890625 46.831249237060546875 44.77500152587890625 41.24375152587890625 39.137500762939453125 36.83750152587890625 34.61875152587890625 32.299999237060546875 32.174999237060546875 31.756250381469726562 31.543750762939453125 31.862499237060546875 32.21875 32.43125152587890625 32.16249847412109375 31.037500381469726562 32.0625 32.38124847412109375 33.887500762939453125 33.93125152587890625 33.200000762939453125 35.16249847412109375 36.768749237060546875 38.30625152587890625 38.46875 37.956249237060546875 39.40000152587890625 38.83750152587890625 36.90000152587890625
