data/historical-monthly-weather-data/wc2.1_cruts4.09_10m_prec_1993-08.asc
ncols        51
nrows        45
xllcorner    -63.500000000000
yllcorner    -7.500000000000
cellsize     0.166666666667
NODATA_value -9999
[rows 0 to 18 of 45, columns 0 to 43 of 51]
101.5812530517578125 97.15000152587890625 95.3937530517578125 96.5500030517578125 98.41249847412109375 102.1437530517578125 103.21250152587890625 105.6875 109.55625152587890625 112.41249847412109375 112.1687469482421875 115.3312530517578125 120.0812530517578125 122.5437469482421875 127 128.6687469482421875 131.96875 134.850006103515625 137.243743896484375 142.587493896484375 144.40625 143.837493896484375 143.5187530517578125 143.78125 142.587493896484375 141.431243896484375 142.7937469482421875 145.7562408447265625 142.4375 146.181243896484375 145.087493896484375 148.71875 152.600006103515625 153.1687469482421875 155.28125 157.0625 156.78125 158.306243896484375 159.28125 158.5 158.556243896484375 160.28125 158.306243896484375 156.087493896484375
97.46875 93.00624847412109375 93.9562530517578125 96.0187530517578125 99.1875 102.3125 102.0749969482421875 104.22499847412109375 108.55625152587890625 111.4499969482421875 112.4250030517578125 116.3874969482421875 118.50624847412109375 119.5187530517578125 122.50624847412109375 126.25 127.6875 130.1125030517578125 133.193756103515625 137.1687469482421875 138.0812530517578125 136.8874969482421875 136.375 138.649993896484375 138.2312469482421875 136.7624969482421875 140.5749969482421875 141.8937530517578125 139.25 141.743743896484375 144.962493896484375 148.068756103515625 152.21875 156.493743896484375 158.587493896484375 159.256256103515625 156.4812469482421875 160.53125 159.868743896484375 158.9312591552734375 162.556243896484375 162.25 162.8937530517578125 162.4250030517578125
92.6999969482421875 90.94374847412109375 93.65625 97.8125 101.9187469482421875 104.55625152587890625 105.49375152587890625 106.96875 109.50624847412109375 111.3874969482421875 113.44374847412109375 116.59375 117.6374969482421875 116.58750152587890625 118.5187530517578125 120.99375152587890625 122.78749847412109375 124 125.7062530517578125 126.7624969482421875 129.118743896484375 130.743743896484375 131.0500030517578125 134.8874969482421875 133.899993896484375 134.524993896484375 139.5625 138.868743896484375 136.399993896484375 140.0500030517578125 141.4187469482421875 144.5187530517578125 148.787506103515625 154.1437530517578125 154.6875 152.0812530517578125 152.2312469482421875 155.975006103515625 155.0187530517578125 157.1437530517578125 163.28125 164.8249969482421875 168.225006103515625 167.1875
88.4875030517578125 86.69374847412109375 91.65000152587890625 97.46875 101.59999847412109375 103.99375152587890625 105.8562469482421875 107.625 111.5437469482421875 112.96250152587890625 112.96875 113.9250030517578125 114.71250152587890625 113.1687469482421875 114.31874847412109375 115.68125152587890625 117.47499847412109375 118.1374969482421875 118.84999847412109375 122.25 124.00624847412109375 124.58750152587890625 125.11875152587890625 129.8125 130.6437530517578125 131.587493896484375 135.443756103515625 132.1999969482421875 130.8375091552734375 134.8000030517578125 137.09375 138.3937530517578125 139.993743896484375 142.6062469482421875 144.2312469482421875 144.806243896484375 149.024993896484375 151.2375030517578125 149.412506103515625 154.787506103515625 159.7687530517578125 165.9187469482421875 169.756256103515625 172.4499969482421875
92.83750152587890625 89.2937469482421875 89.4562530517578125 94.03749847412109375 100.41249847412109375 102.56874847412109375 103.8000030517578125 107.84999847412109375 112.84375 113.98749542236328125 112.34999847412109375 111.7624969482421875 111.59999847412109375 110.49375152587890625 110.5 111.65625 111.91249847412109375 110.9375 110.72499847412109375 114.0124969482421875 118.7062530517578125 118.2312469482421875 120.00624847412109375 126.88124847412109375 126.9375 127.50624847412109375 128.1687469482421875 128.9562530517578125 127.65625 128.337493896484375 133.1437530517578125 133.25 135.8249969482421875 138.9375 140.475006103515625 139.443756103515625 141.3000030517578125 144.1812591552734375 143.3625030517578125 146.9812469482421875 156.6875 163.2687530517578125 171.725006103515625 175.431243896484375
95.50624847412109375 92.59999847412109375 91.6125030517578125 90.3625030517578125 95.9187469482421875 102.1750030517578125 104.5500030517578125 106.78125 111.8000030517578125 112.59375 109.02500152587890625 108.0812530517578125 108.3874969482421875 107.6125030517578125 106.8874969482421875 107.65000152587890625 106.31874847412109375 103.96250152587890625 104.61875152587890625 107.3562469482421875 112.44374847412109375 115.19374847412109375 118.19374847412109375 120.66249847412109375 123.55625152587890625 125.31874847412109375 125.78749847412109375 125.22499847412109375 124.8625030517578125 123.8249969482421875 127.34375 129.806243896484375 129.90625 132.8874969482421875 132.125 133.9187469482421875 133.9375 133.8312530517578125 135.6062469482421875 141.975006103515625 148.1750030517578125 156.631256103515625 165.837493896484375 174.4562530517578125
98.8000030517578125 97.50624847412109375 96.7624969482421875 95.9812469482421875 97.7687530517578125 99.45624542236328125 101.09375 102.86875152587890625 102.5812530517578125 103.5500030517578125 102.66249847412109375 103.00624847412109375 104.86875152587890625 104.46250152587890625 104.46875 104.4187469482421875 102.59999847412109375 100.56874847412109375 99.58750152587890625 102.7375030517578125 107.40625 111.875 115.65625 119.28125 121.63124847412109375 124.16249847412109375 123.8937530517578125 122.09375 118.86875152587890625 120.6062469482421875 121.99375152587890625 122.33750152587890625 124.25624847412109375 126.28749847412109375 126.1875 126.19374847412109375 124.6875 125.125 128.3562469482421875 134.8249969482421875 140.5 148.7062530517578125 159.649993896484375 171.2937469482421875
102.58750152587890625 100.8312530517578125 101.8625030517578125 102.1062469482421875 104.50624847412109375 105.7937469482421875 102.0812530517578125 95.11875152587890625 91.34999847412109375 92.4562530517578125 96.33750152587890625 98.0812530517578125 99.90000152587890625 100.5 100.9812469482421875 100.3625030517578125 99.1999969482421875 97.0749969482421875 95.49375152587890625 97.2687530517578125 103.74375152587890625 109.25624847412109375 112.5437469482421875 115.75624847412109375 120.1687469482421875 121.15000152587890625 119.68125152587890625 118.21875 115.94374847412109375 114.27500152587890625 117.2687530517578125 116.9375 116.71250152587890625 119.1687469482421875 116.96250152587890625 116.11875152587890625 114.8000030517578125 114.2312469482421875 115.9562530517578125 120.28125 126.8249969482421875 135.818756103515625 145.993743896484375 155.787506103515625
106.46875 105.27500152587890625 106.86875152587890625 106.1125030517578125 107.1750030517578125 106.5124969482421875 103.6062469482421875 97.96875 90.0500030517578125 86.72499847412109375 89.50624847412109375 91.94374847412109375 96.5812530517578125 97.5124969482421875 97.30625152587890625 96.1999969482421875 96.3312530517578125 95.3562469482421875 96.35625457763671875 96.1687469482421875 101.6125030517578125 108.11875152587890625 111.27500152587890625 117.61875152587890625 120.65625 119.6125030517578125 115.49375152587890625 115.40000152587890625 113.25624847412109375 111.33750152587890625 113.4875030517578125 110.58750152587890625 108.1999969482421875 106.625 105.66249847412109375 106.8000030517578125 106.6374969482421875 106.4499969482421875 106.8249969482421875 110.0625 114.4499969482421875 119.7312469482421875 126.16875457763671875 132.8125
109.3249969482421875 108.71250152587890625 109.28749847412109375 109.6875 110.3874969482421875 109.21875 108.0812530517578125 102.24375152587890625 95.3562469482421875 93.21875 92.52500152587890625 91.53125 95.1750030517578125 96.6125030517578125 94.59375 93.3937530517578125 92.0437469482421875 93.4250030517578125 94.875 96.6062469482421875 102.2375030517578125 106.8249969482421875 109.6999969482421875 115.5 117.52500152587890625 116.19374847412109375 112.4375 110.9375 107.16249847412109375 104.6437530517578125 103.3937530517578125 101.1687469482421875 101.3000030517578125 101.24375152587890625 101.22499847412109375 101.3312530517578125 99.71875 98.40000152587890625 99.6374969482421875 101.74375152587890625 104.0124969482421875 106.0124969482421875 108.8249969482421875 110.3625030517578125
114.03125 113.3874969482421875 112.40625 112.0437469482421875 113.3000030517578125 113.96250152587890625 112.40625 105.06874847412109375 99.21875 95.6687469482421875 95.49375152587890625 94.44374847412109375 94.80625152587890625 94.59999847412109375 90.8874969482421875 88.19374847412109375 87.18125152587890625 89.90000152587890625 91.9875030517578125 95.6374969482421875 104.61875152587890625 109.5124969482421875 111.8000030517578125 113.40000152587890625 117.6374969482421875 116.6062469482421875 112.94374847412109375 108.93125152587890625 102.3874969482421875 98.0187530517578125 97.75624847412109375 95.8562469482421875 97.4250030517578125 97.63124847412109375 95.77500152587890625 94.38124847412109375 92.28749847412109375 91.65000152587890625 91.4187469482421875 91.63124847412109375 91.82500457763671875 92.8562469482421875 95.4250030517578125 94.74375152587890625
116.61875152587890625 116.27500152587890625 115.15000152587890625 115.4250030517578125 116.8937530517578125 117.58750152587890625 116.8625030517578125 110.80625152587890625 104.2062530517578125 99.8000030517578125 98.1750030517578125 96.18125152587890625 93.6875 90.72499847412109375 89.8125 87.0124969482421875 85.1875 86.66249847412109375 90.09375 95.65000152587890625 105.25624847412109375 110.86875152587890625 114.04375457763671875 116.1875 117.0187530517578125 110.0187530517578125 105.7312469482421875 102.8000030517578125 97.4375 93.96250152587890625 92.15625 92.16249847412109375 91.3312530517578125 91.1374969482421875 90.9875030517578125 91.00624847412109375 89.28749847412109375 87.2375030517578125 83.9875030517578125 81.0500030517578125 80.46250152587890625 80.9875030517578125 81.6687469482421875 77.28125
118 116.1750030517578125 115.6437530517578125 114.6437530517578125 116.84375 116.69374847412109375 113.75 109.8625030517578125 103.9375 100.5 98.8000030517578125 96.5812530517578125 92.28125 86.65625 83.77500152587890625 82.3125 80.18125152587890625 83.2375030517578125 86.52500152587890625 90.6125030517578125 100.85625457763671875 107.3312530517578125 111.22499847412109375 109.96875 104.6374969482421875 99.1999969482421875 98.5187530517578125 96.71250152587890625 95.03125 92.125 89.23125457763671875 87.6875 88.45624542236328125 85.78749847412109375 86.27500152587890625 88.1750030517578125 90.11875152587890625 87.375 84.50624847412109375 77.5812530517578125 70.7937469482421875 72.4812469482421875 71.6999969482421875 66.4875030517578125
118.03749847412109375 114.78125 113.34999847412109375 113.69374847412109375 114.33750152587890625 113.0625 110.47499847412109375 108.34375 102.9187469482421875 99.8249969482421875 96.91249847412109375 92.5187530517578125 88.5 83.1125030517578125 76.59375 76.24375152587890625 75.3125 77.96875 78.9375 82.13124847412109375 91.78125 98.08750152587890625 102.08750152587890625 102.2624969482421875 99.18125152587890625 96.03749847412109375 95.24375152587890625 94.16249847412109375 92.65000152587890625 90.7687530517578125 89.0437469482421875 85.5437469482421875 85.41249847412109375 83.77500152587890625 86.05625152587890625 90.47499847412109375 93.13124847412109375 94.77500152587890625 92.47499847412109375 82.8937530517578125 68.30625152587890625 63.762500762939453125 65.8562469482421875 69.96250152587890625
115.6374969482421875 113.6062469482421875 111.15000152587890625 109.9250030517578125 110.6999969482421875 109.27500152587890625 106.77500152587890625 103.69374847412109375 98.78125 96.03749847412109375 91.7375030517578125 88.28749847412109375 84.125 78.00624847412109375 71.55625152587890625 68.8562469482421875 68.0812530517578125 69.2624969482421875 70.8312530517578125 74.2937469482421875 83.1437530517578125 90.05625152587890625 95.2375030517578125 98.43125152587890625 99.15625 98.94374847412109375 96.9875030517578125 94.6750030517578125 91.8562469482421875 89.3937530517578125 86.30625152587890625 84.2312469482421875 84.3312530517578125 84.7062530517578125 85.69374847412109375 91.0437469482421875 97.30625152587890625 106.625 107.4499969482421875 95.4499969482421875 85.1062469482421875 79.13124847412109375 80.0437469482421875 78.4187469482421875
111.375 109.96875 108.4812469482421875 107.1374969482421875 106.58750152587890625 106.15625 104.0500030517578125 99.5 95.38124847412109375 92.125 88.1374969482421875 83.44374847412109375 78.4250030517578125 72.86875152587890625 67.27500152587890625 61.68125152587890625 60.625 61.86875152587890625 63.168750762939453125 66.7687530517578125 74.74375152587890625 82.8312530517578125 91.03749847412109375 97.61875152587890625 100.91249847412109375 101.24375152587890625 99.3562469482421875 95.3125 91.59999847412109375 89.52500152587890625 87.71250152587890625 85.2687530517578125 83.96250152587890625 84.3874969482421875 86.86875152587890625 98.56874847412109375 108.13124847412109375 117.73125457763671875 122.04375457763671875 117.1999969482421875 110.59375 101.3874969482421875 93.2312469482421875 84.94374847412109375
109.3125 108.0812530517578125 105.83750152587890625 104.8312530517578125 102.8000030517578125 102.83750152587890625 101.71250152587890625 98.3937530517578125 92.90625 89.90000152587890625 86.06874847412109375 80.00624847412109375 74.74375152587890625 69.1125030517578125 63.524997711181640625 58.19374847412109375 53.325000762939453125 53.612499237060546875 56.21250152587890625 60.112499237060546875 66.3625030517578125 75.7062530517578125 86.47499847412109375 97.5500030517578125 104.16249847412109375 104.09999847412109375 99.2937469482421875 95.2937469482421875 90.1875 87.19374847412109375 87.0812530517578125 87.7937469482421875 88.83750152587890625 90.53125 102.8125 114.59999847412109375 124.68125152587890625 138.9187469482421875 148.40625 138.5500030517578125 127.4250030517578125 112.3874969482421875 98.5749969482421875 90.28125
104.1125030517578125 103.9250030517578125 102.625 102.3625030517578125 100.66249847412109375 100.83750152587890625 98.03749847412109375 95.3000030517578125 90.6062469482421875 86.96250152587890625 83.25 77.90000152587890625 71.13124847412109375 64.875 59.575000762939453125 54.262500762939453125 49.4375 46.46875 49.799999237060546875 52 58.68125152587890625 67.63124847412109375 79.58750152587890625 91.125 101.0625 103.5124969482421875 100.86875152587890625 96.21875 89.77500152587890625 85.33750152587890625 81.03749847412109375 80.3937530517578125 92.61875152587890625 106.125 115.8000030517578125 130.212493896484375 143.8874969482421875 154.25 156.3249969482421875 148.9187469482421875 130.6687469482421875 116.59999847412109375 103.53125 95.2062530517578125
98.81874847412109375 99.03125 98.77500152587890625 99.0812530517578125 98.97499847412109375 98.08750152587890625 96.2062530517578125 93.13124847412109375 90.69374847412109375 87.8125 83.4812469482421875 75.375 68.8625030517578125 62.987499237060546875 56.456249237060546875 52.02500152587890625 47.012500762939453125 43.03125 43.05625152587890625 45.74375152587890625 54.71875 68.79999542236328125 70.31874847412109375 82.4499969482421875 93 101.4375 101.5500030517578125 96.25 92.3125 83.9812469482421875 78.5625 82.8125 97.77500152587890625 109.88124847412109375 122.3312530517578125 136.6437530517578125 144.8000030517578125 148.0124969482421875 150.4187469482421875 141.7375030517578125 129.96875 117.3562469482421875 105.5 96.34999847412109375
