data/historical-monthly-weather-data/wc2.1_cruts4.09_10m_prec_2000-09.asc
ncols        45
nrows        45
xllcorner    -63.500000000000
yllcorner    -7.500000000000
cellsize     0.166666666667
NODATA_value -9999
[rows 0 to 18 of 45, columns 0 to 43 of 45]
179.5625 177.931243896484375 176.6999969482421875 178.475006103515625 177.931243896484375 177.149993896484375 172.09375 165.6687469482421875 163.537506103515625 162.2937469482421875 163.2687530517578125 165.84375 168.4250030517578125 168.6750030517578125 168.5812530517578125 167.1437530517578125 167.024993896484375 162.274993896484375 158.6750030517578125 154.162506103515625 152.318756103515625 148.337493896484375 145.3312530517578125 140.6437530517578125 135.181243896484375 131.7062530517578125 127.66249847412109375 123.36875152587890625 118.125 116.66249847412109375 114.7062530517578125 113.9250030517578125 114.28125 112.5437469482421875 111.78749847412109375 111.61875152587890625 112.81874847412109375 113.86875152587890625 114.4499969482421875 115.44374847412109375 116.66249847412109375 117.1062469482421875 116.1875 115.59999847412109375
171.975006103515625 170.3000030517578125 173.225006103515625 179.15625 185.96875 182.7624969482421875 177.181243896484375 175.381256103515625 174.9375 174.7937469482421875 176.556243896484375 178.7937469482421875 181.25 180.59375 179.6999969482421875 179.125 176.881256103515625 172.0124969482421875 166.975006103515625 162.1687469482421875 159.125 157.4812469482421875 154.225006103515625 150.1875 143.399993896484375 138.9875030517578125 134.850006103515625 130.100006103515625 123.2937469482421875 122.0812530517578125 121.28125 121.9499969482421875 120.69374847412109375 119.83750152587890625 118.7624969482421875 118.0500030517578125 118.5749969482421875 119.56874847412109375 119.8937530517578125 120.83750152587890625 122.3125 123.00624847412109375 123.1750030517578125 121.52500152587890625
160.71875 162.1125030517578125 168.2312469482421875 178.225006103515625 187.7312469482421875 190.2062530517578125 188.693756103515625 188.4812469482421875 190.3625030517578125 191.912506103515625 194.350006103515625 195.9375 197.6999969482421875 196.0437469482421875 192.9562530517578125 191.7624969482421875 188.2687530517578125 183.8874969482421875 179.225006103515625 175.287506103515625 172.787506103515625 170.6875 168.568756103515625 164.024993896484375 156.6999969482421875 150.193756103515625 146.475006103515625 139.256256103515625 131.40625 129.1125030517578125 127.1125030517578125 127.03125 127.25624847412109375 126.28125 125.1750030517578125 123.5500030517578125 123.5 124.4250030517578125 125.1374969482421875 126.53125 128.2687530517578125 128.46875 129.5500030517578125 128.743743896484375
146.8249969482421875 149.662506103515625 163.274993896484375 174.4562530517578125 186.125 192.5187530517578125 197.03125 203.3874969482421875 208.2624969482421875 212.1875 214.3625030517578125 215.0625 213.0625 211.75 207.4250030517578125 204.1437530517578125 200.5500030517578125 196.7937469482421875 194.7312469482421875 192.5437469482421875 190.40625 186.5500030517578125 182.875 177.5187530517578125 168.5812530517578125 161.756256103515625 155.2312469482421875 144.7687530517578125 136.743743896484375 134.568756103515625 133.0812530517578125 131.162506103515625 130.2624969482421875 129.3249969482421875 127.65625 128.46875 129.243743896484375 129.6374969482421875 130.975006103515625 131.4562530517578125 132.25 132.5812530517578125 133.59375 133.8937530517578125
148.662506103515625 147.71875 154.662506103515625 167.3937530517578125 184.506256103515625 195.350006103515625 203.568756103515625 214.0500030517578125 223.306243896484375 229.1999969482421875 232.2687530517578125 229.681243896484375 228.4250030517578125 228.5124969482421875 223.368743896484375 218.2624969482421875 213.087493896484375 209.818756103515625 208.375 205.850006103515625 205.90625 199.6125030517578125 196.6750030517578125 190.1750030517578125 180.306243896484375 172.068756103515625 161.3125 151.15625 141.725006103515625 137.9250030517578125 136.3312530517578125 133.1437530517578125 131.5500030517578125 131.443756103515625 131.225006103515625 131.0437469482421875 131.5749969482421875 133.1374969482421875 134.8874969482421875 135.618743896484375 136.118743896484375 136.0124969482421875 136.2312469482421875 137.618743896484375
151.84375 150.662506103515625 155.118743896484375 159.681243896484375 176.868743896484375 195.3000030517578125 208.1687469482421875 218.912506103515625 228.78125 237.787506103515625 240.8125 237.8874969482421875 236.975006103515625 237.59375 231.9812469482421875 228.712493896484375 224.3937530517578125 222.0124969482421875 222.037506103515625 222.15625 218.2375030517578125 212.0625 206.8562469482421875 197.1062469482421875 187.662506103515625 177.3625030517578125 165.475006103515625 155.318756103515625 144.7937469482421875 139.8125 137.28125 137.056243896484375 135.4000091552734375 134.662506103515625 133.7375030517578125 135.0625 135.712493896484375 138.368743896484375 140.899993896484375 141.0124969482421875 137.3125 136.9499969482421875 137.125 139.118743896484375
157.6437530517578125 157.4562530517578125 161.662506103515625 166.087493896484375 177.306243896484375 190.4499969482421875 206.493743896484375 221.1062469482421875 229.725006103515625 236.587493896484375 242.875 242.7624969482421875 243.65625 243.850006103515625 240.3625030517578125 238.0500030517578125 235.6374969482421875 237.3874969482421875 238.350006103515625 237.8312530517578125 231.0124969482421875 223.25 213.8312530517578125 202.412506103515625 192.8000030517578125 182.524993896484375 170.25 159.125 147.0875091552734375 140.9875030517578125 138.3625030517578125 136.1999969482421875 135.568756103515625 135.899993896484375 135.75 135.5187530517578125 136.5812530517578125 141.006256103515625 145.84375 142.5124969482421875 137.5187530517578125 135.4562530517578125 135.46875 138.056243896484375
164.2624969482421875 164.443756103515625 168.9875030517578125 176.881256103515625 188.225006103515625 202.9499969482421875 213.8625030517578125 219.5812530517578125 223.5749969482421875 232.118743896484375 242.975006103515625 245.8000030517578125 248.1875 248.662506103515625 248.8874969482421875 245.725006103515625 244.850006103515625 250.1687469482421875 253.9250030517578125 250.5 243.125 232.6437530517578125 221.618743896484375 207.631256103515625 196.125 185.0187530517578125 171.4499969482421875 158.6999969482421875 147.6750030517578125 141.28125 138.068756103515625 135.225006103515625 134.431243896484375 135.462493896484375 134.100006103515625 133.3562469482421875 133.8562469482421875 136.381256103515625 137.4812469482421875 134.8000030517578125 129.8125 127.44374847412109375 127.58750152587890625 128.9187469482421875
172.274993896484375 174.1125030517578125 180.431243896484375 188.4875030517578125 199.5 212.125 222.962493896484375 228.806243896484375 228.662506103515625 230.3249969482421875 240.274993896484375 243.381256103515625 248.5500030517578125 248.850006103515625 251.193756103515625 251.5812530517578125 252.975006103515625 258.368743896484375 263.66876220703125 259.449981689453125 247.9187469482421875 238.0124969482421875 222.6374969482421875 210.806243896484375 196.96875 183.71875 170.318756103515625 158.9875030517578125 149.5187530517578125 142.475006103515625 139.743743896484375 133.4562530517578125 129.90625 127.5437469482421875 126.2375030517578125 127.0437469482421875 127.74375152587890625 127.9250030517578125 126.33750152587890625 123.25 118.5500030517578125 115.6875 115.4250030517578125 116.30625152587890625
178.625 182 189.3125 197.8562469482421875 210.149993896484375 222.9375 233.5 238.412506103515625 239.524993896484375 241.9562530517578125 246.5500030517578125 245.6750030517578125 248.0187530517578125 250.2687530517578125 252.7062530517578125 257.493743896484375 259.04998779296875 263.67498779296875 268.09375 267.33123779296875 255.3874969482421875 240.618743896484375 223.431243896484375 209.25 193.149993896484375 180.006256103515625 167.84375 157.09375 148.131256103515625 142.46875 136.287506103515625 129.037506103515625 124.4250030517578125 122.34999847412109375 120.4562530517578125 119.8000030517578125 119.9250030517578125 118.8625030517578125 115.09375 111.3625030517578125 106.75 104.3312530517578125 100.68125152587890625 100.30625152587890625
187.443756103515625 191.556243896484375 199.412506103515625 207.9562530517578125 219.59375 234.256256103515625 245.162506103515625 246.787506103515625 245.931243896484375 248.15625 252.5749969482421875 252.5124969482421875 250.25 249.274993896484375 252.381256103515625 257.75 259.95001220703125 264.243743896484375 268.16876220703125 269.712493896484375 262.42498779296875 247.0749969482421875 227.462493896484375 203.2312469482421875 189.3874969482421875 181.256256103515625 169.7687530517578125 157.0124969482421875 145.962493896484375 139.337493896484375 132.975006103515625 125.2375030517578125 120.2375030517578125 116.5625 113.7687530517578125 111.84375 110.6062469482421875 108.4499969482421875 105.34999847412109375 99.96875 94.0625 90.6374969482421875 88.72499847412109375 85.91249847412109375
192.443756103515625 196.9812469482421875 205.181243896484375 215.506256103515625 227 240.506256103515625 252.4875030517578125 254.25 250.5749969482421875 249.4812469482421875 253.024993896484375 255.068756103515625 250.375 247.2312469482421875 253.1125030517578125 256.618743896484375 259.48748779296875 260.46875 263.9375 269.806243896484375 266.98126220703125 251.6875 230.03125 203.131256103515625 186.5500030517578125 175.4562530517578125 163.2937469482421875 151.4499969482421875 139.806243896484375 133.006256103515625 125.90625 118.27500152587890625 113.09375 110.1125030517578125 108.34999847412109375 105.84375 103.4375 100.83750152587890625 94.86875152587890625 87.98125457763671875 81.53125 77.38124847412109375 75.3562469482421875 72.3125
195.7687530517578125 200.475006103515625 208.149993896484375 216.693756103515625 226.568756103515625 238.3562469482421875 247.225006103515625 249.556243896484375 248.8312530517578125 248.4250030517578125 249.337493896484375 253.0500030517578125 251.850006103515625 244.28125 246.0124969482421875 251.2125091552734375 253.4875030517578125 255.056243896484375 258.67498779296875 263.28125 262.618743896484375 250.8499908447265625 229.7687530517578125 204.4187469482421875 181.693756103515625 168.3249969482421875 158.1437530517578125 147.5 136.8000030517578125 128.524993896484375 119.3312530517578125 111.02500152587890625 106.3937530517578125 102.0187530517578125 99.69374847412109375 98.40000152587890625 98.1437530517578125 96.49375152587890625 91.6875 81.53125 72 68.8625030517578125 65.65625 57.65000152587890625
197.537506103515625 201.712493896484375 207.649993896484375 215.125 224.462493896484375 232.4375 238.9625091552734375 243.587493896484375 243.1062469482421875 243.681243896484375 242.412506103515625 242.868743896484375 243.4499969482421875 239.4375 235.9499969482421875 241.5437469482421875 244.006256103515625 244.256256103515625 245.28125 249.3249969482421875 248.0625 237.1437530517578125 222.0500030517578125 204.0749969482421875 184.1125030517578125 168.0749969482421875 155.931243896484375 143.84375 131.931243896484375 123.2062530517578125 115.5124969482421875 106.05625152587890625 100.06874847412109375 95.38124847412109375 93.15000152587890625 94.05625152587890625 96.21875 98.2937469482421875 94.78125 86.02500152587890625 70.5437469482421875 61.637500762939453125 58.512500762939453125 55.36875152587890625
197.462493896484375 200.162506103515625 205.225006103515625 212.125 220.71875 224.412506103515625 231.600006103515625 235.056243896484375 234.5500030517578125 236.46875 233.6062469482421875 233.5187530517578125 232.881256103515625 229.5749969482421875 223.5437469482421875 224.3562469482421875 227.71875 229.8249969482421875 229.225006103515625 232.743743896484375 232.5 226.5625 217.131256103515625 205.100006103515625 192.03125 177.0625 161.6875 145.3000030517578125 130.756256103515625 121.34375 109.8874969482421875 100.1062469482421875 95.07500457763671875 89.88124847412109375 85.41249847412109375 88.7687530517578125 96.65625 105.78125 107.0437469482421875 96.90625 83.03125 71.77500152587890625 66.02500152587890625 60.47499847412109375
195.21875 197.03125 202.618743896484375 208.5625 214.181243896484375 219.5437469482421875 224.306243896484375 226.7312469482421875 227.6750030517578125 229.631256103515625 226.5187530517578125 224.5500030517578125 222.6687469482421875 219.90625 214.056243896484375 208.618743896484375 210.618743896484375 214.943756103515625 214.8249969482421875 218.818756103515625 217.899993896484375 217.375 215.774993896484375 210.243743896484375 200.15625 183.9250030517578125 165.2937469482421875 148.34375 133.3562469482421875 121.2375030517578125 111.40000152587890625 99.52500152587890625 92.18125152587890625 87.59375 81.6125030517578125 88.91249847412109375 102.0437469482421875 112.6062469482421875 118.77500152587890625 111.96250152587890625 101.16249847412109375 86.25 73.66249847412109375 63.856250762939453125
190.399993896484375 192.912506103515625 199.15625 205.100006103515625 209.899993896484375 215.118743896484375 219.0625 222.162506103515625 222.756256103515625 222.6687469482421875 220.8874969482421875 218.256256103515625 214 209.9562530517578125 207.34375 203.15625 197.03125 199.1062469482421875 202.6999969482421875 205.806243896484375 204.9812469482421875 207.1750030517578125 212.537506103515625 214.631256103515625 208.6437530517578125 188.725006103515625 168.8312530517578125 151.350006103515625 136.2937469482421875 124.41249847412109375 115.83750152587890625 107.6687469482421875 98.7937469482421875 92.4875030517578125 93.41249847412109375 98.81874847412109375 109.3249969482421875 127.30625152587890625 141.725006103515625 127.38124847412109375 108.9499969482421875 92.03749847412109375 76.2062530517578125 66.88124847412109375
186.037506103515625 189.25 194.2624969482421875 200.59375 207.5500030517578125 213.2687530517578125 216.6125030517578125 218.8312530517578125 220.131256103515625 218.25 215.506256103515625 212.287506103515625 207.1999969482421875 202.5625 199.3000030517578125 196.5187530517578125 191.399993896484375 184.3937530517578125 190.65625 192.6374969482421875 193.725006103515625 194.8249969482421875 201.7687530517578125 207.6437530517578125 205.600006103515625 188.537506103515625 171.4375 154.4187469482421875 138.09375 124.1437530517578125 113.99375152587890625 105.7624969482421875 107.94374847412109375 110.49375152587890625 107.22499847412109375 105.44374847412109375 118.66249847412109375 133.8874969482421875 138.381256103515625 127.3874969482421875 105.9250030517578125 89.45000457763671875 75.86875152587890625 69.06874847412109375
181.1750030517578125 183.8249969482421875 188.943756103515625 196.681243896484375 203.65625 210.087493896484375 213.9562530517578125 218.5500030517578125 218.6374969482421875 216.2375030517578125 212.431243896484375 207.3562469482421875 200.818756103515625 195.9562530517578125 191.256256103515625 190.4562530517578125 187.5500030517578125 179.2312469482421875 178.0625 179.993743896484375 184.868743896484375 196.212493896484375 187.962493896484375 192.787506103515625 194.59375 188.850006103515625 175.5749969482421875 158.1062469482421875 144.9187469482421875 128.743743896484375 115.80625152587890625 114.96875 126.11875152587890625 129.1374969482421875 128.1374969482421875 126.0749969482421875 128.774993896484375 131.2937469482421875 128.431243896484375 116.3625030517578125 99.05625152587890625 85.43125152587890625 74.80625152587890625 69.3625030517578125
