data/historical-monthly-weather-data/wc2.1_cruts4.09_10m_prec_1987-08.asc
ncols        45
nrows        45
xllcorner    -63.500000000000
yllcorner    -7.500000000000
cellsize     0.166666666667
NODATA_value -9999
[rows 19 to 37 of 45, columns 0 to 42 of 45]
109.21875 110.15000152587890625 110.1437530517578125 111 110.5749969482421875 110.17499542236328125 108.55625152587890625 106.18125152587890625 105.53125 102.9187469482421875 99.22499847412109375 93.3312530517578125 84.16875457763671875 75.09999847412109375 68.18125152587890625 61.231250762939453125 52.91249847412109375 51.19374847412109375 51.9375 55.956249237060546875 59.862499237060546875 67.49375152587890625 80.96250152587890625 92.75 102.15000152587890625 107.4562530517578125 108.3249969482421875 105.31874847412109375 98.96875 88.21875 84.0625 94.7375030517578125 104.44374847412109375 116.49375152587890625 129.6062469482421875 136.8249969482421875 140.943756103515625 143.931243896484375 140.375 131.6875 118.3937530517578125 107.9187469482421875 100.0625
98.6125030517578125 102.0625 104.28125 105.4875030517578125 104.09375 103.80625152587890625 103.6437530517578125 102.68125152587890625 102.72499847412109375 100.5187530517578125 97.98125457763671875 93.83750152587890625 84.78749847412109375 75.5749969482421875 67.52500152587890625 60.549999237060546875 53.668750762939453125 49.956249237060546875 51.75624847412109375 54.34375 61.41249847412109375 70.7624969482421875 81.6750030517578125 93.78749847412109375 106.06874847412109375 110.0124969482421875 106.03125 102.875 99.61875152587890625 96.59375 96.2375030517578125 101.7937469482421875 107.03125 114.29375457763671875 126.0187530517578125 132.2062530517578125 138.587493896484375 141.399993896484375 136.524993896484375 129.274993896484375 117.59375 108.8874969482421875 101.8312530517578125
91.78749847412109375 93.76874542236328125 96.6875 99.46250152587890625 99.93125152587890625 99.15625 100.3000030517578125 98.8249969482421875 99.83750152587890625 97.96250152587890625 97.75 96.9499969482421875 93.5187530517578125 85.09999847412109375 75.8000030517578125 65.83750152587890625 60.625 57.22499847412109375 57.41249847412109375 59.512500762939453125 62.71250152587890625 70.0625 80.27500152587890625 91.16249847412109375 100.75624847412109375 106.81874847412109375 111.41249847412109375 108.0437469482421875 106.40000152587890625 103.16249847412109375 101.625 102.8312530517578125 106.6062469482421875 112.8625030517578125 117.96875 124.1374969482421875 132.75 138.5625 135.443756103515625 127.78125 117.2687530517578125 108.6437530517578125 100.1437530517578125
85.34999847412109375 89.96250152587890625 93.89374542236328125 95.59999847412109375 96.8937530517578125 96.7062530517578125 95.47499847412109375 93.9375 96.5 98.5625 101.33750152587890625 103.24375152587890625 103.63124847412109375 96.4499969482421875 84.8562469482421875 73.86875152587890625 65.96250152587890625 62.487499237060546875 61.762500762939453125 62.34375 65.5812530517578125 72.03125 80.2624969482421875 86.3937530517578125 97.46250152587890625 106.88124847412109375 111.3000030517578125 112.05625152587890625 109.19374847412109375 103.66249847412109375 101.28749847412109375 102.4499969482421875 105.125 107.53749847412109375 109.80625152587890625 110.88124847412109375 119.34999847412109375 131.256256103515625 132.2375030517578125 124.47499847412109375 116.15625 106.90625 98.8937530517578125
79.97499847412109375 85.09999847412109375 89.96875 90.1062469482421875 90.75 91.46875 92.3562469482421875 93.18125152587890625 93.21875 96.875 100.96250152587890625 107.40000152587890625 110.41249847412109375 102.8000030517578125 91.4187469482421875 80.69374847412109375 72.84375 68.4812469482421875 66.6125030517578125 66.9499969482421875 69.86875152587890625 74.99375152587890625 80.43125152587890625 87.75 96.22499847412109375 102.8249969482421875 109.41249847412109375 107.99375152587890625 106.96875 103.66249847412109375 102.0625 101.875 103.81874847412109375 103.05625152587890625 103.5749969482421875 102.69374847412109375 109.4250030517578125 121.34375 124.19374847412109375 118.36875152587890625 110.9875030517578125 103.46875 95.91249847412109375
76.24375152587890625 80.2937469482421875 84.625 87.08750152587890625 88.66249847412109375 89.05625152587890625 89.38124847412109375 90.80625152587890625 92.75624847412109375 96.5500030517578125 99.5749969482421875 103.86875152587890625 106.4250030517578125 101.65000152587890625 93.03749847412109375 84.69374847412109375 77.8625030517578125 73.1750030517578125 70.6875 70.5749969482421875 73.1999969482421875 76.72499847412109375 81.19374847412109375 87.4375 93.06874847412109375 100.55625152587890625 103.2062530517578125 103.0500030517578125 102.7937469482421875 101.2062530517578125 99.46875 98.74375152587890625 100.2687530517578125 101.28749847412109375 101.00624847412109375 100.16249847412109375 105.8249969482421875 111.33750152587890625 113.4812469482421875 110.97499847412109375 105.4250030517578125 100.02500152587890625 93.90000152587890625
74.6750030517578125 77.6875 79.68125152587890625 83.36875152587890625 84.1125030517578125 84.9812469482421875 85.8874969482421875 88.55625152587890625 89.31874847412109375 91.5625 94.8874969482421875 98.1437530517578125 99.90000152587890625 96.05625152587890625 91.16249847412109375 84.4562530517578125 79.3625030517578125 75.81874847412109375 72.71250152587890625 72.9499969482421875 75.4499969482421875 77.69374847412109375 81.94374847412109375 85.625 89.90000152587890625 95.27500152587890625 98.2375030517578125 98.6125030517578125 99.41249847412109375 98.96250152587890625 97.1750030517578125 96.7624969482421875 96.99375152587890625 97.46875 97.1687469482421875 98.80625152587890625 102.28749847412109375 104.3312530517578125 106.4499969482421875 103.36875152587890625 99.84999847412109375 95.53749847412109375 91.47499847412109375
74.1750030517578125 75.19374847412109375 77.50624847412109375 79.7687530517578125 80.7062530517578125 81.58750152587890625 83.66875457763671875 84.86875152587890625 84.7624969482421875 88.09375 91.4375 91.96250152587890625 92.50624847412109375 90.34375 87.59999847412109375 82.86875152587890625 79.4562530517578125 76.2062530517578125 74.36875152587890625 73.16249847412109375 73.94374847412109375 76.6062469482421875 79.18125152587890625 83.47499847412109375 86.91249847412109375 89.16249847412109375 92.8937530517578125 93.875 94.15625 93.1875 93.18125152587890625 91.97499847412109375 93.28749847412109375 94.19374847412109375 93.46875 95.18125152587890625 96.16249847412109375 98.15000152587890625 98.0812530517578125 95.4875030517578125 92.56874847412109375 89.75 88.71875
75.1062469482421875 72.77500152587890625 74.6875 76.5500030517578125 77.83750152587890625 77.9187469482421875 79.6687469482421875 81.125 82.0437469482421875 84.3000030517578125 85.31874847412109375 85.3249969482421875 85.61875152587890625 85.1875 82.6062469482421875 80 78.41249847412109375 75.8625030517578125 74.3874969482421875 72.9812469482421875 73.65000152587890625 73.80625152587890625 77.125 80.28749847412109375 82.46875 83.3125 86.6125030517578125 88.5437469482421875 89.5749969482421875 89.2375030517578125 88.3249969482421875 87.1437530517578125 88.625 88.90000152587890625 90.46250152587890625 90.7375030517578125 90.52500152587890625 91.61875152587890625 92.1875 91.0187530517578125 88.30625152587890625 87.1875 86.5749969482421875
73.65625 72.5500030517578125 72.74375152587890625 73.9187469482421875 73.3000030517578125 73.65625 74.3562469482421875 74.88124847412109375 77.65625 78.59375 79.46875 79.19374847412109375 79.25624847412109375 79.56874847412109375 78.38124847412109375 76.8874969482421875 76.75 75.24375152587890625 73.8874969482421875 72.96250152587890625 72.9562530517578125 72.7687530517578125 74.6687469482421875 76.19374847412109375 78.225006103515625 78.16249847412109375 81.3625030517578125 82.8937530517578125 83.6875 83.59375 82.7312469482421875 82.5187530517578125 82.77500152587890625 82.69374847412109375 84.65000152587890625 86.7375030517578125 87.55625152587890625 88.6750030517578125 89.28749847412109375 87.36875152587890625 83.46250152587890625 83.09375 84.09375
72.625 71.7687530517578125 71.25 70.21875 69.8000030517578125 70.1374969482421875 70.0812530517578125 71.4375 72.625 72.8000030517578125 73.8562469482421875 74.21875 74.2687530517578125 74.22499847412109375 73.7375030517578125 72.9250030517578125 72.3000030517578125 72.53125 72.9499969482421875 70.80625152587890625 70.2624969482421875 70.9187469482421875 72.41249847412109375 73.0500030517578125 73.6687469482421875 74.93125152587890625 76.09999847412109375 77.19374847412109375 76.48125457763671875 76.2937469482421875 76.3125 76.93125152587890625 77.31874847412109375 78.16249847412109375 80.1374969482421875 81.2937469482421875 84.65000152587890625 86.74375152587890625 86.5187530517578125 87.0625 85.69374847412109375 84.5812530517578125 82.8249969482421875
71.4187469482421875 69.6125030517578125 67.5500030517578125 67.21875 68.21875 67.5500030517578125 67.44374847412109375 67.1437530517578125 67.33750152587890625 67.3312530517578125 67.5437469482421875 69.3625030517578125 70.72499847412109375 70.78749847412109375 69.2937469482421875 68.77500152587890625 69.65000152587890625 70.15625 71.0812530517578125 70 68.8874969482421875 67.36875152587890625 67.9562530517578125 68.3874969482421875 68.58750152587890625 70.00624847412109375 69.90625 71.19374847412109375 71.38124847412109375 71.6437530517578125 72.1999969482421875 72.25 72.2687530517578125 73.46875 76.6999969482421875 77.71875 80.80625152587890625 83.375 85.5500030517578125 88.1875 87.25 83.15625 80.05625152587890625
69.72499847412109375 67.9499969482421875 65.5437469482421875 64.5812530517578125 65.49375152587890625 64.5437469482421875 63.643749237060546875 62.231250762939453125 62.418750762939453125 62.59999847412109375 62.71875 63.97499847412109375 64.6125030517578125 65.58750152587890625 65.2062530517578125 66.5749969482421875 66.9250030517578125 67.00624847412109375 66.94374847412109375 66.5812530517578125 65.8000030517578125 65.68125152587890625 64.66249847412109375 63.38124847412109375 63.793750762939453125 64.58750152587890625 64.59375 65.7937469482421875 65.69374847412109375 65.7375030517578125 66.9875030517578125 66.83750152587890625 67.33750152587890625 69.2312469482421875 70.36875152587890625 71.3937530517578125 74.5625 77.83750152587890625 80.78749847412109375 83.6687469482421875 83.09999847412109375 79.1687469482421875 77.5625
66.80625152587890625 64.59375 62.65000152587890625 61.950000762939453125 61.168750762939453125 59.674999237060546875 59.193752288818359375 58.174999237060546875 57.50624847412109375 57.96250152587890625 59.237499237060546875 59.34999847412109375 59.643749237060546875 61.331249237060546875 61.21250152587890625 62.65625 63.012500762939453125 63.393749237060546875 62.924999237060546875 62.31874847412109375 61.40625 60.71875 59.981250762939453125 60.356250762939453125 60.59375 60.28125 60.549999237060546875 59.90000152587890625 60.3125 60.168750762939453125 61.36875152587890625 61.237499237060546875 61.71250152587890625 62.84375 64.0812530517578125 65.1687469482421875 68.0187530517578125 70.59999847412109375 73.1374969482421875 75.59375 74.83750152587890625 72.72499847412109375 71.2375030517578125
63.762500762939453125 62.50624847412109375 60.356250762939453125 59.96250152587890625 56.950000762939453125 55.887500762939453125 55.625 54.53125 53.53125 53.19374847412109375 53.518749237060546875 54.450000762939453125 55.75624847412109375 55.46250152587890625 56.46250152587890625 57.0625 58.33750152587890625 58.018749237060546875 57.21250152587890625 57.09375 56.59375 55.981250762939453125 55.71875 55.518749237060546875 56.24375152587890625 56.40000152587890625 56.393749237060546875 55.46875 56.481250762939453125 56.75 57.237499237060546875 56.75624847412109375 56.22499847412109375 56.33750152587890625 57.78125 58.91249847412109375 61.362499237060546875 63.231250762939453125 65.38124847412109375 66.33750152587890625 67.3874969482421875 66.58750152587890625 65.0437469482421875
61.575000762939453125 60 58.168750762939453125 56.137500762939453125 54.0625 52.768749237060546875 51.91249847412109375 50.793750762939453125 48.831249237060546875 48.69374847412109375 48.737499237060546875 50.268749237060546875 50.75 51.6875 52.512500762939453125 53.53749847412109375 54.47499847412109375 53.8125 52.90625 52.68125152587890625 52.40000152587890625 51.59375 50.768749237060546875 51.15625 51.481250762939453125 52.125 52.09375 51.55625152587890625 52.65000152587890625 53.13124847412109375 52.47499847412109375 51.450000762939453125 50.931247711181640625 50.47499847412109375 51.21250152587890625 52.1875 53.418750762939453125 55.78749847412109375 57.83750152587890625 58.66249847412109375 58.80625152587890625 58.375 58.043750762939453125
59.56874847412109375 58.21875 55.69374847412109375 53.31874847412109375 51.362499237060546875 49.206249237060546875 47.68125152587890625 45.84375 44.375 44.325000762939453125 45.0625 45.831249237060546875 47.05625152587890625 47.799999237060546875 48.581249237060546875 49.78125 49.91249847412109375 49.78749847412109375 48.25624847412109375 47.668750762939453125 47.737499237060546875 48.09999847412109375 47.25624847412109375 47.77500152587890625 47.768749237060546875 47.893749237060546875 47.8125 48.818752288818359375 48.887500762939453125 48.731250762939453125 48.174999237060546875 47.34999847412109375 45.393749237060546875 45.3125 45.206249237060546875 45.18125152587890625 47.13124847412109375 49.168750762939453125 50.075000762939453125 51.49375152587890625 51.799999237060546875 52.512500762939453125 51.331249237060546875
56.03125 54.625 51.99375152587890625 50.018749237060546875 48.081249237060546875 46.174999237060546875 44.52500152587890625 43.03749847412109375 41.08750152587890625 40.043750762939453125 41.91249847412109375 43.96875 45.137500762939453125 45.137500762939453125 45.981250762939453125 45.981250762939453125 45.8125 45.15625 44.09375 42.981250762939453125 43.200000762939453125 43.706249237060546875 43.393749237060546875 44.21250152587890625 44.706249237060546875 44.16249847412109375 44.74375152587890625 45.47499847412109375 44.762500762939453125 44.700000762939453125 44.59999847412109375 43.393749237060546875 41.768749237060546875 40.543750762939453125 40.075000762939453125 40.299999237060546875 41.887500762939453125 43.94374847412109375 44.5 45.71250152587890625 45.74375152587890625 46.40625 45.4375
53.393749237060546875 52.25624847412109375 49.25 47.825000762939453125 46.08750152587890625 43.80625152587890625 42 40.21250152587890625 39.05625152587890625 37.799999237060546875 41.549999237060546875 43.549999237060546875 43.012500762939453125 43.25 43.86875152587890625 43.27500152587890625 42.168750762939453125 40.887500762939453125 40.58750152587890625 39.41249847412109375 39.58750152587890625 39.61875152587890625 39.637500762939453125 40.53749847412109375 41.268749237060546875 41.56874847412109375 42.36875152587890625 43.1875 43.112499237060546875 42.612499237060546875 41.737499237060546875 41.299999237060546875 39.91249847412109375 37.25624847412109375 35.94374847412109375 35.706249237060546875 37.90625 40.018749237060546875 40.84999847412109375 41.86875152587890625 40.40625 40.11875152587890625 39.69374847412109375
