data/historical-monthly-weather-data/wc2.1_cruts4.09_10m_prec_1955-07.asc
ncols        51
nrows        45
xllcorner    -63.500000000000
yllcorner    -7.500000000000
cellsize     0.166666666667
NODATA_value -9999
[rows 19 to 37 of 45, columns 0 to 43 of 51]
110.36875152587890625 112.4562530517578125 111.2937469482421875 109.91249847412109375 107.74375152587890625 108.46875 103.875 101.72499847412109375 99.94374847412109375 95.4562530517578125 91.8125 90.625 86.7062530517578125 82.77500152587890625 76.38124847412109375 69.2062530517578125 64.8000030517578125 69.86875152587890625 65.8874969482421875 64.5187530517578125 63.299999237060546875 70.3125 80.55625152587890625 86.03125 87.5 84.0812530517578125 82.3312530517578125 84.0437469482421875 82.5124969482421875 80.44374847412109375 83.55625152587890625 92.08750152587890625 94.3937530517578125 96.11875152587890625 99.2312469482421875 105.34999847412109375 108.46875 109.21250152587890625 109.13124847412109375 104.4499969482421875 95.25 87.5812530517578125 85.1437530517578125 80.96250152587890625
97.03125 104.97499847412109375 108.28125 104.83750152587890625 101.0749969482421875 101.65625 99.00624847412109375 97.43125152587890625 94.9499969482421875 91.8874969482421875 87.53749847412109375 86.4250030517578125 83.9875030517578125 79.52500152587890625 73.59999847412109375 68.01874542236328125 64.8249969482421875 64.75 66.21875 62.75624847412109375 68.16249847412109375 74.75624847412109375 82.49375152587890625 88.6374969482421875 89.46250152587890625 84.77500152587890625 78.2624969482421875 78.9187469482421875 80.49375152587890625 80.6687469482421875 85.53125 90.5187530517578125 88.90625 91.18125152587890625 94.27500152587890625 98.59375 101.7687530517578125 100.5625 98.11875152587890625 93.52500152587890625 87.9375 84.03125 79.8562469482421875 76.53749847412109375
91.3312530517578125 93.38124847412109375 97.99375152587890625 98.31874847412109375 97.02500152587890625 93.8125 92.03125 90.6750030517578125 89.56874847412109375 87.09999847412109375 84.81874847412109375 81.3125 78.2312469482421875 77.66249847412109375 75.09375 69.7937469482421875 68.6374969482421875 67.15000152587890625 67.21250152587890625 66.55625152587890625 68.0812530517578125 73.74375152587890625 80.88124847412109375 82.3125 80.78125 78.00624847412109375 78.84999847412109375 76.3312530517578125 80.2062530517578125 83.5187530517578125 84.84375 85.75 84.75624847412109375 85.22499847412109375 85.56874847412109375 90.50624847412109375 93.25624847412109375 92.7687530517578125 90.94374847412109375 87.7687530517578125 83.61875152587890625 80.59999847412109375 77.4375 74.0124969482421875
85.5124969482421875 91.8625030517578125 94.28125 93.3625030517578125 91.5 89.75624847412109375 83.8000030517578125 82.53749847412109375 82.96875 84.4562530517578125 83.5625 80.4250030517578125 79.4499969482421875 77.71250152587890625 76.77500152587890625 74.4499969482421875 70.36249542236328125 67.3625030517578125 66.4187469482421875 67.40000152587890625 72.3874969482421875 75.0500030517578125 78.71250152587890625 79.2375030517578125 80.11875152587890625 76.18125152587890625 73.90625 74.80625152587890625 75.71875 76.96875 78.21250152587890625 80.21875 78.6125030517578125 76.83750152587890625 78.1062469482421875 79.65625 83.3249969482421875 82.3125 83.09999847412109375 82.38124847412109375 79.75 75.6062469482421875 73.0437469482421875 69.78125
76.6437530517578125 84.88124847412109375 89.78749847412109375 88.625 86.9499969482421875 83.7937469482421875 82.71250152587890625 80.1437530517578125 78.36875152587890625 77.24375152587890625 77.5187530517578125 80.02500152587890625 79.41249847412109375 79.25 76.2687530517578125 73.97499847412109375 69.58750152587890625 69.16249847412109375 67.8249969482421875 70.02500152587890625 72.06874847412109375 76.75 79.41249847412109375 81.81874847412109375 81.24375152587890625 76.3312530517578125 75.51250457763671875 71.90625 71.06874847412109375 71.5500030517578125 72.8000030517578125 73.78125 70.78749847412109375 67.8125 70.36875152587890625 70.06874847412109375 73.8625030517578125 75.61875152587890625 76.59375 75.90000152587890625 74.71250152587890625 71.59999847412109375 69.94374847412109375 66.7312469482421875
70.4562530517578125 79.11875152587890625 85.25624847412109375 85.46250152587890625 84.65625 80.56874847412109375 78.9875030517578125 76.9812469482421875 75.5 76.2375030517578125 76.78125 75.25624847412109375 77.96875 77.5 74.3562469482421875 70.65625 68.41249847412109375 68.91249847412109375 69.0625 70.09375 73.22499847412109375 76.43125152587890625 82.09375 81.88124847412109375 78.3937530517578125 77.3312530517578125 72.09999847412109375 68.40000152587890625 65.8874969482421875 65.9875030517578125 64.1374969482421875 63.049999237060546875 62.512500762939453125 60.56874847412109375 60.206249237060546875 62.06874847412109375 65.9812469482421875 67.06874847412109375 69.15625 69.96250152587890625 68.55625152587890625 67.49375152587890625 66.75624847412109375 63.77500152587890625
68.46250152587890625 76.6437530517578125 78.6750030517578125 80.41249847412109375 79.83750152587890625 77.11875152587890625 75.4250030517578125 73.38124847412109375 71.3874969482421875 69.4562530517578125 73.34999847412109375 73.84999847412109375 73.1437530517578125 73.61875152587890625 71.78125 69.49375152587890625 66.99375152587890625 67.55625152587890625 68.59999847412109375 69 73.8312530517578125 77.38124847412109375 82.19374847412109375 81.7375030517578125 77.34999847412109375 73.3312530517578125 69.43125152587890625 64.4812469482421875 60.231250762939453125 58.19374847412109375 56.18125152587890625 54.11875152587890625 52.481250762939453125 51.924999237060546875 53.30625152587890625 55.450000762939453125 58.512500762939453125 60.91249847412109375 62.862499237060546875 64.02500152587890625 65.02500152587890625 63.143749237060546875 62.174999237060546875 59.53125
63.549999237060546875 68.53125 72.5124969482421875 74.91249847412109375 74.6437530517578125 73.27500152587890625 72.43125152587890625 70.27500152587890625 67.3125 69.33750152587890625 71.9250030517578125 72.5812530517578125 72.58750152587890625 71.5187530517578125 69.2687530517578125 68.8625030517578125 66.78749847412109375 66.0187530517578125 67.58750152587890625 69.09375 71.3937530517578125 74.96250152587890625 80.1999969482421875 81.41249847412109375 75.2624969482421875 68.59999847412109375 64.3562469482421875 60.3125 56.40000152587890625 52.1875 50.66249847412109375 46.831249237060546875 44.737499237060546875 46.47499847412109375 46.893749237060546875 49.674999237060546875 50.850002288818359375 52.99375152587890625 55.53749847412109375 57.71250152587890625 60.09375 59.518749237060546875 58.15625 55.643749237060546875
59.09999847412109375 61.424999237060546875 65.03125 68.83750152587890625 69.27500152587890625 68.78749847412109375 68.28749847412109375 66.4875030517578125 65.8125 67.06874847412109375 68.4499969482421875 68.34999847412109375 68.97499847412109375 68.7624969482421875 66.50624847412109375 65.3625030517578125 64.33750152587890625 64.375 63.993747711181640625 66.08750152587890625 69.97499847412109375 72.1750030517578125 73.6875 74.2624969482421875 70.4812469482421875 64.65000152587890625 60.34999847412109375 56.34999847412109375 52.53125 49.668750762939453125 47.043750762939453125 44.50624847412109375 42.33750152587890625 41.399997711181640625 41.793750762939453125 43.75624847412109375 44.606250762939453125 46.637500762939453125 49.549999237060546875 53.06874847412109375 55.36875152587890625 57.075000762939453125 54.91249847412109375 53.41249847412109375
54.21875 56.36875152587890625 60.4375 61.331249237060546875 63.21875 62.19374847412109375 61.66249847412109375 61.99375152587890625 61.72499847412109375 63.65625 64.6437530517578125 64.8562469482421875 65.94374847412109375 66.83750152587890625 65.08750152587890625 63.762500762939453125 63.61875152587890625 61.875 62.325000762939453125 64.0187530517578125 66.30625152587890625 67.875 69.65625 68.28749847412109375 64.9812469482421875 60.30625152587890625 56.30625152587890625 52.5625 50.34375 47.65625 44.481250762939453125 42.200000762939453125 39.512500762939453125 37.71875 37.4375 38.793750762939453125 39.56874847412109375 41.125 43.6875 45.799999237060546875 49.25 49.66249847412109375 49.456249237060546875 48.53749847412109375
49.43125152587890625 52.78749847412109375 55.575000762939453125 56.581249237060546875 57.049999237060546875 57.1875 56.637500762939453125 58.387500762939453125 59.53749847412109375 60.424999237060546875 61.581249237060546875 63.325000762939453125 64.3874969482421875 64.28125 63.00624847412109375 61.96250152587890625 60.793750762939453125 60.46875 59.81874847412109375 60.40625 62.887500762939453125 63.868747711181640625 65.2687530517578125 62.5625 59.856250762939453125 56.28125 52.356250762939453125 49.34999847412109375 47.33750152587890625 44.46250152587890625 41.856250762939453125 39.25 36.40625 34.612499237060546875 33.418750762939453125 33.831249237060546875 35.19374847412109375 35.450000762939453125 36.387500762939453125 38.21250152587890625 41.21875 42.13124847412109375 42.03125 40.91249847412109375
45.9375 48.65625 49.09375 51.68125152587890625 53.15625 54.112499237060546875 53.924999237060546875 54.793750762939453125 56.206249237060546875 57.625 59.4375 60.53125 63.1875 61.875 60.22499847412109375 59.90000152587890625 60.4375 58.0625 56.13124847412109375 57.862499237060546875 60.200000762939453125 60.84375 61.05625152587890625 57.418750762939453125 54.16249847412109375 52.625 49.25624847412109375 45.71875 42.887500762939453125 40.96250152587890625 38.71250152587890625 36.80625152587890625 34.24375152587890625 32.375 30.6875 29.975000381469726562 30.168750762939453125 30.799999237060546875 30.618749618530273438 30.743749618530273438 32.424999237060546875 34.13124847412109375 34.30625152587890625 33.25
42.5625 43.125 43.55625152587890625 45.02500152587890625 47.31874847412109375 49.15000152587890625 50.625 51.424999237060546875 53.424999237060546875 54.200000762939453125 56.381252288818359375 58.90000152587890625 60.09999847412109375 61.362499237060546875 60.24375152587890625 59.450000762939453125 58.856250762939453125 56.49375152587890625 53.91249847412109375 55.5 56.043750762939453125 56.799999237060546875 56.13124847412109375 52.706249237060546875 50.762500762939453125 48.03749847412109375 45.30625152587890625 43.0625 39.63124847412109375 37.862499237060546875 36.44374847412109375 34.44374847412109375 31.631250381469726562 29.587499618530273438 27.993749618530273438 26.662500381469726562 26.5 25.212499618530273438 24.956249237060546875 25.59375 26.587499618530273438 27.168750762939453125 27.243749618530273438 27.456249237060546875
39.15625 39.137500762939453125 38.84375 39.72499847412109375 41.71250152587890625 43.424999237060546875 45.41249847412109375 46.91249847412109375 47.893749237060546875 50.831249237060546875 54.33750152587890625 55.65000152587890625 57.768749237060546875 60.299999237060546875 59.90625 58.00624847412109375 56.106250762939453125 55.75 54.387500762939453125 55.00624847412109375 54.65000152587890625 53.762500762939453125 52.09999847412109375 49.75624847412109375 48.393749237060546875 45.543750762939453125 43.637500762939453125 40.71250152587890625 38.40000152587890625 35.924999237060546875 34.0625 31.762498855590820312 28.587499618530273438 26.600000381469726562 25.28125 24.350000381469726562 22.737499237060546875 21.293750762939453125 20.924999237060546875 21.65625 22.068750381469726562 22.481250762939453125 21.71875 22
35.93125152587890625 35.862499237060546875 36.081249237060546875 36.77500152587890625 37.518749237060546875 38.018749237060546875 39.66249847412109375 40.356250762939453125 43.34375 45.55625152587890625 49.362499237060546875 52.575000762939453125 55.88124847412109375 57.65625 57.47499847412109375 55.450000762939453125 54.59999847412109375 53.78125 52.518749237060546875 52.47499847412109375 52.575000762939453125 50.481250762939453125 49.875 47.924999237060546875 45.356250762939453125 42.575000762939453125 40.731250762939453125 38.950000762939453125 36.65000152587890625 34.299999237060546875 32.125 29.456249237060546875 26.325000762939453125 24.524999618530273438 22.862499237060546875 21.34375 19.299999237060546875 17.975000381469726562 17.868749618530273438 17.8125 17.956249237060546875 18.306249618530273438 18.256250381469726562 17.931249618530273438
33.424999237060546875 32.27500152587890625 33.24375152587890625 33.481250762939453125 34.375 34.856250762939453125 35.387500762939453125 36.02500152587890625 37.53749847412109375 40.125 44.53749847412109375 49.387500762939453125 54.9375 57.924999237060546875 56.299999237060546875 54.612499237060546875 53.362499237060546875 51.97499847412109375 51.481250762939453125 50.28749847412109375 50.05625152587890625 49.40000152587890625 47.918750762939453125 45.78125 43.206249237060546875 40.38124847412109375 38.69374847412109375 37.00624847412109375 34.762500762939453125 30.875 28.743749618530273438 27.100000381469726562 24.5 22.387500762939453125 20.125 18.487499237060546875 16.924999237060546875 15.868749618530273438 15.199999809265136719 14.550000190734863281 14.131250381469726562 13.912500381469726562 14.34375 14.15625
31.125 30.59375 31.681249618530273438 31.237499237060546875 31.71875 31.831249237060546875 32.34375 32.700000762939453125 33.8125 35.456249237060546875 39.331249237060546875 45.018749237060546875 52.018749237060546875 53.950000762939453125 54.08750152587890625 53.09375 52.4375 50.543750762939453125 48.875 47.956249237060546875 45.6875 46.143749237060546875 44.268749237060546875 42.11875152587890625 39.331249237060546875 38.30625152587890625 36.875 35.362499237060546875 33.22499847412109375 29.543750762939453125 27.15625 25.549999237060546875 22.893749237060546875 20.881250381469726562 18.700000762939453125 16.825000762939453125 15.493749618530273438 14.274999618530273438 13.856249809265136719 13.168749809265136719 12.287500381469726562 12.0625 11.681249618530273438 11.462500572204589844
28.725000381469726562 28.850000381469726562 29.412500381469726562 28.787500381469726562 29.118749618530273438 29.725000381469726562 30.03125 30.149999618530273438 30.53125 30.662500381469726562 34.56874847412109375 40.862499237060546875 46.71875 49.30625152587890625 50.731250762939453125 50.75 50.03749847412109375 47.71250152587890625 45.90000152587890625 45.09375 42.71250152587890625 41.50624847412109375 40.16249847412109375 39.08750152587890625 36.799999237060546875 35.63124847412109375 34.53125 32.97499847412109375 31.125 28.493749618530273438 25.787500381469726562 23.475000381469726562 20.893749237060546875 18.993749618530273438 16.96875 15.0625 13.756250381469726562 13.087499618530273438 12.731249809265136719 11.806249618530273438 10.774999618530273438 10.399999618530273438 9.84375 9.7250003814697265625
25.818750381469726562 26.381250381469726562 26.237499237060546875 26.606250762939453125 26.893749237060546875 27.393749237060546875 27.75 27.8125 28.237499237060546875 27.84375 33.518749237060546875 39.18125152587890625 43.012500762939453125 45.84375 47.887500762939453125 48.424999237060546875 46.674999237060546875 45.875 43.43125152587890625 42.30625152587890625 40.66249847412109375 38.94374847412109375 36.88124847412109375 36.13124847412109375 34.887500762939453125 33.78125 32.49375152587890625 31.174999237060546875 29.625 26.681249618530273438 23.081249237060546875 21.225000381469726562 18.918750762939453125 17.287500381469726562 15.074999809265136719 13.274999618530273438 12.649999618530273438 11.881250381469726562 11.456250190734863281 10.65625 9.7062501907348632812 9.4750003814697265625 8.7875003814697265625 7.8625001907348632812
