data/historical-monthly-weather-data/wc2.1_cruts4.09_10m_prec_2001-06.asc
ncols        45
nrows        45
xllcorner    -63.500000000000
yllcorner    -7.500000000000
cellsize     0.166666666667
NODATA_value -9999
[rows 19 to 37 of 45, columns 0 to 43 of 45]
174.337493896484375 178.6062469482421875 180.875 180.9812469482421875 184.1437530517578125 190.443756103515625 191.306243896484375 189.287506103515625 192.1062469482421875 191.59375 189.068756103515625 185.868743896484375 180.0124969482421875 173.0749969482421875 166.7687530517578125 152.5062408447265625 144.09375 147.7312469482421875 141.4562530517578125 144.5437469482421875 137.8625030517578125 144.90625 161.100006103515625 168.1062469482421875 166.3937530517578125 165.4375 165.6437530517578125 175.8125 172.375 166.993743896484375 166.8562469482421875 184.65625 191.4875030517578125 194.03125 199.28125 213.375 221.649993896484375 216.631256103515625 208.5250091552734375 196.96875 176.975006103515625 155.287506103515625 153.9250030517578125 152.9187469482421875
156.868743896484375 169.287506103515625 176.568756103515625 178.34375 176.056243896484375 178.84375 183.90625 185.3000030517578125 186.350006103515625 184.5124969482421875 184.3625030517578125 180.6999969482421875 174.662506103515625 165.1125030517578125 156.1125030517578125 150.462493896484375 141.462493896484375 139.5 144.8249969482421875 144.4562530517578125 154.568756103515625 163.0625 174.6062469482421875 186.149993896484375 187.4375 180.8125 167.1374969482421875 167.1062469482421875 167.9812469482421875 170.8000030517578125 173.412506103515625 183.493743896484375 178.1374969482421875 178.9875030517578125 181.9375 194.756256103515625 205.118743896484375 205.6437530517578125 193.875 181.7937469482421875 168.649993896484375 152.25 148.4250030517578125 148.6999969482421875
149.9562530517578125 153.899993896484375 164.3937530517578125 171.631256103515625 172.587493896484375 172.9187469482421875 176.34375 177.5124969482421875 178.024993896484375 180.34375 179.9187469482421875 173.649993896484375 167.1750030517578125 163.3937530517578125 159.7062530517578125 149.5437469482421875 153.975006103515625 149.3937530517578125 155.287506103515625 156.6999969482421875 157.96875 172.4250030517578125 184.0812530517578125 185.431243896484375 182.537506103515625 178.037506103515625 177.75 170.712493896484375 176.037506103515625 178.4562530517578125 174.09375 168.8937530517578125 167.75 173.71875 173.7624969482421875 179.068756103515625 186.7375030517578125 192.09375 186.0437469482421875 176.899993896484375 164.462493896484375 153.149993896484375 149.1062469482421875 150.256256103515625
143.818756103515625 156.3562469482421875 166.21875 172.618743896484375 174.087493896484375 172.34375 166.443756103515625 165.8874969482421875 172.5500030517578125 174.125 173.149993896484375 172.475006103515625 173.6999969482421875 172.631256103515625 168.2624969482421875 162.1374969482421875 155.6437530517578125 153.3562469482421875 157.59375 163.568756103515625 173.3249969482421875 178.368743896484375 181.8312530517578125 184.7312469482421875 190.3562469482421875 185.96875 178.09375 174.6999969482421875 175.71875 168.6125030517578125 163.087493896484375 161.431243896484375 158.318756103515625 158.068756103515625 164.912506103515625 164.96875 167.5187530517578125 173.850006103515625 175.6125030517578125 171.7375030517578125 161.381256103515625 153.3125 148.5187530517578125 146.212493896484375
134.4000091552734375 148.2062530517578125 163.4375 166.46875 166.5749969482421875 164.9562530517578125 167.25 166.1437530517578125 164.875 162.7624969482421875 168.8312530517578125 175.4187469482421875 173.75 175.787506103515625 167.65625 162.806243896484375 158.9875030517578125 162.75 165.8937530517578125 169.662506103515625 177.537506103515625 187.256256103515625 188.756256103515625 198.256256103515625 195.912506103515625 187.993743896484375 187.03125 172.84375 166.131256103515625 161.537506103515625 155.212493896484375 152.118743896484375 151.568756103515625 148.681243896484375 153.2937469482421875 152.0437469482421875 157.350006103515625 163.71875 163.5500030517578125 159.962493896484375 153.9250030517578125 149.2312469482421875 145.993743896484375 145.256256103515625
123.8249969482421875 139.2687530517578125 152.40625 162.412506103515625 165.6750030517578125 164.1750030517578125 163.8937530517578125 165.4187469482421875 163.1999969482421875 166.2312469482421875 167.118743896484375 169 172.8874969482421875 168.725006103515625 162.1062469482421875 158.962493896484375 158.931243896484375 160.037506103515625 165.8937530517578125 174.306243896484375 181.9187469482421875 187.556243896484375 198.537506103515625 204.524993896484375 195.65625 187.8249969482421875 179.6437530517578125 169.90625 160.8874969482421875 155.931243896484375 144.7937469482421875 137.5 136.787506103515625 139.212493896484375 141.649993896484375 144.024993896484375 148 150.568756103515625 153.90625 152.3187408447265625 148.1875 146.2125091552734375 145.649993896484375 141.2937469482421875
118.91249847412109375 136.28125 142.443756103515625 152.5500030517578125 155.71875 156.3937530517578125 155.256256103515625 157.493743896484375 152.125 150.8000030517578125 157.506256103515625 159.787506103515625 163.006256103515625 161.65625 159.693756103515625 154.287506103515625 155.1999969482421875 161.21875 168.1437530517578125 171.7624969482421875 180.662506103515625 188.7375030517578125 197.618743896484375 200.318756103515625 196.9499969482421875 185.9187469482421875 176.712493896484375 166.6437530517578125 153.5124969482421875 145.9187469482421875 134.868743896484375 127.11249542236328125 126.52500152587890625 127.75624847412109375 129.806243896484375 135.96875 140.5500030517578125 141.056243896484375 141.4187469482421875 144.131256103515625 141.1999969482421875 132.40625 131.5 132.712493896484375
112.06874847412109375 120.47499847412109375 130.743743896484375 138.337493896484375 141.600006103515625 143.662506103515625 144.006256103515625 140.0500030517578125 138.6687469482421875 145.443756103515625 152.625 154.4812469482421875 154.381256103515625 155.3125 155.8125 155.881256103515625 154.350006103515625 155.0749969482421875 163.3312530517578125 167.3625030517578125 172.587493896484375 181.28125 191.975006103515625 201.5124969482421875 190.6750030517578125 180.5124969482421875 171.4812469482421875 158.6875 146.1374969482421875 136.787506103515625 128.806243896484375 117.93125152587890625 116.53749847412109375 118.61875152587890625 121.65000152587890625 125.86875152587890625 132.5500030517578125 133.537506103515625 132.0124969482421875 136.1437530517578125 136.6750030517578125 131.100006103515625 125.7312469482421875 124.46250152587890625
106.3125 109.5500030517578125 117.25 121.0437469482421875 124.18125152587890625 128.756256103515625 131.09375 129.725006103515625 131.2687530517578125 138.2312469482421875 142.600006103515625 145.618743896484375 145.212493896484375 145.0187530517578125 145.568756103515625 146.256256103515625 146.0437469482421875 150.649993896484375 153.0187530517578125 160.225006103515625 167.5124969482421875 172.03125 184.587493896484375 187.0812530517578125 180.806243896484375 170.381256103515625 161.350006103515625 149.024993896484375 140.9875030517578125 133.868743896484375 124.1750030517578125 115.77500152587890625 112.8937530517578125 110.6875 116.5500030517578125 120.15625 126.46875 126.9187469482421875 128.0749969482421875 130.6687469482421875 131.75 130.556243896484375 119.8625030517578125 120.7062530517578125
98.77500152587890625 103.8562469482421875 104.9812469482421875 106.34999847412109375 110.58750152587890625 111.0124969482421875 114.9499969482421875 119.2624969482421875 124.27500152587890625 128.2624969482421875 133.443756103515625 135.53125 137.53125 138.375 139.2062530517578125 140.556243896484375 142.75 144.556243896484375 150.0625 156.743743896484375 159.6374969482421875 162.9499969482421875 168.962493896484375 169.9250030517578125 165.96875 156.5812530517578125 151.9562530517578125 144.681243896484375 135.399993896484375 125.34375 115.3562469482421875 109.3249969482421875 106.3625030517578125 108.0437469482421875 110.2312469482421875 113.2375030517578125 120.90000152587890625 119.24375152587890625 121.06874847412109375 122 121.2312469482421875 118.0437469482421875 114.40000152587890625 118.5124969482421875
95.80625152587890625 97.24375152587890625 97.96250152587890625 97.68125152587890625 99.55625152587890625 102.6062469482421875 105.34999847412109375 111.9187469482421875 115.5 120.53749847412109375 125.2687530517578125 128.8937530517578125 131.7624969482421875 133.6062469482421875 133.006256103515625 132.40625 133.1750030517578125 138.225006103515625 138.193756103515625 139.181243896484375 145.9499969482421875 149.8249969482421875 154.7375030517578125 155.506256103515625 149.8874969482421875 147.399993896484375 141.4187469482421875 133.568756103515625 125.99375152587890625 116.3874969482421875 108.3937530517578125 102.4875030517578125 102.1687469482421875 104.28749847412109375 108.1687469482421875 108.68125152587890625 117.4499969482421875 116.1687469482421875 112.28749847412109375 117.96250152587890625 116.49375152587890625 113.06874847412109375 112.9562530517578125 110.81874847412109375
94.7624969482421875 93.5187530517578125 92.2624969482421875 92.21250152587890625 93.2312469482421875 95.1875 99.0124969482421875 103.3000030517578125 106.6687469482421875 112.6125030517578125 117.9875030517578125 120.09375 125.125 122.0187530517578125 123.13124847412109375 127.02500152587890625 128.8562469482421875 129.2687530517578125 129.8000030517578125 132.056243896484375 135.068756103515625 135.899993896484375 140.006256103515625 141.6125030517578125 138.125 136.5187530517578125 130.1374969482421875 123.9250030517578125 116.50624847412109375 109.05625152587890625 105.59375 100.81874847412109375 99.2312469482421875 99.00624847412109375 102.0187530517578125 103.2062530517578125 109.66249847412109375 111.2624969482421875 108.21875 105.3125 107.0625 104.5187530517578125 103.93125152587890625 103.5124969482421875
93.2624969482421875 91.0187530517578125 87.9499969482421875 88.3625030517578125 90.8874969482421875 92.05625152587890625 94.0187530517578125 96.63124847412109375 100.59999847412109375 103.99375152587890625 106.5 109.8937530517578125 111.19374847412109375 113.8937530517578125 117.0500030517578125 119.01874542236328125 117.2062530517578125 117.3874969482421875 118.8249969482421875 121.33750152587890625 123.2937469482421875 125.3937530517578125 125.53125 125.75624847412109375 126.1125030517578125 123.55625152587890625 119.6437530517578125 114.4875030517578125 107.7624969482421875 106.34375 101.7312469482421875 97.0625 96.5812530517578125 95.80625152587890625 97.46250152587890625 97.375 100.77500152587890625 99.8937530517578125 100.3312530517578125 99.5 101.72499847412109375 100.25 98.41249847412109375 97.7312469482421875
94.5437469482421875 92.3312530517578125 90.875 90.8625030517578125 90.00624847412109375 90.97499847412109375 92.4499969482421875 94.84375 96.16249847412109375 98.5 103.5 104.8125 106.53125 110.81874847412109375 113.6999969482421875 111.5812530517578125 109.00624847412109375 111.44374847412109375 112.47499847412109375 113.69374847412109375 112.47499847412109375 112.4875030517578125 114.02500152587890625 114.5437469482421875 113.50624847412109375 112.16249847412109375 108.36875152587890625 103.59999847412109375 99.71875 99.15000152587890625 96.8937530517578125 91.72499847412109375 91.93125152587890625 93.7062530517578125 93.8249969482421875 93.4812469482421875 93.41249847412109375 92.58750152587890625 93.03749847412109375 96.2937469482421875 98.1750030517578125 96.28125 92.78749847412109375 91.0749969482421875
95.375 94.56874847412109375 95.1062469482421875 93.74375152587890625 91.68125152587890625 91.2062530517578125 92.86875152587890625 92.4250030517578125 92.1687469482421875 92.625 96.58750152587890625 100.5437469482421875 102.4250030517578125 103.3562469482421875 104.0187530517578125 105.03749847412109375 105.15625 104.65625 102.8937530517578125 103.6999969482421875 103.65625 102.6062469482421875 104.84999847412109375 102.97499847412109375 103.05625152587890625 100.21250152587890625 98.96875 95.38124847412109375 93.91249847412109375 93.21875 92.875 91.03749847412109375 87.74375152587890625 87.78125 89.5437469482421875 89.3249969482421875 88.4812469482421875 87.2937469482421875 88.21875 89.8312530517578125 89.4499969482421875 89.9812469482421875 88.4562530517578125 82.5625
97.68125152587890625 95.0187530517578125 96.5500030517578125 97.0749969482421875 94.59375 90.86875152587890625 89.2937469482421875 89.46250152587890625 88.8625030517578125 88.34999847412109375 93.83750152587890625 98.1875 100.34999847412109375 104.40625 104.5812530517578125 102.31874847412109375 99.4250030517578125 95.9875030517578125 93.9250030517578125 90.8625030517578125 93.69374847412109375 91.3874969482421875 91.43125152587890625 90.27500152587890625 93.0500030517578125 92.0500030517578125 90.1687469482421875 86.34999847412109375 84.71250152587890625 84.4499969482421875 85.75 86.1687469482421875 82.65000152587890625 82.27500152587890625 82.1374969482421875 83.06874847412109375 80.81874847412109375 83.6750030517578125 82.2312469482421875 83.59999847412109375 83.38124847412109375 81.65000152587890625 81.2375030517578125 77.9875030517578125
99.56874847412109375 96.7937469482421875 96.84375 97.3000030517578125 95.99375152587890625 92.8937530517578125 90.74375152587890625 88.4812469482421875 86.2687530517578125 85.09999847412109375 87.38124847412109375 95.7687530517578125 100.4562530517578125 102.08750152587890625 101.66249847412109375 98.8874969482421875 94.2312469482421875 88.4875030517578125 85.1999969482421875 81.1999969482421875 81.06874847412109375 82.66249847412109375 81.625 80.63124847412109375 82.65625 81.8000030517578125 80.18125152587890625 77.4187469482421875 77.3874969482421875 77.21875 77.3625030517578125 78.4375 77.2062530517578125 75.875 74.25 75.3562469482421875 77.2624969482421875 76.44374847412109375 76.5749969482421875 78.40625 78.28749847412109375 75.8249969482421875 74.875 74.34999847412109375
97.99375152587890625 99.1875 96.75 97.4812469482421875 97.6750030517578125 94.4812469482421875 91.5 90.1687469482421875 86.96875 81.24375152587890625 86.49375152587890625 97.5437469482421875 102.2687530517578125 100.36875152587890625 98.65625 94.58750152587890625 89.78749847412109375 84.84999847412109375 80.6687469482421875 74.24375152587890625 72.46250152587890625 74.44374847412109375 73.2062530517578125 72.91249847412109375 72.4187469482421875 71.9499969482421875 72.6750030517578125 70.50624847412109375 68.84999847412109375 68.0187530517578125 70.66249847412109375 70.5124969482421875 70.6374969482421875 70.5500030517578125 69.0500030517578125 69.93125152587890625 71.80625152587890625 73.28749847412109375 71.875 71.34375 70.9875030517578125 70.99375152587890625 68.30625152587890625 72.48749542236328125
96.84999847412109375 98.5 98.3625030517578125 100.11875152587890625 99.19374847412109375 96.69374847412109375 94.8312530517578125 92.84375 90.66249847412109375 83.9375 94.75 103.9812469482421875 103.47499847412109375 101.1437530517578125 95.4187469482421875 90.03749847412109375 84.11875152587890625 80.09999847412109375 76.6875 71.6374969482421875 68.25 67.63124847412109375 65.33750152587890625 65.2312469482421875 64.1875 65.15000152587890625 65.78125 63.837497711181640625 62.34999847412109375 61.13124847412109375 62.125 64.81874847412109375 65.65000152587890625 64.46875 63.55625152587890625 64.875 66.125 66.52500152587890625 69.2375030517578125 67.4499969482421875 66.15000152587890625 66.94374847412109375 63.69374847412109375 63.28125
