data/historical-monthly-weather-data/wc2.1_cruts4.09_10m_prec_1971-10.asc
ncols        45
nrows        45
xllcorner    -63.500000000000
yllcorner    -7.500000000000
cellsize     0.166666666667
NODATA_value -9999
[rows 0 to 19 of 45, columns 0 to 43 of 45]
328.806243896484375 337.1875 336.506256103515625 340.10626220703125 340.48748779296875 334.725006103515625 323.693756103515625 312.79998779296875 299.96875 290.11248779296875 283.6875 273.181243896484375 261.04376220703125 245.65625 230.068756103515625 214.59375 199.7687530517578125 185.09375 172.506256103515625 160.8937530517578125 153.975006103515625 147.21875 141.28125 136.1875 131.837493896484375 128.1125030517578125 125 122.3874969482421875 121.3937530517578125 126.6437530517578125 133.399993896484375 140.462493896484375 148.4250030517578125 157.212493896484375 166.75 176.0062408447265625 185.350006103515625 194.34375 201.2312469482421875 207.5 213.65625 218.443756103515625 221.118743896484375 221.712493896484375
321.42498779296875 330.1875 336.0625 346.493743896484375 356.368743896484375 349.20001220703125 339.131256103515625 331.524993896484375 322.412506103515625 312.41876220703125 302.64373779296875 288.10626220703125 272.45001220703125 255.8249969482421875 238.1125030517578125 221.5812530517578125 204.056243896484375 187.6062469482421875 172.556243896484375 159.5437469482421875 151.899993896484375 145.7687530517578125 140.2375030517578125 136.1999969482421875 132.5749969482421875 128.8625030517578125 127.0625 125.36875152587890625 124.63124847412109375 129.09375 136.399993896484375 144.6125030517578125 153.9499969482421875 164.6875 174.9187469482421875 184.375 195.1687469482421875 204.8625030517578125 211.943756103515625 217.7937469482421875 224.006256103515625 229.0812530517578125 232 232.3562469482421875
301.98126220703125 311.375 317.75 329.82501220703125 341.29998779296875 340.350006103515625 338.725006103515625 339.100006103515625 335.181243896484375 327.125 315.506256103515625 297.875 279.756256103515625 260.993743896484375 241.90625 223.9812469482421875 206.975006103515625 191.5187530517578125 177.34375 165.181243896484375 158 153.037506103515625 147.912506103515625 143.524993896484375 139.53125 136.1125030517578125 134.0124969482421875 132.274993896484375 130.537506103515625 135.96875 144.3249969482421875 152.725006103515625 163.443756103515625 176.1624908447265625 188.712493896484375 199.975006103515625 211.912506103515625 224.131256103515625 232.556243896484375 239.149993896484375 245.881256103515625 250.15625 252.4312591552734375 253.1750030517578125
279.29376220703125 287.11248779296875 296.25 304.98126220703125 316.8125 322.225006103515625 330.024993896484375 339.28125 343.975006103515625 339.868743896484375 325.693756103515625 304.268768310546875 283.23748779296875 263.5 244.875 225.962493896484375 208.662506103515625 195.5124969482421875 183.5 173.1437530517578125 166.9875030517578125 161.5812530517578125 156.006256103515625 151.662506103515625 147.25 143.1750030517578125 140.693756103515625 138.28125 136.631256103515625 142.506256103515625 151.431243896484375 161.350006103515625 172.6062469482421875 185.993743896484375 199.5437469482421875 214.75 229.962493896484375 244.5187530517578125 254.850006103515625 262.98748779296875 268.681243896484375 272.71875 274.493743896484375 275.48748779296875
269.568756103515625 269.912506103515625 271.10626220703125 278.13751220703125 291.274993896484375 302.756256103515625 316.17498779296875 331.71875 346.41876220703125 351.15625 332.350006103515625 304.92498779296875 283.16876220703125 264.76251220703125 245.681243896484375 226.625 210.274993896484375 197.9250030517578125 187.506256103515625 178.837493896484375 174.28125 168.993743896484375 163.681243896484375 159.40625 154.649993896484375 150.25 146.6125030517578125 144.4375 143.40625 148.662506103515625 157.65625 167.6999969482421875 180.90625 195.631256103515625 211.725006103515625 228.1750030517578125 245.8625030517578125 263.95001220703125 275.037506103515625 284.149993896484375 290.45001220703125 292.399993896484375 294.60626220703125 295.21875
258.79998779296875 258.3125 253.693756103515625 252.181243896484375 266.462493896484375 282.58123779296875 297.056243896484375 312.837493896484375 328.58123779296875 339.53125 319 293.399993896484375 275.58123779296875 259.337493896484375 242.5 227.2375030517578125 212.318756103515625 201.993743896484375 193.9375 186.6875 182.4250030517578125 177.75 172.90625 167.3125 162.3312530517578125 157.5187530517578125 153.2687530517578125 149.875 148.993743896484375 153.4562530517578125 161.625 172.2375030517578125 184.8125 199.875 216.243743896484375 234.0187530517578125 252.9250030517578125 273.631256103515625 288.556243896484375 296.71875 299.274993896484375 301.82501220703125 303.524993896484375 306.100006103515625
253.443756103515625 251.368743896484375 246.1750030517578125 242.6999969482421875 251.3562469482421875 262.412506103515625 273.462493896484375 282.92498779296875 288.73126220703125 289.45001220703125 284.8125 273.337493896484375 262.631256103515625 251.631256103515625 238.53125 226.5749969482421875 214.8312530517578125 206.087493896484375 199.287506103515625 194.368743896484375 191.037506103515625 186.9375 181.899993896484375 176.274993896484375 170.993743896484375 165.537506103515625 161.1062469482421875 156.5812530517578125 153.8125 158.2937469482421875 165.6374969482421875 174.6125030517578125 186.6687469482421875 201.818756103515625 218.5625 235.5749969482421875 255.0187530517578125 276.45001220703125 295.625 300.86248779296875 302.23126220703125 302.125 304.76251220703125 309.57501220703125
249.9375 245.8937530517578125 243.100006103515625 243.225006103515625 246.725006103515625 252.743743896484375 254.6750030517578125 251.600006103515625 243.181243896484375 242.149993896484375 249.71875 250.149993896484375 247.943756103515625 242.3000030517578125 234.9250030517578125 226.162506103515625 217.381256103515625 210.681243896484375 205.78125 203 200.5437469482421875 196.506256103515625 191.587493896484375 185.9250030517578125 180.0124969482421875 173.337493896484375 167.5124969482421875 161.412506103515625 157.5124969482421875 159.962493896484375 166.6374969482421875 175.2687530517578125 187.2312469482421875 202.0374908447265625 217.3937530517578125 233.5124969482421875 250.1687469482421875 269.243743896484375 282.86248779296875 289.225006103515625 290.79376220703125 289.462493896484375 289.818756103515625 292.462493896484375
248.3937530517578125 245.9375 245.431243896484375 245.443756103515625 247.5500030517578125 249.2062530517578125 247.1687469482421875 237.350006103515625 219.337493896484375 212.6687469482421875 226.03125 232.818756103515625 235.6125030517578125 233.4499969482421875 230.8312530517578125 227.1125030517578125 222.1750030517578125 218.8249969482421875 216.5812530517578125 213.8937530517578125 211.09375 207.5500030517578125 200.943756103515625 195.493743896484375 187.7062530517578125 179.1687469482421875 171.125 165.7062530517578125 161.212493896484375 161.78125 167.2312469482421875 174.287506103515625 184.1437530517578125 196.3562469482421875 209.0124969482421875 223.875 239.0437469482421875 252.9499969482421875 261.45001220703125 266.743743896484375 267.54376220703125 263.5625 262.25 259.54376220703125
247.774993896484375 245.9812469482421875 245.600006103515625 247.100006103515625 249.8312530517578125 250.524993896484375 246.931243896484375 236.506256103515625 222.0625 215.850006103515625 220.3937530517578125 223.7375030517578125 226.9812469482421875 227.118743896484375 228.524993896484375 229.337493896484375 228.287506103515625 228.0812530517578125 227.9562530517578125 228.350006103515625 224.78125 219.9562530517578125 211.850006103515625 203.5062408447265625 192.7687530517578125 183 175.318756103515625 168.287506103515625 163.556243896484375 163.337493896484375 165.9375 171.5187530517578125 179.837493896484375 190.5812530517578125 202.068756103515625 214.537506103515625 226.1750030517578125 236.287506103515625 242.4812469482421875 244.21875 243.1374969482421875 237.243743896484375 230.9875030517578125 224.9812469482421875
247.0625 245.431243896484375 245.09375 246.90625 250.131256103515625 254.625 252.3937530517578125 241.1687469482421875 228.8000030517578125 222.46875 222.0500030517578125 222.0437469482421875 222.0812530517578125 223.318756103515625 227.53125 231 234.1125030517578125 236.4375 239.0625 241.9875030517578125 241.09375 234.15625 223.4375 209.8249969482421875 199.024993896484375 189.59375 181.65625 174.1437530517578125 167.2312469482421875 165.8249969482421875 167.1125030517578125 170.712493896484375 177.7375030517578125 186.4375 195.056243896484375 204.3937530517578125 213.1437530517578125 219.0437469482421875 222.6125030517578125 222.306243896484375 219.15625 211.75 204.837493896484375 195.2937469482421875
245.556243896484375 244.0187530517578125 244.3000030517578125 247.15625 251.2312469482421875 256.54998779296875 256.85626220703125 244.399993896484375 233.2437591552734375 225.6999969482421875 222.443756103515625 222.1374969482421875 221.84375 223.787506103515625 229.3000030517578125 233.0437469482421875 237.068756103515625 240.375 244.3000030517578125 250.09375 253.34375 246.0500030517578125 233.0187530517578125 217.0124969482421875 203.0124969482421875 191.024993896484375 181.600006103515625 175.1062469482421875 169.3249969482421875 167.7312469482421875 166.712493896484375 168.431243896484375 173.2624969482421875 180.1062469482421875 187.306243896484375 193.8937530517578125 199.3874969482421875 203.568756103515625 204.274993896484375 202.743743896484375 196.8312530517578125 188.381256103515625 180.4124908447265625 171.8125
242.3874969482421875 241.6374969482421875 242.225006103515625 244.3125 247.8874969482421875 250.962493896484375 248.462493896484375 241.0187530517578125 231.8874969482421875 226.162506103515625 222.6374969482421875 222.0187530517578125 223.2624969482421875 223.96875 229.1999969482421875 234.318756103515625 237.712493896484375 242.2624969482421875 247.225006103515625 252.71875 259.20001220703125 253.5500030517578125 239.806243896484375 223.2687530517578125 202.412506103515625 188.625 183.587493896484375 177.149993896484375 172.1062469482421875 169.25 166.7062530517578125 165.506256103515625 169.28125 173.681243896484375 179.100006103515625 184.21875 187.6875 191.0437469482421875 191.774993896484375 186.443756103515625 179.875 172.625 163.225006103515625 146.53125
237.4499969482421875 236.818756103515625 237.65625 239.25 241.1374969482421875 242.2624969482421875 239.712493896484375 235.443756103515625 229.306243896484375 223.53125 219.6875 220.0625 221.9562530517578125 224.6062469482421875 227.375 232.5187530517578125 235.431243896484375 239.3562469482421875 243.431243896484375 247.9499969482421875 253.15625 249.875 241.84375 228.337493896484375 211.3625030517578125 198.5187530517578125 190.6437530517578125 182.4375 175.475006103515625 169.6125030517578125 164.6875 162.3000030517578125 164.3937530517578125 167.625 171.850006103515625 176.1875 179.34375 183.03125 183.8874969482421875 179.9875030517578125 170.5437469482421875 158.2624969482421875 148.350006103515625 137.7687530517578125
231.912506103515625 232.056243896484375 231.943756103515625 233.318756103515625 234.625 234.587493896484375 234.09375 231.318756103515625 225.462493896484375 220.5500030517578125 217.21875 217.443756103515625 219 221.59375 223.2937469482421875 227.5 229.0625 230.8625030517578125 232.9187469482421875 237.193756103515625 242.881256103515625 244.5749969482421875 243.1125030517578125 236.8937530517578125 227.2375030517578125 215.568756103515625 202.625 189.837493896484375 178.787506103515625 169.3249969482421875 161.693756103515625 157.1687469482421875 158.5 162.1999969482421875 165.868743896484375 168.9562530517578125 173.3249969482421875 180.4375 185.125 179.8312530517578125 167.6687469482421875 156.0625 148.09375 139.96875
224.7375030517578125 224.8625030517578125 225.2624969482421875 226.6875 227.71875 228.2375030517578125 227.662506103515625 225.1437530517578125 220.7937469482421875 216.881256103515625 212.7937469482421875 211.7437591552734375 213.212493896484375 215.875 218.1062469482421875 220.118743896484375 218.9812469482421875 219.5437469482421875 220.806243896484375 223.931243896484375 230.15625 237.3312530517578125 243.8625030517578125 246.931243896484375 242.399993896484375 230.9250030517578125 215.162506103515625 198.40625 182.8562469482421875 168.962493896484375 158.5625 151.2937469482421875 151.350006103515625 154.5187530517578125 156.6875 158.125 166.368743896484375 175.3312530517578125 183.350006103515625 179.8874969482421875 171.225006103515625 161.21875 152.318756103515625 142.9499969482421875
215.274993896484375 216.256256103515625 218.1999969482421875 220.4812469482421875 221.5500030517578125 222.068756103515625 221.806243896484375 219.8937530517578125 216.28125 211.5187530517578125 207.056243896484375 205.4375 205.3125 206.6374969482421875 207.53125 207.7937469482421875 204.3312530517578125 203.9375 205.306243896484375 208.96875 216.681243896484375 227.75 241.8125 253.6875 256.493743896484375 241.53125 223.9562530517578125 202.9499969482421875 183.2312469482421875 166.6062469482421875 154.90625 147.96875 144.3000030517578125 142.8874969482421875 143.0812530517578125 148.5437469482421875 158.5 176.524993896484375 193.96875 187.28125 176.962493896484375 167.162506103515625 156.318756103515625 147.837493896484375
205.024993896484375 207.34375 210.850006103515625 213.868743896484375 215.9562530517578125 217.5625 217.90625 216.0749969482421875 212.25 207.6125030517578125 202.9250030517578125 199.1062469482421875 196.59375 194.6999969482421875 193.375 191.350006103515625 187.4875030517578125 185.787506103515625 187.693756103515625 190.8625030517578125 200.2062530517578125 213.5437469482421875 230.5500030517578125 245.2687530517578125 251.1062469482421875 241.53125 227.181243896484375 204.3625030517578125 181.21875 161.1687469482421875 147.537506103515625 139.756256103515625 139.3249969482421875 140.65625 137.0812530517578125 132.943756103515625 150.443756103515625 172.493743896484375 187.09375 188.9187469482421875 181.3125 172.631256103515625 162.162506103515625 153.493743896484375
193.4562530517578125 198.2375030517578125 203.1750030517578125 207.649993896484375 211.3249969482421875 213.1750030517578125 213.7312469482421875 212.71875 209.837493896484375 204.2937469482421875 197.4875030517578125 192.2937469482421875 186.9187469482421875 182.0749969482421875 179.09375 177.056243896484375 173.087493896484375 170.2375030517578125 171.462493896484375 173.75 183.7937469482421875 201.287506103515625 215.4375 229.287506103515625 236.0625 234.46875 221.2375030517578125 200.78125 179.568756103515625 157.03125 139.975006103515625 136.8249969482421875 143.649993896484375 144.28125 141.837493896484375 141.100006103515625 152.743743896484375 167.8874969482421875 179.962493896484375 184.912506103515625 182.537506103515625 179.53125 168.375 159.3249969482421875
181.0625 188.212493896484375 194.256256103515625 200.0625 205.381256103515625 208.8249969482421875 210.7062530517578125 210.59375 207.3000030517578125 201.868743896484375 194.087493896484375 186.2062530517578125 178.4875030517578125 171.2062530517578125 167.1437530517578125 164.4499969482421875 159.8125 159.3125 160.306243896484375 163.899993896484375 172.712493896484375 186.899993896484375 205.59375 217.681243896484375 223.756256103515625 222.1125030517578125 211.5812530517578125 197.5437469482421875 177.5124969482421875 157.1125030517578125 143.1875 144.1062469482421875 150.100006103515625 156.3937530517578125 160.600006103515625 160.15625 163.59375 171.068756103515625 178.2375030517578125 182.7624969482421875 184.600006103515625 182.693756103515625 173.84375 164.5437469482421875
