data/historical-monthly-weather-data/wc2.1_cruts4.09_10m_prec_1996-01.asc
ncols        51
nrows        45
xllcorner    -63.500000000000
yllcorner    -7.500000000000
cellsize     0.166666666667
NODATA_value -9999
[rows 0 to 19 of 45, columns 0 to 44 of 51]
148.0812530517578125 147.181243896484375 145.1062469482421875 145.3312530517578125 144.2312469482421875 147.568756103515625 149.1999969482421875 148.368743896484375 147.90625 149.381256103515625 152.149993896484375 153.53125 153.4250030517578125 149.25 145.6687469482421875 143.8937530517578125 142.2687530517578125 137.787506103515625 139.5124969482421875 141.46875 146.5124969482421875 153.6437530517578125 160.6999969482421875 165.6687469482421875 172.350006103515625 177.5187530517578125 180.1374969482421875 183.256256103515625 187.3625030517578125 192.850006103515625 199.493743896484375 206.4562530517578125 212.381256103515625 220.4562530517578125 226.8874969482421875 233.631256103515625 237.225006103515625 239.3000030517578125 241.568756103515625 243.1875 243.65625 243.6999969482421875 242.350006103515625 241.75 243.3000030517578125
153.212493896484375 151.0749969482421875 149.912506103515625 149.4250030517578125 149.9187469482421875 154.0625 156.506256103515625 158.9187469482421875 161.7937469482421875 164.875 166.6750030517578125 166.100006103515625 164.024993896484375 161.84375 157.756256103515625 154.1999969482421875 150.71875 147.0187530517578125 146.4875030517578125 148.4499969482421875 154.7375030517578125 161.912506103515625 169.9187469482421875 177.0187530517578125 182.8562469482421875 188.15625 192.037506103515625 195.381256103515625 199.118743896484375 207.1999969482421875 215.28125 222.8937530517578125 229.46875 239.5749969482421875 246.037506103515625 249.5437469482421875 255.0749969482421875 256.51873779296875 257.068756103515625 257.51873779296875 258.09375 257.34375 253.9812469482421875 252.3874969482421875 252.712493896484375
157.350006103515625 155.8874969482421875 156.0625 157.431243896484375 159.875 164.806243896484375 169.3937530517578125 174.375 178.7624969482421875 182.625 184.4250030517578125 182.662506103515625 180.306243896484375 176.5500030517578125 171.368743896484375 165.600006103515625 161.443756103515625 158.587493896484375 158.118743896484375 162.1437530517578125 170.4875030517578125 180.6750030517578125 190.100006103515625 196.8000030517578125 202.7062530517578125 207.8562469482421875 211.899993896484375 215.100006103515625 217.399993896484375 224.75 234.774993896484375 244.0187530517578125 252.587493896484375 258.524993896484375 266.868743896484375 269.33123779296875 272.79998779296875 274.712493896484375 274.0625 272.34375 272.46875 270.07501220703125 266.475006103515625 263.412506103515625 261.04998779296875
159.78125 159.181243896484375 163.306243896484375 167.037506103515625 172.649993896484375 175.7687530517578125 182.53125 190.6437530517578125 197.912506103515625 203.8625030517578125 204.28125 200.75 196.818756103515625 192.087493896484375 186.1125030517578125 179.162506103515625 172.943756103515625 169.3125 171.0500030517578125 178.96875 191.5437469482421875 203.868743896484375 212.431243896484375 220.181243896484375 226.7375030517578125 232.225006103515625 236.350006103515625 236.75 238.399993896484375 246.53125 256.45623779296875 267.975006103515625 275.581268310546875 281.568756103515625 287.26873779296875 290.899993896484375 291.693756103515625 292.73748779296875 291.61248779296875 290.087493896484375 286.54998779296875 284.306243896484375 279.868743896484375 274.48126220703125 271.08123779296875
167.475006103515625 165.2624969482421875 169.2937469482421875 176.056243896484375 183.3125 189 195.34375 205.5500030517578125 216.537506103515625 225.0625 223.7062530517578125 218.8000030517578125 215.037506103515625 210.600006103515625 203.631256103515625 195.3937530517578125 187.375 181.5749969482421875 187.2312469482421875 200.25 216.4875030517578125 229.5 239.40625 246.4375 252.4875030517578125 259.63751220703125 259.756256103515625 259.350006103515625 263.318756103515625 271.125 281.306243896484375 289.04998779296875 298.20001220703125 306.012481689453125 311.600006103515625 313.32501220703125 314.431243896484375 311.42498779296875 309.212493896484375 305.725006103515625 303.39373779296875 298.524993896484375 293.649993896484375 286.399993896484375 281.431243896484375
173.65625 173.1999969482421875 178.125 184.3625030517578125 192.149993896484375 199.4812469482421875 207.850006103515625 217.9499969482421875 229.631256103515625 240.0812530517578125 238.850006103515625 235.9875030517578125 232.9562530517578125 230.03125 223.28125 218.412506103515625 210.837493896484375 206.0999908447265625 216.3249969482421875 231.8874969482421875 246.8625030517578125 258.57501220703125 269.568756103515625 274.524993896484375 280.70001220703125 286.91876220703125 287.337493896484375 286.024993896484375 288.475006103515625 297.318756103515625 305.73748779296875 313.443756103515625 318.79998779296875 326.36248779296875 334.806243896484375 334.625 333.5625 330.66876220703125 327.29376220703125 323.868743896484375 317.25 312.38751220703125 305.712493896484375 298.10626220703125 292.381256103515625
179.7624969482421875 180.6374969482421875 186.7937469482421875 192.287506103515625 198.837493896484375 205.337493896484375 214.225006103515625 223.993743896484375 232.975006103515625 240.09375 246.493743896484375 248.75 250.931243896484375 251.100006103515625 248.1687469482421875 246.6374969482421875 245.9499969482421875 252.0749969482421875 264.4375 275.51873779296875 282.118743896484375 291.587493896484375 298.125 303 309.86248779296875 314.5625 314.600006103515625 313.774993896484375 313.943756103515625 321.48748779296875 331.59375 338.818756103515625 342.462493896484375 347.28125 353.03125 354.274993896484375 352.10626220703125 349.381256103515625 347.48748779296875 340.0625 330.61248779296875 324.45001220703125 317.25 309.350006103515625 302.725006103515625
187.056243896484375 186.725006103515625 193.037506103515625 199.912506103515625 206.4562530517578125 214.15625 221.1374969482421875 225.350006103515625 229.087493896484375 239.4812469482421875 253.28125 262.09375 269.34375 272.04998779296875 274.318756103515625 277.23126220703125 283.51873779296875 298.431243896484375 318.03125 322.41876220703125 319.91876220703125 323.88751220703125 328.28125 333.16876220703125 340.462493896484375 343.96875 342.225006103515625 340.318756103515625 342.07501220703125 349.48126220703125 356.381256103515625 363.125 365.375 368.662506103515625 372.32501220703125 372.21875 369.79998779296875 366.42498779296875 361.83123779296875 355 345.78125 339.07501220703125 331.54376220703125 322.35626220703125 317.024993896484375
194.6125030517578125 195.037506103515625 201.8874969482421875 208.056243896484375 215.431243896484375 222.193756103515625 228.6374969482421875 232.9812469482421875 233.9375 242.024993896484375 262.76251220703125 276.38751220703125 288.01873779296875 293.89373779296875 299.91876220703125 306.23126220703125 315.21875 331.868743896484375 350.681243896484375 353.024993896484375 346.53125 349.84375 353.03125 361.725006103515625 368.07501220703125 370.443756103515625 368.087493896484375 363.787506103515625 365.056243896484375 372.39373779296875 379.493743896484375 382.506256103515625 384.10626220703125 385.131256103515625 387.15625 385.118743896484375 383.462493896484375 379.600006103515625 374.21875 367.20623779296875 357.10626220703125 349.8125 344.89373779296875 338.04376220703125 332.07501220703125
202.1125030517578125 203.4499969482421875 209.337493896484375 216.2312469482421875 224.2687530517578125 232.3125 239.6875 246.912506103515625 253.0749969482421875 265.59375 283.524993896484375 297.48748779296875 309.243743896484375 317.01251220703125 325.649993896484375 334.70001220703125 343.443756103515625 355.287506103515625 365.6875 369.931243896484375 365.79998779296875 369.84375 375.82501220703125 388.118743896484375 392.29998779296875 392.75 389.818756103515625 386.056243896484375 384.975006103515625 390.90625 395.85626220703125 398.64373779296875 400.368743896484375 401.6875 403.13751220703125 399.149993896484375 395.48126220703125 391.54376220703125 385.3125 377.84375 369.9375 363.21875 357.71875 349.39373779296875 345.13751220703125
210.681243896484375 213.056243896484375 218.28125 224.962493896484375 232.4250030517578125 242.181243896484375 251.931243896484375 263.76873779296875 274.64373779296875 289.73748779296875 309.818756103515625 324.29376220703125 333.20623779296875 340.162506103515625 349.61248779296875 358.943756103515625 366.17498779296875 372.75 377.15625 378.98748779296875 380.162506103515625 385.09375 397.03125 406.943756103515625 416.243743896484375 413.8125 408.975006103515625 404.881256103515625 402.70623779296875 404.48748779296875 408.14373779296875 411.412506103515625 413.8125 415.46875 415.90625 412.73126220703125 407.8125 401.350006103515625 395.89373779296875 389.131256103515625 380.86248779296875 372.537506103515625 367.07501220703125 359.524993896484375 355.662506103515625
217.868743896484375 220.5187530517578125 226.6062469482421875 234.943756103515625 243.462493896484375 253.350006103515625 265.20001220703125 281.256256103515625 295.375 311.6875 333.431243896484375 352.84375 360.475006103515625 365.71875 374.13751220703125 380.1875 385.83123779296875 386.07501220703125 387.25 385.14373779296875 384.64373779296875 392.04998779296875 409.88751220703125 427.29376220703125 433.41876220703125 424.76873779296875 419.10626220703125 414.45623779296875 413.181243896484375 416.712493896484375 419.587493896484375 421.0625 423.368743896484375 424.85626220703125 425.38751220703125 422.15625 417.287506103515625 410.149993896484375 403.89373779296875 397.35626220703125 388.64373779296875 379.60626220703125 369.38751220703125 359.125 352.274993896484375
226.125 229.787506103515625 236.899993896484375 245.3000030517578125 254.38751220703125 267 280.32501220703125 296.131256103515625 312.08123779296875 330.51251220703125 352.79998779296875 374.787506103515625 385.45001220703125 387.5625 394.91876220703125 400.10626220703125 402.71875 403.01251220703125 401.03125 395.63751220703125 386.100006103515625 396.850006103515625 419.506256103515625 432.274993896484375 428.59375 421.806243896484375 423.462493896484375 424.29376220703125 423.71875 427.649993896484375 430.0625 430.14373779296875 430.756256103515625 431.61248779296875 431.743743896484375 428.29376220703125 422.493743896484375 415.100006103515625 407.4375 400.087493896484375 392.71875 381.8125 363.881256103515625 347.131256103515625 337.931243896484375
232.662506103515625 237.756256103515625 245.537506103515625 254.7624969482421875 265.118743896484375 276.95623779296875 291.58123779296875 310.337493896484375 327.26873779296875 346.34375 365.899993896484375 386.681243896484375 398.337493896484375 406 410.837493896484375 417.32501220703125 418.568756103515625 419.287506103515625 415.76873779296875 411.34375 406.9375 415.53125 429.04998779296875 436.28125 431.274993896484375 428.412506103515625 430.64373779296875 432.056243896484375 434.818756103515625 437.618743896484375 439.287506103515625 438.57501220703125 437.46875 436.04376220703125 436.381256103515625 431.89373779296875 426.524993896484375 420.256256103515625 410.087493896484375 399.13751220703125 386.70623779296875 365.712493896484375 349.462493896484375 338.431243896484375 333.13751220703125
237.8125 243.7624969482421875 252.9187469482421875 263.11248779296875 275.48126220703125 288.806243896484375 305.375 323.631256103515625 340.3125 357.70623779296875 377.300018310546875 396.625 410.75 420.96875 425.756256103515625 430.96875 432.09375 430.568756103515625 428.75 428.493743896484375 428.087493896484375 432.100006103515625 442.15625 444.28125 443.98126220703125 442.943756103515625 443.125 444.95623779296875 446.23748779296875 449.28125 448.506256103515625 443.875 443.606231689453125 439.98126220703125 437.85626220703125 431.399993896484375 426.83123779296875 422.13751220703125 410.100006103515625 387.78125 362.1875 347.38751220703125 340.48748779296875 333.96875 326.100006103515625
241.65625 248.09375 258.42498779296875 269.681243896484375 283.39373779296875 297.818756103515625 315.375 333.681243896484375 349.38751220703125 367.46875 386.912506103515625 406.868743896484375 422.850006103515625 434.524993896484375 440.91876220703125 441.09375 443.399993896484375 442.787506103515625 440.61248779296875 441.962493896484375 447.09375 452.493743896484375 459.725006103515625 459.381256103515625 457.65625 456.337493896484375 454.40625 457.60626220703125 460.35626220703125 463.48748779296875 461.125 453.11248779296875 445.493743896484375 439.693756103515625 434.53125 431.36248779296875 427.318756103515625 420.493743896484375 405.40625 378.21875 346.42498779296875 334.556243896484375 331.818756103515625 325.375 318.98126220703125
243.3125 250.8937530517578125 261.41876220703125 274.23126220703125 289.6875 305.01873779296875 323.54376220703125 342.118743896484375 358.225006103515625 375.243743896484375 395.48126220703125 417.41876220703125 434.76873779296875 447.70001220703125 454.84375 456.07501220703125 449.006256103515625 447.90625 449.787506103515625 456.431243896484375 462.89373779296875 470.943756103515625 477.40625 473.90625 472.65625 468.61248779296875 464.537506103515625 467.524993896484375 473.42498779296875 477.725006103515625 475.82501220703125 465.068756103515625 451.881256103515625 439.82501220703125 436.693756103515625 433.537506103515625 427.337493896484375 422.59375 412.53125 379.731231689453125 347.59375 333.600006103515625 325.45623779296875 318.82501220703125 312.9375
243.8874969482421875 252.4625091552734375 264.068756103515625 278.83123779296875 294.899993896484375 312.131256103515625 331.70001220703125 351.04998779296875 366.85626220703125 384.11248779296875 401.90625 426.66876220703125 445.806243896484375 459.318756103515625 465.662506103515625 464.149993896484375 456.10626220703125 448.73748779296875 457.40625 466.29376220703125 477.350006103515625 486.23126220703125 492.40625 487.537506103515625 483.287506103515625 479.443756103515625 471.51251220703125 477.04376220703125 486.743743896484375 492.806243896484375 486.8125 462.875 447.212493896484375 437.10626220703125 430.48126220703125 426.29376220703125 425.04998779296875 420.61248779296875 406.10626220703125 381.912506103515625 350.993743896484375 333.181243896484375 322.17498779296875 314.537506103515625 308.537506103515625
241.350006103515625 251.1999969482421875 264.537506103515625 281.53125 299.76251220703125 318.368743896484375 337.131256103515625 358.40625 374.850006103515625 391.756256103515625 408.76873779296875 429.98748779296875 451.662506103515625 471.306243896484375 474.88751220703125 467.875 456.60626220703125 448.693756103515625 451.756256103515625 466.125 484.89373779296875 499.287506103515625 497.73126220703125 496.11248779296875 492.024993896484375 489.85626220703125 486.625 488.087493896484375 497.625 503.84375 498.14373779296875 466.41876220703125 443.73748779296875 423.149993896484375 412.225006103515625 413.131256103515625 415.337493896484375 410.89373779296875 401.068756103515625 379.66876220703125 352.806243896484375 332.725006103515625 319.42498779296875 311.300018310546875 304.899993896484375
237.881256103515625 248.493743896484375 263.26251220703125 280.26873779296875 300.5 322.01251220703125 342.631256103515625 363.09375 379.149993896484375 395.34375 410.693756103515625 431.618743896484375 457.537506103515625 483.662506103515625 480.15625 462.73126220703125 447.131256103515625 446.381256103515625 451.75 464.975006103515625 480.11248779296875 490.07501220703125 499.42498779296875 498.17498779296875 496.225006103515625 497.712493896484375 494.725006103515625 496.58123779296875 497.975006103515625 495.225006103515625 483.556243896484375 455.543731689453125 428.88751220703125 402.20623779296875 387.118743896484375 391.787506103515625 404.0625 409.32501220703125 401.42498779296875 382.65625 356.54998779296875 332.85626220703125 320.09375 310.774993896484375 303.48748779296875
