data/historical-monthly-weather-data/wc2.1_cruts4.09_10m_prec_1969-01.asc
ncols        51
nrows        45
xllcorner    -63.500000000000
yllcorner    -7.500000000000
cellsize     0.166666666667
NODATA_value -9999
[rows 20 to 39 of 45, columns 0 to 44 of 51]
308.92498779296875 316.35626220703125 319.78125 324.4375 328.993743896484375 333.07501220703125 337.256256103515625 338.381256103515625 337.73748779296875 334.375 330.162506103515625 329.04998779296875 331.32501220703125 334.068756103515625 319.04376220703125 294.556243896484375 275.9375 263.48126220703125 257.431243896484375 251.6125030517578125 250.90625 249.274993896484375 247.350006103515625 251.368743896484375 256.96875 263.11248779296875 269.13751220703125 275.83123779296875 282.100006103515625 287.899993896484375 287.375 282.25 272.337493896484375 261.618743896484375 252.5500030517578125 270.42498779296875 297.899993896484375 317.89373779296875 324.01873779296875 318.73126220703125 306 292.118743896484375 282.262481689453125 274.743743896484375 269.5
291.90625 297.92498779296875 300.899993896484375 306.375 313.07501220703125 317.70623779296875 321.70001220703125 325.181243896484375 325.318756103515625 318.33123779296875 309.25 299.774993896484375 294.11248779296875 291.875 284.83123779296875 272.14373779296875 262.10626220703125 254.3249969482421875 248.96875 245.15625 243.537506103515625 243.6875 245.21875 250.8249969482421875 257.875 265.868743896484375 274.881256103515625 280.04998779296875 283.506256103515625 285.118743896484375 280.806243896484375 274.95001220703125 269.912506103515625 267.92498779296875 269.068756103515625 285.83123779296875 313.85626220703125 337.337493896484375 343.01251220703125 333.912506103515625 317.837493896484375 301.9375 290.024993896484375 280.70001220703125 273.98126220703125
275.125 281.100006103515625 281.79998779296875 286.568756103515625 294.475006103515625 301.493743896484375 306.149993896484375 310.6875 313.84375 303.11248779296875 286.912506103515625 269.524993896484375 257.21875 254.2687530517578125 254.899993896484375 252.1437530517578125 246.943756103515625 243.006256103515625 239.6062469482421875 236.9499969482421875 237.399993896484375 238.431243896484375 240.399993896484375 246.6750030517578125 256.3125 267.53125 278 282.818756103515625 284.26251220703125 281.693756103515625 275.8125 271.131256103515625 274.23126220703125 278.962493896484375 287.64373779296875 303.76873779296875 331.875 363.79998779296875 366.42498779296875 347.34375 327.01251220703125 310.243743896484375 294.850006103515625 284.037506103515625 276.9375
256.34375 259.23126220703125 258.82501220703125 264.57501220703125 274.625 282.28125 289 294.48126220703125 296.318756103515625 284.375 266.92498779296875 249.2937469482421875 230.7937469482421875 231.4562530517578125 237.899993896484375 239.412506103515625 237.6062469482421875 236.0187530517578125 234.443756103515625 233.2937469482421875 233.149993896484375 233.9499969482421875 235.9499969482421875 242.149993896484375 253.256256103515625 265.125 277.25 281.66876220703125 283 282.46875 279.45001220703125 278.32501220703125 284.024993896484375 292.056243896484375 303.13751220703125 319.20623779296875 343.32501220703125 370.712493896484375 371.79376220703125 352.53125 331.287506103515625 312.806243896484375 296.837493896484375 285.25 279.48748779296875
238.84375 239.3937530517578125 237.8125 246.368743896484375 259.51251220703125 266.649993896484375 272.1875 276.337493896484375 275.29998779296875 266.881256103515625 253.7062530517578125 240.0124969482421875 228.5124969482421875 226.837493896484375 229.693756103515625 231.9250030517578125 232.0187530517578125 232.6999969482421875 231.787506103515625 229.875 229.4499969482421875 228.868743896484375 230.056243896484375 235.899993896484375 246.7375030517578125 260.39373779296875 271.41876220703125 279.79376220703125 283.92498779296875 287.14373779296875 288.287506103515625 291.39373779296875 296.975006103515625 305.70001220703125 316.625 328.78125 346.587493896484375 359.95001220703125 359.51873779296875 347.35626220703125 329.100006103515625 311.61248779296875 296.181243896484375 286.162506103515625 278.65625
227.600006103515625 229.600006103515625 229.8562469482421875 237.756256103515625 247.024993896484375 253.3874969482421875 257.60626220703125 259.287506103515625 257.556243896484375 251.631256103515625 243.7375030517578125 236.1750030517578125 229.375 226.912506103515625 227.131256103515625 228.3937530517578125 229.4562530517578125 230.943756103515625 230.75 228.649993896484375 228.0500030517578125 225.0749969482421875 224.556243896484375 228.368743896484375 240.149993896484375 255.5999908447265625 269.524993896484375 279.54376220703125 287.212493896484375 291.16876220703125 297.70001220703125 304.26873779296875 311.51251220703125 318.23126220703125 327.67498779296875 336 346.53125 352.475006103515625 349.850006103515625 339.493743896484375 324.631256103515625 307.92498779296875 291.975006103515625 282.98748779296875 279.524993896484375
224.056243896484375 226.2312469482421875 229.243743896484375 235.125 241.1062469482421875 245.787506103515625 249.15625 249.0812530517578125 247.4812469482421875 244.881256103515625 240.71875 237.0625 233.71875 232.375 231.587493896484375 232.3625030517578125 233.125 234.337493896484375 234.7312469482421875 231.524993896484375 228.725006103515625 226.0749969482421875 222.243743896484375 224.7062530517578125 238.8562469482421875 254.3000030517578125 268.35626220703125 279.96875 289.88751220703125 296.46875 305.625 313.875 323.1875 329.693756103515625 336.0625 342.8125 349.48748779296875 350.76251220703125 344.95001220703125 335.85626220703125 321.73126220703125 304.45001220703125 289.42498779296875 281.381256103515625 286.08123779296875
222.875 224.024993896484375 228.306243896484375 233.2375030517578125 237.7937469482421875 240.3125 242.0187530517578125 241.568756103515625 241.118743896484375 239.743743896484375 238.1125030517578125 237.7062530517578125 236.7312469482421875 236.8312530517578125 236.3562469482421875 237.0500030517578125 237.5812530517578125 240.4375 239.149993896484375 236.8000030517578125 235.087493896484375 230.8874969482421875 230.399993896484375 233.8562469482421875 244.78125 257.850006103515625 270.962493896484375 282.131256103515625 292.993743896484375 302.41876220703125 311.181243896484375 319.91876220703125 329.23126220703125 335.443756103515625 342.03125 347.368743896484375 350.70001220703125 351.256256103515625 345.75 335.38751220703125 322.86248779296875 306.475006103515625 289.975006103515625 283.5 300.51873779296875
220.90625 222.087493896484375 226.318756103515625 231.556243896484375 235.375 236.287506103515625 235.5500030517578125 235.7312469482421875 235.59375 235.8249969482421875 236.4499969482421875 237.8312530517578125 239.2687530517578125 242.287506103515625 242.756256103515625 244.3312530517578125 247.0625 248.4375 247.725006103515625 245.350006103515625 242.993743896484375 239.375 239.3937530517578125 244.024993896484375 252.8625030517578125 263.48748779296875 275.58123779296875 286.462493896484375 298.131256103515625 307.83123779296875 315.693756103515625 323.881256103515625 332.962493896484375 340.9375 348.381256103515625 352.10626220703125 355.524993896484375 355.36248779296875 350.33123779296875 339.95623779296875 325.40625 310.493743896484375 298.875 299.84375 318.631256103515625
224.65625 225.4375 230.506256103515625 236.181243896484375 238.90625 237.4499969482421875 235.09375 234.850006103515625 234.9812469482421875 235.3249969482421875 237.5500030517578125 241.34375 244.8874969482421875 249.256256103515625 251.693756103515625 253.6750030517578125 256.01251220703125 258.287506103515625 258.95001220703125 255.5124969482421875 252.4187469482421875 250.3249969482421875 249.537506103515625 253.46875 261.40625 270.931243896484375 281.443756103515625 291.39373779296875 302.4375 311.443756103515625 320.33123779296875 328.743743896484375 337.17498779296875 346.86248779296875 354.51873779296875 358.88751220703125 361.88751220703125 364.131256103515625 359.243743896484375 351.100006103515625 341.0625 330.625 323.743743896484375 326.28125 335.92498779296875
227.4375 227.899993896484375 231.3125 236.4812469482421875 239.806243896484375 236.024993896484375 233.96875 233.1125030517578125 233.8000030517578125 235.600006103515625 239.412506103515625 244.7937469482421875 250.274993896484375 255.3187408447265625 259.40625 262.29376220703125 265.931243896484375 269.07501220703125 269.92498779296875 266.67498779296875 262.649993896484375 259.54998779296875 259.41876220703125 262.6875 268.962493896484375 278.48748779296875 288.11248779296875 297.037506103515625 307.98126220703125 316.23126220703125 325.26873779296875 334.162506103515625 342.54376220703125 352.568756103515625 360.95001220703125 365.95623779296875 369.256256103515625 373.662506103515625 371.60626220703125 365.65625 359.75 353.08123779296875 349.28125 348.618743896484375 355.9375
228.431243896484375 227.850006103515625 229.8249969482421875 232.6437530517578125 233.725006103515625 231.662506103515625 231.556243896484375 230.5 232.15625 235.006256103515625 239.8125 246.6437530517578125 253.975006103515625 261.58123779296875 267.07501220703125 270.86248779296875 273.725006103515625 276.32501220703125 276.01873779296875 274.01873779296875 269.84375 266.806243896484375 266.993743896484375 269.837493896484375 276.743743896484375 284.96875 293.20001220703125 302.14373779296875 311.243743896484375 320.881256103515625 330.024993896484375 339.056243896484375 348.368743896484375 358.875 368.17498779296875 373.11248779296875 379.26873779296875 382.493743896484375 380.712493896484375 378.16876220703125 378.82501220703125 375.912506103515625 374.64373779296875 378.17498779296875 385.51251220703125
230.9375 229.931243896484375 231.2624969482421875 232.5124969482421875 231.59375 229.9499969482421875 228.774993896484375 228.1125030517578125 229.118743896484375 233.962493896484375 241.375 249.8874969482421875 260.493743896484375 271.10626220703125 276.35626220703125 280.01873779296875 282.306243896484375 282.85626220703125 281.662506103515625 280.100006103515625 276.54376220703125 273.76251220703125 273.23748779296875 277.32501220703125 283.11248779296875 290.787506103515625 298.32501220703125 305.1875 313.962493896484375 325.57501220703125 335 343.38751220703125 354.118743896484375 366.118743896484375 375.5 382.287506103515625 388.42498779296875 392.712493896484375 390.95001220703125 394.6875 397.29998779296875 397.85626220703125 400.743743896484375 408.412506103515625 423.63751220703125
233.006256103515625 231.84375 231.975006103515625 232.0625 229.5437469482421875 227.9187469482421875 226.6750030517578125 225.3874969482421875 226.8312530517578125 231.0500030517578125 239.693756103515625 253.068756103515625 267.381256103515625 279.23748779296875 285.037506103515625 288.17498779296875 291.20623779296875 291.225006103515625 288.26251220703125 285.381256103515625 282.41876220703125 280.15625 279.6875 282.98126220703125 288.13751220703125 294.33123779296875 300.95001220703125 308.54998779296875 318.037506103515625 328.787506103515625 339.949981689453125 349.618743896484375 360.631256103515625 373.95623779296875 384.524993896484375 391.73126220703125 397.475006103515625 400.84375 403.318756103515625 408.4375 412.04376220703125 416.1875 423 433.774993896484375 451.13751220703125
236.493743896484375 234.3312530517578125 233.4562530517578125 231.6062469482421875 228.84375 227.0749969482421875 224.493743896484375 222.524993896484375 222.068756103515625 227.056243896484375 238.5749969482421875 255.4499969482421875 275.08123779296875 290.11248779296875 295.587493896484375 297.524993896484375 299.475006103515625 297.70623779296875 294.13751220703125 289.29376220703125 287.26251220703125 285.381256103515625 284.943756103515625 287.375 291.98126220703125 296.162506103515625 303.4375 311.65625 320.881256103515625 331.524993896484375 343.493743896484375 355.493743896484375 367.899993896484375 380.61248779296875 391.51873779296875 398.693756103515625 403.399993896484375 410.60626220703125 414.59375 418.587493896484375 423.649993896484375 428.306243896484375 436.943756103515625 447.912506103515625 461.756256103515625
242.3562469482421875 239.381256103515625 237.625 235.006256103515625 231.78125 228.212493896484375 225.100006103515625 221.1125030517578125 218.881256103515625 222.25 235.4625091552734375 257.13751220703125 280.59375 297.70623779296875 304.01873779296875 306.350006103515625 306.91876220703125 304.09375 299.587493896484375 294 291.04376220703125 289.743743896484375 288.54376220703125 289.73126220703125 293.318756103515625 297.850006103515625 304.493743896484375 312.53125 321.95623779296875 333.11248779296875 346.5625 359.10626220703125 373.193756103515625 386.837493896484375 397.86248779296875 403.17498779296875 410.96875 416.368743896484375 417.818756103515625 421.76873779296875 427.056243896484375 432.70623779296875 440.006256103515625 450.399993896484375 459.95623779296875
248.537506103515625 245.2687530517578125 242.2375030517578125 239.0812530517578125 235.3874969482421875 231.5124969482421875 228.2937469482421875 222.8625030517578125 217.4875030517578125 215.3874969482421875 232.756256103515625 263.8125 288.40625 303.256256103515625 310.712493896484375 313.875 314.318756103515625 310.51251220703125 304.931243896484375 298.20623779296875 295.25 292.21875 290.912506103515625 291.48126220703125 294.600006103515625 299.181243896484375 305.649993896484375 314.024993896484375 323.193756103515625 335.368743896484375 349.368743896484375 362.868743896484375 378.34375 393.07501220703125 404.399993896484375 409.899993896484375 415.412506103515625 418.649993896484375 420.34375 422.337493896484375 424.76251220703125 429.98748779296875 438.625 447.40625 454.100006103515625
254.4562530517578125 250.8312530517578125 247.21875 244.2624969482421875 240.8249969482421875 237.993743896484375 234.4250030517578125 229.5625 224.90625 220.6687469482421875 250.5749969482421875 282.92498779296875 300.85626220703125 311.712493896484375 318.53125 321.42498779296875 320.931243896484375 317.11248779296875 311.3125 303.82501220703125 299.28125 294.587493896484375 292.087493896484375 292.256256103515625 294.943756103515625 299.65625 305.5 313.600006103515625 322.993743896484375 336.756256103515625 350.818756103515625 363.84375 379.79376220703125 395.693756103515625 407.26251220703125 412.36248779296875 415.04376220703125 417.931243896484375 419.45001220703125 419.912506103515625 420.225006103515625 426.0625 432.08123779296875 437.46875 444.125
260.01251220703125 254.5749969482421875 251.6875 248.899993896484375 246.2687530517578125 244.274993896484375 241.899993896484375 241.756256103515625 246.5812530517578125 263.09375 299 309.975006103515625 316 322.59375 327.350006103515625 328.662506103515625 328.35626220703125 322.8125 315.712493896484375 307.92498779296875 300.45623779296875 294.649993896484375 291.59375 291.649993896484375 293.84375 298.212493896484375 304.70001220703125 313.037506103515625 322.92498779296875 337.256256103515625 350.34375 362.23748779296875 375.48126220703125 387.34375 400.287506103515625 404.46875 405.587493896484375 407.993743896484375 407.818756103515625 405.76251220703125 405.681243896484375 409.35626220703125 413.04376220703125 418.88751220703125 424.4375
265.818756103515625 260.21875 256.85626220703125 253.431243896484375 252.618743896484375 252.556243896484375 252.84375 257.431243896484375 268.26873779296875 286.993743896484375 308.96875 322.306243896484375 328.32501220703125 333.5625 336.25 337.29376220703125 336.20623779296875 330.28125 320.73748779296875 311.149993896484375 299.90625 293.34375 289.61248779296875 289.41876220703125 292.125 296.20623779296875 303.28125 312.53125 322.162506103515625 335.237518310546875 346.931243896484375 359.39373779296875 372.13751220703125 381.693756103515625 389.45623779296875 392.65625 393.29998779296875 394.32501220703125 392.84375 389.681243896484375 389.23126220703125 391.443756103515625 393.04998779296875 397.10626220703125 402.14373779296875
