data/historical-monthly-weather-data/wc2.1_cruts4.09_10m_prec_2019-05.asc
ncols        45
nrows        45
xllcorner    -63.500000000000
yllcorner    -7.500000000000
cellsize     0.166666666667
NODATA_value -9999
[rows 0 to 19 of 45, columns 0 to 43 of 45]
386.868743896484375 377.95623779296875 377.931243896484375 386.318756103515625 391.662506103515625 396.57501220703125 396.64373779296875 399.08123779296875 400.443756103515625 405.03125 406.6875 401.962493896484375 399.1875 396.912506103515625 390.42498779296875 385.943756103515625 379.875 371.76873779296875 366.88751220703125 365.375 366.48748779296875 367.506256103515625 372.506256103515625 371.631256103515625 372.23126220703125 374.58123779296875 372.087493896484375 371.11248779296875 367.162506103515625 366.756256103515625 361.600006103515625 359.29998779296875 358.88751220703125 356.64373779296875 354.23126220703125 351.92498779296875 347.63751220703125 339.975006103515625 330.537506103515625 322.54376220703125 311.83123779296875 301.431243896484375 288.36248779296875 279.51873779296875
379.725006103515625 369.368743896484375 373.6875 383.881256103515625 394.475006103515625 401.087493896484375 401.850006103515625 405.23126220703125 409.53125 411.07501220703125 413.287506103515625 408.08123779296875 402.399993896484375 396.96875 388.23748779296875 380.13751220703125 372.118743896484375 361.76251220703125 357.618743896484375 355.38751220703125 356.79376220703125 359.70623779296875 362.556243896484375 365.318756103515625 366.100006103515625 366.60626220703125 367.13751220703125 366.6875 364.90625 362.73748779296875 358.412506103515625 360.36248779296875 357.23748779296875 357.40625 353.931243896484375 344.91876220703125 340.48126220703125 331.53125 322.6875 308.32501220703125 296.04376220703125 288.14373779296875 274.443756103515625 260.79376220703125
361.32501220703125 355.806243896484375 364.98748779296875 375.79376220703125 385.8125 395.125 402.25 410.65625 416.693756103515625 418.899993896484375 419.54376220703125 411.65625 402.881256103515625 392.318756103515625 382.42498779296875 374.36248779296875 363.75 352.71875 348.64373779296875 347.79376220703125 350.40625 356.568756103515625 360.71875 362.73748779296875 363.67498779296875 367.45001220703125 369.90625 367.98748779296875 364.125 361.881256103515625 358.306243896484375 357.881256103515625 357.943756103515625 354.443756103515625 351.962493896484375 341.193756103515625 333.975006103515625 325.33123779296875 314.26873779296875 301.90625 292.01873779296875 279.587493896484375 268.537506103515625 255.618743896484375
338.01251220703125 332.04376220703125 349.46875 361.693756103515625 374.3125 384.412506103515625 395.04376220703125 408.837493896484375 421.58123779296875 426.45623779296875 423.712493896484375 413.1875 398.962493896484375 386.46875 375.11248779296875 364.443756103515625 352.14373779296875 342.84375 339.368743896484375 342.28125 351.1875 356.6875 359.912506103515625 363.125 364.45623779296875 366.09375 369.287506103515625 365.23126220703125 361.274993896484375 362.17498779296875 359.61248779296875 358.5 355.21875 349.60626220703125 342.95623779296875 337.46875 330.95001220703125 321.25 310.399993896484375 298.712493896484375 286.875 277.899993896484375 263.91876220703125 250.818756103515625
336.381256103515625 327.76251220703125 329.125 342.256256103515625 358.85626220703125 369.53125 383.850006103515625 401.75 421.26873779296875 431.85626220703125 423.887481689453125 406.67498779296875 394.412506103515625 382.118743896484375 369.4375 356.1875 342.212493896484375 334.443756103515625 331.92498779296875 337.61248779296875 347.787506103515625 353.3125 356.056243896484375 363.63751220703125 363.63751220703125 365.26251220703125 362.149993896484375 362.443756103515625 360.100006103515625 359.487518310546875 359.306243896484375 356.17498779296875 350.712493896484375 347.39373779296875 341.618743896484375 332.912506103515625 327.26251220703125 319.631256103515625 309.725006103515625 297.29376220703125 286.88751220703125 274.75 261.943756103515625 250.899993896484375
328.649993896484375 322.17498779296875 322.83123779296875 322.95001220703125 340.78125 357.8125 372.868743896484375 388.1875 409.03125 422.125 416.70001220703125 398.26251220703125 389.4375 379.96875 365.318756103515625 356.08123779296875 341.243743896484375 333.024993896484375 332.88751220703125 340.943756103515625 348.85626220703125 355.850006103515625 361.962493896484375 362.84375 364.10626220703125 365.41876220703125 363.01251220703125 360.82501220703125 360.524993896484375 360.556243896484375 360.125 358.92498779296875 352.881256103515625 348.225006103515625 341.631256103515625 335.600006103515625 329.26251220703125 322.037506103515625 316.98126220703125 305.76251220703125 293.26873779296875 282.71875 270 259.46875
323.5625 316.90625 317.86248779296875 319.899993896484375 327.649993896484375 337.95001220703125 351.556243896484375 366.01251220703125 373.131256103515625 386.35626220703125 390.649993896484375 383.15625 379.57501220703125 374.26873779296875 364.21875 354.54998779296875 346.774993896484375 342.818756103515625 342.20623779296875 350.70001220703125 354.76873779296875 358.45623779296875 359.537506103515625 362.912506103515625 365.537506103515625 369.76251220703125 365.45001220703125 362.25 357.96875 358.60626220703125 359.225006103515625 355.51873779296875 348.118743896484375 343.33123779296875 338.462493896484375 335.66876220703125 329.39373779296875 323.67498779296875 320.40625 313.212493896484375 300.3125 288.41876220703125 276.89373779296875 268.82501220703125
317.631256103515625 311.29998779296875 312.84375 318.318756103515625 326.15625 336.15625 338.443756103515625 333.462493896484375 329.443756103515625 345 363.556243896484375 367.337493896484375 371.58123779296875 369.13751220703125 363.58123779296875 358.743743896484375 353.337493896484375 353.931243896484375 354.568756103515625 357.375 363.375 363.568756103515625 363.625 361.58123779296875 366.15625 363.274993896484375 363.3125 358.743743896484375 355.306243896484375 356.04998779296875 356.13751220703125 352.181243896484375 346.36248779296875 338.67498779296875 330.95001220703125 327.54376220703125 324.600006103515625 322.475006103515625 317.587493896484375 307.45623779296875 299.875 289.774993896484375 280.82501220703125 271.337493896484375
313.618743896484375 308.818756103515625 312.64373779296875 316.868743896484375 323.037506103515625 330.375 332.256256103515625 329.587493896484375 318.556243896484375 319.39373779296875 338.006256103515625 351.256256103515625 363.34375 363.774993896484375 361.96875 362.45001220703125 361.274993896484375 365.26251220703125 370.53125 366.412506103515625 362.78125 366.10626220703125 360.28125 366.25 363.125 358.6875 355.01873779296875 355.78125 357.774993896484375 356.20623779296875 358.57501220703125 352.84375 340.024993896484375 329.087493896484375 323.868743896484375 322.3125 320.912506103515625 319.98748779296875 318.350006103515625 308.34375 298.412506103515625 289.28125 284.5 279.556243896484375
308.912506103515625 307.243743896484375 311.63751220703125 317.649993896484375 320.725006103515625 327.85626220703125 331.475006103515625 331.806243896484375 329.368743896484375 333.17498779296875 342.90625 345.443756103515625 358.98126220703125 360.475006103515625 363.756256103515625 363.993743896484375 365.125 369.899993896484375 376.90625 379.431243896484375 371.46875 364.11248779296875 358.88751220703125 361.20001220703125 354.96875 350.79376220703125 347.399993896484375 348.85626220703125 353.78125 357.068756103515625 354.28125 346.975006103515625 337.631256103515625 327.399993896484375 318.28125 316.375 314.375 314.706268310546875 314.73126220703125 311.8125 307.36248779296875 302.38751220703125 291.21875 281.431243896484375
304.256256103515625 305.67498779296875 309.51251220703125 316.193756103515625 319.649993896484375 328.17498779296875 333.40625 332.84375 333.368743896484375 340.5625 350.89373779296875 357.287506103515625 355.806243896484375 360.068756103515625 361.850006103515625 362.95001220703125 366.16876220703125 372.95623779296875 379.662506103515625 386.54998779296875 389.88751220703125 375.837493896484375 362.506256103515625 344.837493896484375 347.35626220703125 348.38751220703125 345.66876220703125 347.056243896484375 347.193756103515625 346.66876220703125 346.61248779296875 342.28125 331.993743896484375 321.09375 310.88751220703125 306.274993896484375 304.725006103515625 307.024993896484375 311.71875 312.625 311.13751220703125 305.20001220703125 300.66876220703125 287.756256103515625
303.068756103515625 304 308.90625 315.6875 321.21875 326.21875 334.5625 338.806243896484375 342.84375 345.462493896484375 354.57501220703125 364.65625 357.193756103515625 358.431243896484375 362.931243896484375 361.45623779296875 364.16876220703125 370.66876220703125 378.774993896484375 390.70001220703125 398.64373779296875 391.287506103515625 375.21875 353.20001220703125 340.04998779296875 332.5 329.006256103515625 331.9375 337.006256103515625 336.39373779296875 332.01251220703125 327.89373779296875 318.13751220703125 307.54376220703125 300.943756103515625 300.67498779296875 301.931243896484375 302.631256103515625 305.58123779296875 308.256256103515625 310.4375 305.543731689453125 296.23748779296875 275.149993896484375
302.98748779296875 302.412506103515625 306.79376220703125 313.92498779296875 318.962493896484375 326.506256103515625 332.006256103515625 335.412506103515625 340.83123779296875 348.243743896484375 356.181243896484375 363.543731689453125 362.29376220703125 350.193756103515625 351.11248779296875 355.806243896484375 358.181243896484375 364.875 372.431243896484375 384.024993896484375 396.662506103515625 388.32501220703125 373.71875 351.76873779296875 321.64373779296875 309.04376220703125 316.1875 322.16876220703125 329.806243896484375 330.818756103515625 324 314.90625 303.962493896484375 292.65625 287.568756103515625 291.35626220703125 295.26873779296875 300.356231689453125 306.850006103515625 309.65625 309.54376220703125 305.64373779296875 287.63751220703125 270.70623779296875
296.57501220703125 297.58123779296875 303.51251220703125 310.100006103515625 316.943756103515625 322.58123779296875 327.100006103515625 331.881256103515625 339.625 346.35626220703125 347.61248779296875 351.08123779296875 350.45623779296875 345.65625 334.60626220703125 342.618743896484375 344.95001220703125 349.35626220703125 359.20623779296875 371.09375 379.48748779296875 374.64373779296875 364.07501220703125 347.92498779296875 324.70623779296875 309.899993896484375 310.26873779296875 312.131256103515625 318.306243896484375 316.056243896484375 314.26251220703125 304.03125 292.95001220703125 282.29998779296875 275.743743896484375 283.54376220703125 292.962493896484375 302.29998779296875 310.956268310546875 310.66876220703125 299.287506103515625 286.100006103515625 280.95001220703125 279.20623779296875
290.587493896484375 293.63751220703125 300.443756103515625 306.45001220703125 312.162506103515625 318.15625 325.73748779296875 332.51873779296875 337.13751220703125 339.38751220703125 339.14373779296875 340.243743896484375 336.524993896484375 330.993743896484375 314.90625 320.23748779296875 325.07501220703125 333.76873779296875 342.993743896484375 352.524993896484375 361.54376220703125 361.54998779296875 357.806243896484375 353.712493896484375 343.1875 332.76251220703125 326.48748779296875 324.67498779296875 324.41876220703125 318.29998779296875 305.76251220703125 293.64373779296875 286.431243896484375 271.125 259.068756103515625 264.58123779296875 286.787506103515625 304.162506103515625 309.743743896484375 303.92498779296875 290.506256103515625 284.92498779296875 288.71875 285.20623779296875
283.881256103515625 286.71875 295.131256103515625 302.443756103515625 307.39373779296875 315.28125 323.5 329.42498779296875 331.306243896484375 333.76873779296875 331.61248779296875 330.21875 325.78125 321.96875 309.787506103515625 296.40625 305.46875 320.85626220703125 326.60626220703125 335.35626220703125 344.85626220703125 353.79998779296875 359.21875 363.76251220703125 358.01251220703125 347.42498779296875 339.0625 332.506256103515625 329.681243896484375 323.92498779296875 315.243743896484375 300.3125 278.862518310546875 258.25 244.7937469482421875 265.07501220703125 280.48748779296875 296.17498779296875 304.306243896484375 304.28125 295.912506103515625 290.04376220703125 288.125 278.649993896484375
278.84375 282.54998779296875 288.9375 297.53125 305.649993896484375 311.100006103515625 317.225006103515625 321.92498779296875 325.71875 327.38751220703125 326.64373779296875 326.681243896484375 321.024993896484375 315.1875 306.875 297.693756103515625 286.537506103515625 299.15625 310.20001220703125 320.04998779296875 330.837493896484375 341.399993896484375 355.09375 369.524993896484375 373.16876220703125 353.45623779296875 341.399993896484375 335.681243896484375 332.524993896484375 326.087493896484375 318.8125 308.774993896484375 288.76873779296875 269.993743896484375 269.73748779296875 277.193756103515625 292.712493896484375 308.23126220703125 320.712493896484375 311.5625 299.88751220703125 290.29376220703125 280.181243896484375 274.58123779296875
272.07501220703125 277.818756103515625 285.712493896484375 293.23126220703125 301.318756103515625 309.725006103515625 313.98748779296875 316.899993896484375 318.79998779296875 321.375 321.10626220703125 323.774993896484375 315.118743896484375 311.21875 303.79998779296875 296.71875 286.712493896484375 277.85626220703125 298.82501220703125 306.412506103515625 316.14373779296875 328.79998779296875 343.681243896484375 359.943756103515625 367.506256103515625 354.13751220703125 337.3125 335.306243896484375 333.837493896484375 322.631256103515625 304.95623779296875 290.006256103515625 294.537506103515625 289.95623779296875 284.67498779296875 303.89373779296875 318.90625 323.256256103515625 325.962493896484375 318.35626220703125 297.86248779296875 286.256256103515625 276.01873779296875 270.86248779296875
265.1875 271.73748779296875 279.037506103515625 289.13751220703125 298.774993896484375 304.92498779296875 310.287506103515625 314.79376220703125 316.79376220703125 320.89373779296875 318.79998779296875 312.29998779296875 306.01873779296875 303.10626220703125 296.662506103515625 292.943756103515625 288.09375 275.78125 276.806243896484375 286.231231689453125 297.76873779296875 315.38751220703125 313.712493896484375 332.787506103515625 342.131256103515625 345.09375 339.875 331.42498779296875 330.199981689453125 318.975006103515625 305.83123779296875 299.95001220703125 302.368743896484375 298.693756103515625 298.1875 312.274993896484375 318.20623779296875 318.59375 321.29998779296875 309.443756103515625 291.774993896484375 278.26251220703125 271.600006103515625 269.318756103515625
257.08123779296875 264.61248779296875 273.14373779296875 280.9375 291.462493896484375 302.756256103515625 309.89373779296875 314.149993896484375 316.23748779296875 316.82501220703125 317.83123779296875 316.79998779296875 314.91876220703125 306.712493896484375 297.443756103515625 282.64373779296875 270.881256103515625 273.79998779296875 272.90625 278.01251220703125 279.65625 290.287506103515625 305.90625 315.6875 319.89373779296875 317.60626220703125 319.21875 323.48748779296875 317.100006103515625 303.850006103515625 298.75 309.29998779296875 307.17498779296875 301.70001220703125 305.25 314.556243896484375 318.912506103515625 319.225006103515625 313.475006103515625 303.38751220703125 283.631256103515625 270.056243896484375 267.725006103515625 265.618743896484375
