data/historical-monthly-weather-data/wc2.1_cruts4.09_10m_prec_1955-11.asc
ncols        45
nrows        45
xllcorner    -63.500000000000
yllcorner    -7.500000000000
cellsize     0.166666666667
NODATA_value -9999
[rows 20 to 39 of 45, columns 0 to 43 of 45]
236.8249969482421875 238.0625 239.7937469482421875 241.4187469482421875 242.25 245.2062530517578125 248.0500030517578125 249.25 248.9375 246.1062469482421875 241.6999969482421875 235.962493896484375 228.4499969482421875 218.256256103515625 210.0625 201.5437469482421875 194.2937469482421875 191.03125 192.493743896484375 193.274993896484375 195.8562469482421875 196.125 194.181243896484375 194.4875030517578125 195.024993896484375 193.3312530517578125 188.912506103515625 180.381256103515625 170.181243896484375 162.4187469482421875 156.662506103515625 157.493743896484375 163.3312530517578125 171.1750030517578125 179.443756103515625 189.5 197.806243896484375 206.25 211.9187469482421875 217.350006103515625 220.818756103515625 222.21875 221.3937530517578125 219.006256103515625
239.243743896484375 239.3249969482421875 242.4187469482421875 245.3249969482421875 248.0187530517578125 252 256.84375 259.79376220703125 262.15625 261.38751220703125 258.29376220703125 254.59375 248.1125030517578125 237.5124969482421875 227.1374969482421875 216.8125 209.100006103515625 202.787506103515625 199.587493896484375 198.1062469482421875 195.943756103515625 194.1999969482421875 192.9187469482421875 192.90625 192.5749969482421875 191.368743896484375 189.8937530517578125 184.162506103515625 178.2375030517578125 173.068756103515625 167.5625 167.6062469482421875 173.09375 182.4375 192.524993896484375 202.3874969482421875 210.756256103515625 218.25 221.662506103515625 226.100006103515625 228.475006103515625 228.975006103515625 228.3312530517578125 227.09375
242.006256103515625 243.90625 247.087493896484375 250.693756103515625 254.4187469482421875 258.875 263.63751220703125 269.587493896484375 274.493743896484375 275.0625 274.693756103515625 272.756256103515625 271.41876220703125 261.41876220703125 245.912506103515625 232.0500030517578125 221.8125 213.337493896484375 206.5812530517578125 201.631256103515625 197.649993896484375 193.8312530517578125 190.6999969482421875 190.318756103515625 191.212493896484375 191.2687530517578125 190.350006103515625 188.1875 184.0500030517578125 180.1125030517578125 177.1125030517578125 177.318756103515625 184.53125 194.625 204.6999969482421875 215.2937469482421875 223.931243896484375 229.1062469482421875 231.1687469482421875 234.243743896484375 236.806243896484375 236.381256103515625 235.306243896484375 233.8937530517578125
246.1999969482421875 248.4562530517578125 251.975006103515625 254.649993896484375 258.881256103515625 264.57501220703125 270.03125 276.60626220703125 280.587493896484375 282.274993896484375 283.04998779296875 286.149993896484375 288.15625 276.368743896484375 257.84375 242.412506103515625 230.5124969482421875 220.34375 211.1125030517578125 203.0812530517578125 197.774993896484375 192.7937469482421875 187.993743896484375 187.7062530517578125 188.8562469482421875 189.193756103515625 191.975006103515625 189.8312530517578125 188.618743896484375 186.34375 185.962493896484375 187.4812469482421875 194.875 204.4562530517578125 215.225006103515625 227.568756103515625 236.600006103515625 239.5625 241.2624969482421875 243.3125 244.8312530517578125 244.068756103515625 242.8874969482421875 241.1750030517578125
254.243743896484375 255.125 258.225006103515625 260.931243896484375 265.90625 270.256256103515625 274.57501220703125 279.962493896484375 284.131256103515625 286.037506103515625 287.75 287.712493896484375 286.98748779296875 277.70623779296875 262.61248779296875 248.1999969482421875 236.1062469482421875 224.056243896484375 213.6374969482421875 204.1999969482421875 197.2624969482421875 190.1812591552734375 185.462493896484375 184.743743896484375 185.350006103515625 188.0625 191.1125030517578125 192.2312469482421875 192.125 192.7687530517578125 193.0812530517578125 195.493743896484375 202.993743896484375 212.368743896484375 221.9562530517578125 232.649993896484375 241.90625 245.587493896484375 248.15625 251.131256103515625 252.193756103515625 251.2687530517578125 251.368743896484375 251.4375
266.59375 267.35626220703125 266.012481689453125 268.76251220703125 271.243743896484375 273.975006103515625 276.743743896484375 280.693756103515625 283.83123779296875 285.662506103515625 286.431243896484375 285.45623779296875 281.60626220703125 273.54376220703125 262.26251220703125 250.5500030517578125 239.8249969482421875 227.431243896484375 216.0812530517578125 205.943756103515625 197.600006103515625 189.4812469482421875 182.850006103515625 180.7937469482421875 182.600006103515625 186.6062469482421875 191.5749969482421875 194.84375 196.868743896484375 198.756256103515625 199.681243896484375 202.3874969482421875 210.006256103515625 217.6999969482421875 226.462493896484375 235.931243896484375 244.193756103515625 249.9812469482421875 254.8125 258.193756103515625 260.399993896484375 259.493743896484375 257.45001220703125 259.03125
280.181243896484375 277.84375 275.100006103515625 274.39373779296875 273.76873779296875 274.45623779296875 277.649993896484375 279.67498779296875 279.837493896484375 281 282.412506103515625 280.431243896484375 275.587493896484375 268.28125 259.100006103515625 248.34375 238.962493896484375 227.7312469482421875 216.975006103515625 206.2375030517578125 197.2375030517578125 188.4812469482421875 180.818756103515625 179.0749969482421875 182.412506103515625 186.631256103515625 191.837493896484375 196.21875 200.243743896484375 201.78125 204.056243896484375 207.125 215.3937530517578125 223.2937469482421875 230.4250030517578125 239.09375 246.899993896484375 252.506256103515625 259.15625 264.14373779296875 267.48126220703125 266.256256103515625 264.381256103515625 264.412506103515625
294.26873779296875 288.76251220703125 283.42498779296875 278.975006103515625 276.068756103515625 274.556243896484375 275.82501220703125 277.256256103515625 277.32501220703125 277.556243896484375 276.600006103515625 273.975006103515625 268.725006103515625 261.662506103515625 254.4875030517578125 245.6437530517578125 236.8249969482421875 227.3125 217.09375 207.15625 198.5812530517578125 189.443756103515625 183.431243896484375 182.9875030517578125 185.2687530517578125 188.3874969482421875 193.0749969482421875 198.256256103515625 202.4562530517578125 204.412506103515625 206.0625 209.5437469482421875 217.9812469482421875 225.25 233.5187530517578125 241.7062530517578125 248.9875030517578125 256.087493896484375 261.96875 270.28125 276.76251220703125 276.212493896484375 269.712493896484375 268.375
307.01251220703125 298.412506103515625 288.70623779296875 281.524993896484375 276.25 273.16876220703125 272.73126220703125 273.11248779296875 273.9375 273.21875 271.73748779296875 267.76251220703125 262.78125 255.71875 249.3874969482421875 243.2062530517578125 236.6437530517578125 226.9375 217.5187530517578125 208.443756103515625 200.587493896484375 192.1062469482421875 186.712493896484375 187.350006103515625 189.006256103515625 191.162506103515625 196.1437530517578125 200.493743896484375 204.9812469482421875 206.162506103515625 207.943756103515625 210.875 218.3625030517578125 226.1999969482421875 235.3625030517578125 243.2937469482421875 250.8000030517578125 257.318756103515625 263.662506103515625 271 280.10626220703125 278.64373779296875 274.90625 279.056243896484375
310.46875 299.84375 288.431243896484375 277.20623779296875 271.38751220703125 268.649993896484375 267.92498779296875 268.23126220703125 268.475006103515625 266.59375 264.95001220703125 261.600006103515625 257.225006103515625 251.8625030517578125 246.3562469482421875 240.9375 233.6687469482421875 226.181243896484375 217.28125 209.024993896484375 201.743743896484375 195.493743896484375 190.7062530517578125 190.5124969482421875 191.850006103515625 194.1687469482421875 198.5 202.125 205.712493896484375 207.9875030517578125 209.9499969482421875 213.0187530517578125 220.4562530517578125 229.162506103515625 237.9375 244.556243896484375 250.8125 258.412506103515625 262.04998779296875 267.6875 275.67498779296875 282.768768310546875 285.21875 293.056243896484375
310.337493896484375 298.70001220703125 286.506256103515625 274.712493896484375 266.868743896484375 265.256256103515625 264.39373779296875 263.83123779296875 262.212493896484375 261.162506103515625 259.743743896484375 256.82501220703125 253.712493896484375 247.743743896484375 243.3000030517578125 238.693756103515625 233.40625 225.9250030517578125 217.1062469482421875 211.381256103515625 205.368743896484375 199.662506103515625 195.1374969482421875 194.6687469482421875 194.9250030517578125 197.0437469482421875 200.225006103515625 203.6125030517578125 206.462493896484375 208.8249969482421875 211.59375 215.537506103515625 222.743743896484375 232.462493896484375 240.243743896484375 246.181243896484375 252.625 261.29376220703125 263.381256103515625 261.53125 270.89373779296875 284.712493896484375 293.95001220703125 302.743743896484375
307.350006103515625 296.1875 284.08123779296875 273.962493896484375 267.193756103515625 262.51873779296875 260.75 258.899993896484375 256.850006103515625 255.131256103515625 253.881256103515625 252.0187530517578125 249.068756103515625 244.9812469482421875 242.3125 238.6374969482421875 233.8625030517578125 227.087493896484375 220.287506103515625 215.53125 210.0625 204.1125030517578125 199.181243896484375 198.1687469482421875 198.7624969482421875 199.625 201.71875 204.3874969482421875 206.443756103515625 209.9187469482421875 213.431243896484375 217.287506103515625 225.056243896484375 234.0187530517578125 243.399993896484375 249.5500030517578125 256.0625 262.98748779296875 263.375 265.03125 278.13751220703125 295.07501220703125 308.212493896484375 324.15625
294.41876220703125 285.600006103515625 275.443756103515625 267.318756103515625 261.08123779296875 255.3562469482421875 252.318756103515625 249.90625 247.556243896484375 246.2062530517578125 247.53125 246.0500030517578125 245.1999969482421875 244.6687469482421875 242.09375 239.212493896484375 234.412506103515625 230.431243896484375 225.53125 221.274993896484375 215.9250030517578125 209.2437591552734375 203.256256103515625 201.7687530517578125 201.9375 201.9875030517578125 203.368743896484375 204.9499969482421875 207.28125 211.1062469482421875 215.1875 219.6062469482421875 227.5 236.256256103515625 246.6374969482421875 254.0500030517578125 262.25 268.818756103515625 270.193756103515625 279.61248779296875 293.375 310.04998779296875 327.662506103515625 349.5625
279.26251220703125 273.068756103515625 265.16876220703125 259.32501220703125 253.3874969482421875 247.6062469482421875 242.7312469482421875 240.0749969482421875 238.0124969482421875 236.868743896484375 238.4499969482421875 240.431243896484375 242.4499969482421875 242.712493896484375 241.1999969482421875 239.212493896484375 236.368743896484375 233.6437530517578125 230.2624969482421875 226.9812469482421875 221.1687469482421875 214.2375030517578125 207.899993896484375 205.475006103515625 204.8000030517578125 203.787506103515625 204.9375 205.5187530517578125 207.2937469482421875 211.537506103515625 216.375 222.256256103515625 230.5749969482421875 239.693756103515625 250.568756103515625 259.6875 267.662506103515625 273.524993896484375 280.524993896484375 293.26873779296875 306.71875 324.306243896484375 346.8125 373.04998779296875
265.48126220703125 261.26873779296875 255.3937530517578125 250.100006103515625 245.40625 239.25 233.399993896484375 230.125 226.475006103515625 226.493743896484375 229.962493896484375 234.993743896484375 239.443756103515625 242.9250030517578125 243.037506103515625 240.2937469482421875 238.506256103515625 236.9875030517578125 234.65625 231.881256103515625 226.46875 219.3000030517578125 212.2687530517578125 208.3937530517578125 206.0500030517578125 204.931243896484375 204.837493896484375 205.53125 206.537506103515625 211.46875 217.6875 224.149993896484375 232.568756103515625 242.975006103515625 252.8125 261.28125 269.63751220703125 281.712493896484375 291.10626220703125 302.67498779296875 317.318756103515625 333.806243896484375 355.76873779296875 380.64373779296875
252.087493896484375 248.493743896484375 243.756256103515625 238.881256103515625 234.618743896484375 229.149993896484375 223.65625 218.3249969482421875 213.4250030517578125 212.1374969482421875 217.3562469482421875 224.962493896484375 233.5 240.506256103515625 241.149993896484375 241.1750030517578125 239.125 238.90625 238.3312530517578125 237.381256103515625 231.837493896484375 223.1999969482421875 215.4875030517578125 211.2375030517578125 208.212493896484375 206.0749969482421875 205.7937469482421875 206.368743896484375 207.3937530517578125 211.65625 218.787506103515625 225.2750091552734375 234.34375 244.4250030517578125 252.7375030517578125 260.58123779296875 273.95623779296875 285.975006103515625 294.806243896484375 307.45623779296875 322.774993896484375 337.037506103515625 354.83123779296875 376.068756103515625
238.8125 236.306243896484375 232.7624969482421875 228.962493896484375 224.9250030517578125 220.1374969482421875 214.3937530517578125 208.53125 201.96875 196.806243896484375 204.5625 219.96875 230.462493896484375 237 239.09375 239.8562469482421875 239.068756103515625 239.318756103515625 239.625 238.78125 233.1062469482421875 224.71875 217.243743896484375 212.46875 208.837493896484375 206.899993896484375 205.5124969482421875 206.431243896484375 206.7937469482421875 212.1125030517578125 218.9562530517578125 227.131256103515625 235.725006103515625 245.712493896484375 253.875 263.41876220703125 276.48748779296875 289.42498779296875 299.54376220703125 309.375 322.20001220703125 333.837493896484375 348.443756103515625 366.54376220703125
228.5749969482421875 226.1750030517578125 222.962493896484375 220.100006103515625 216.53125 212.6062469482421875 208.1374969482421875 203.024993896484375 196.9499969482421875 190.5625 205.2624969482421875 222.693756103515625 230.212493896484375 235.53125 237.631256103515625 238.662506103515625 238.537506103515625 238.6750030517578125 238.4375 235.881256103515625 231.3625030517578125 224.625 218.1437530517578125 212.53125 208.962493896484375 206.8000030517578125 205.225006103515625 205.881256103515625 206.631256103515625 212.8874969482421875 217.774993896484375 225.53125 234.818756103515625 244.712493896484375 253.431243896484375 264.58123779296875 278.08123779296875 290.28125 302.287506103515625 312.95001220703125 320.90625 331.306243896484375 340.399993896484375 352.1875
220.7687530517578125 218.6875 216.5187530517578125 213.9250030517578125 210.5500030517578125 207.34375 204.381256103515625 201.368743896484375 200.6374969482421875 206.53125 223.3937530517578125 228.056243896484375 230.8874969482421875 234.9000091552734375 236.3874969482421875 237.1875 237.5749969482421875 237.53125 236.1374969482421875 234.0625 229.34375 223.131256103515625 218.0625 213.431243896484375 208.9562530517578125 206.90625 205.6374969482421875 205.9812469482421875 207.0500030517578125 212.462493896484375 217.931243896484375 224.618743896484375 233.0812530517578125 242.118743896484375 253.881256103515625 265.64373779296875 276.725006103515625 290.100006103515625 300.36248779296875 305.76251220703125 311.868743896484375 320.806243896484375 325.33123779296875 334.412506103515625
213.181243896484375 211.837493896484375 209.9375 207.5124969482421875 205.725006103515625 204.09375 202.1125030517578125 202.037506103515625 204.556243896484375 210.8249969482421875 220.1750030517578125 226.1875 229.5124969482421875 233.2062530517578125 235.0625 235.9250030517578125 237.3249969482421875 236.6999969482421875 234.943756103515625 232.8874969482421875 227.725006103515625 222.15625 216.868743896484375 212.181243896484375 209.1125030517578125 206.600006103515625 205.4375 206.149993896484375 207.118743896484375 211.53125 216.15625 225.131256103515625 235.2937469482421875 244.2312469482421875 255.82501220703125 266.04376220703125 275.51873779296875 286.04376220703125 295.568756103515625 298.01873779296875 302.1875 308.26251220703125 311.04376220703125 314.756256103515625
