data/historical-monthly-weather-data/wc2.1_cruts4.09_10m_prec_2018-03.asc
ncols        51
nrows        45
xllcorner    -63.500000000000
yllcorner    -7.500000000000
cellsize     0.166666666667
NODATA_value -9999
[rows 0 to 19 of 45, columns 0 to 44 of 51]
154.875 153.5625 150.5812530517578125 151.7937469482421875 151.3562469482421875 150.4187469482421875 146.8249969482421875 143.03125 139.6687469482421875 138.9250030517578125 141.056243896484375 144.8000030517578125 148.868743896484375 151.1875 155.2937469482421875 159.53125 165.756256103515625 168.9375 174.4187469482421875 179.399993896484375 183.8312530517578125 187.15625 191.21875 193.568756103515625 197.8312530517578125 202.2062530517578125 207.5625 216.118743896484375 223.8625030517578125 228.5 236.8625030517578125 242.8000030517578125 249.774993896484375 258.95623779296875 266.90625 270.57501220703125 272.17498779296875 273.79998779296875 274.149993896484375 272.600006103515625 271.006256103515625 268.41876220703125 264.162506103515625 260.73748779296875 255.125
161.256256103515625 160.506256103515625 161.6687469482421875 163.78125 165.1374969482421875 163.6062469482421875 159.5812530517578125 156.399993896484375 154.943756103515625 154.28125 155.625 158.0749969482421875 160.8874969482421875 162.899993896484375 166.2312469482421875 170.256256103515625 175.6374969482421875 181.15625 186.931243896484375 192.6125030517578125 196.475006103515625 199.7062530517578125 203.8000030517578125 206.381256103515625 209.412506103515625 213.1687469482421875 217.8125 225.9250030517578125 232.4812469482421875 237.193756103515625 243.5625 251.2687530517578125 257.431243896484375 268.162506103515625 274.625 277.943756103515625 279.84375 280.149993896484375 278.818756103515625 275.318756103515625 272.83123779296875 268.66876220703125 263.006256103515625 257.86248779296875 251.9562530517578125
166.774993896484375 167.2937469482421875 169.9875030517578125 172.912506103515625 174.1999969482421875 173.0124969482421875 171.6687469482421875 170.7624969482421875 170.1687469482421875 170.350006103515625 169.787506103515625 170.631256103515625 172.6875 174.350006103515625 177.412506103515625 182.024993896484375 186.9562530517578125 192.40625 197.256256103515625 202.193756103515625 205.7062530517578125 208.931243896484375 211.350006103515625 214.087493896484375 217.0812530517578125 219.15625 223.881256103515625 231.2312469482421875 236.5500030517578125 240.7375030517578125 247.875 255.381256103515625 262.95623779296875 271.45623779296875 280.975006103515625 282.118743896484375 284.1875 286.09375 283.774993896484375 280.774993896484375 277.35626220703125 271.70001220703125 264.887481689453125 257.993743896484375 252.681243896484375
170.631256103515625 173.024993896484375 178.2375030517578125 181.3312530517578125 183.1750030517578125 182.28125 182.4250030517578125 183.5 185.21875 185.881256103515625 184.28125 183.037506103515625 183.0124969482421875 183.8187408447265625 187.2937469482421875 191.837493896484375 197.931243896484375 203.287506103515625 207.806243896484375 211.600006103515625 215.131256103515625 216.6875 216.975006103515625 219.0812530517578125 221.59375 223.287506103515625 227.7937469482421875 232.6687469482421875 237.5124969482421875 242.818756103515625 248.6125030517578125 257.78125 265.318756103515625 273.85626220703125 282.92498779296875 286.28125 289.037506103515625 291.3125 290.08123779296875 286.181243896484375 280.70001220703125 274.73748779296875 267.274993896484375 258.875 253.024993896484375
179.4875030517578125 180.90625 183.9875030517578125 188.1999969482421875 190.6437530517578125 190.4875030517578125 190.537506103515625 192.9250030517578125 197.1374969482421875 199.899993896484375 196.912506103515625 193.2062530517578125 192.2375030517578125 193.7937469482421875 196.65625 202.006256103515625 207.8562469482421875 213.475006103515625 216.3874969482421875 218.537506103515625 221.556243896484375 221.6374969482421875 222.0749969482421875 224.100006103515625 225.7437591552734375 227.1999969482421875 229.7687530517578125 233.8249969482421875 240.2312469482421875 243.899993896484375 250.881256103515625 258.25 268.024993896484375 277.881256103515625 287.28125 291.443756103515625 294.256256103515625 296.28125 295.54376220703125 290.66876220703125 285.662506103515625 277.57501220703125 268.82501220703125 260.462493896484375 253.1062469482421875
187.381256103515625 189.306243896484375 193.318756103515625 195.087493896484375 194.7687530517578125 194.8625030517578125 194.9375 196.5812530517578125 201.3937530517578125 205.6875 201.0187530517578125 197.399993896484375 197.8937530517578125 199.21875 202.850006103515625 208.1687469482421875 214.149993896484375 218.649993896484375 221.556243896484375 222.6437530517578125 224.59375 225.4812469482421875 226.1875 227.375 228.725006103515625 230.84375 233.25 236.0124969482421875 240.2687530517578125 245.1374969482421875 251.1500091552734375 259.01251220703125 267.85626220703125 280.925018310546875 292.787506103515625 297.17498779296875 302.5625 305.6875 305.17498779296875 301.70001220703125 294.83123779296875 286.76251220703125 277.73126220703125 268.681243896484375 260.38751220703125
193.9499969482421875 195.375 198.3000030517578125 198.0625 195.75 194.662506103515625 193.9937591552734375 193.1875 193.9875030517578125 194.9562530517578125 195.6374969482421875 196.443756103515625 199.09375 202.100006103515625 206.625 212.03125 217.84375 220.524993896484375 222.1125030517578125 224.6687469482421875 225.9875030517578125 227.881256103515625 228.5812530517578125 229.931243896484375 231.5625 232.9499969482421875 235.1999969482421875 237.181243896484375 239.2687530517578125 243.0500030517578125 251.1374969482421875 258.725006103515625 268.48748779296875 280.693756103515625 294 301.09375 306.943756103515625 311.84375 314.6875 310.10626220703125 300.693756103515625 292.98126220703125 284.01873779296875 275.181243896484375 268.51251220703125
197.756256103515625 198.431243896484375 199.318756103515625 198.8000030517578125 197.087493896484375 195.118743896484375 191.2375030517578125 185.6687469482421875 181.5 182.274993896484375 187.743743896484375 193.274993896484375 199.2937469482421875 204.5812530517578125 209.4250030517578125 214.899993896484375 219.0500030517578125 220.056243896484375 221.3000030517578125 223.631256103515625 226.28125 228.8000030517578125 230.5 231.5749969482421875 234.412506103515625 234.7624969482421875 235.5 236.75 237.375 241.0500030517578125 247.7062530517578125 257.64373779296875 267.506256103515625 280.32501220703125 294.1875 302.13751220703125 309.45623779296875 315.381256103515625 317.57501220703125 312.70623779296875 304.41876220703125 296.83123779296875 288.26873779296875 279.53125 272.243743896484375
200.9250030517578125 200.7624969482421875 201.568756103515625 200.9875030517578125 198.6875 196.0625 191.3312530517578125 184.15625 175.806243896484375 174.3874969482421875 183.3312530517578125 192.0187530517578125 200.568756103515625 206.1750030517578125 210.78125 215.493743896484375 218.6374969482421875 219.4250030517578125 221.7375030517578125 224.03125 225.125 228.975006103515625 231.1687469482421875 235.975006103515625 238.7312469482421875 238.0437469482421875 236.5500030517578125 236 237.3312530517578125 240.274993896484375 247.274993896484375 257.193756103515625 267.39373779296875 279.70001220703125 292.64373779296875 302.100006103515625 311.88751220703125 318.51873779296875 320.618743896484375 316.037506103515625 308.600006103515625 301.212493896484375 293.537506103515625 285.024993896484375 276.149993896484375
204.0437469482421875 203.0812530517578125 203.1687469482421875 202.3562469482421875 200.618743896484375 198.2062530517578125 194.256256103515625 188.162506103515625 182.5187530517578125 181.881256103515625 187.618743896484375 194.256256103515625 202.65625 208.96875 212.3000030517578125 215.75 218.3625030517578125 219.024993896484375 220.7062530517578125 222.8125 224.1875 228.587493896484375 233.40625 240.556243896484375 241.84375 240.5500030517578125 238.600006103515625 236.9187469482421875 236.493743896484375 238.5812530517578125 244.6875 255.743743896484375 267.106231689453125 280.36248779296875 293.15625 302.66876220703125 312.5 320.806243896484375 323.54998779296875 320.725006103515625 314.78125 308.225006103515625 298.89373779296875 287.274993896484375 279.381256103515625
206.993743896484375 205.6687469482421875 204.9250030517578125 204.1999969482421875 203.25 201.962493896484375 199.087493896484375 193.975006103515625 191.0187530517578125 191.475006103515625 194.7937469482421875 200.3562469482421875 206.71875 213.024993896484375 215.125 216.556243896484375 217.681243896484375 218.181243896484375 218.787506103515625 220.5062408447265625 223.587493896484375 228.5187530517578125 235.943756103515625 241.9499969482421875 246.287506103515625 242.618743896484375 239.78125 239.149993896484375 237.6437530517578125 238.381256103515625 245.0187530517578125 254.9562530517578125 265.962493896484375 279.0625 292.399993896484375 301.79998779296875 311.64373779296875 320.70623779296875 324.26251220703125 323.975006103515625 319.256256103515625 311.693756103515625 300.98126220703125 288.712493896484375 280.618743896484375
209.8562469482421875 208.537506103515625 207.7937469482421875 207.6999969482421875 206.4187469482421875 206.6374969482421875 205.631256103515625 202.28125 200.8249969482421875 201.1875 203.46875 206.850006103515625 210.6875 215.1374969482421875 218.2624969482421875 219.3874969482421875 218.59375 218.118743896484375 218.412506103515625 219.2750091552734375 220.8562469482421875 226.712493896484375 236.381256103515625 246.712493896484375 249.6125030517578125 241.912506103515625 238.6687469482421875 238.5500030517578125 239.9375 243.537506103515625 247.8125 255.681243896484375 265.475006103515625 277.26873779296875 289.256256103515625 300.16876220703125 310.95001220703125 320.375 324.16876220703125 326.20623779296875 323.58123779296875 314.60626220703125 300.625 283.46875 272.34375
212.65625 211.006256103515625 210.681243896484375 210.118743896484375 209.6125030517578125 210.975006103515625 210.6875 209.3249969482421875 208.78125 210.3937530517578125 213.368743896484375 214.943756103515625 217.381256103515625 218.524993896484375 220.6062469482421875 221.2624969482421875 219.881256103515625 219.4375 219.875 219.28125 218.2687530517578125 223.6062469482421875 232.71875 241.0124969482421875 239.274993896484375 233.725006103515625 236.225006103515625 239.2687530517578125 242.9187469482421875 247.681243896484375 252.287506103515625 257.399993896484375 264.92498779296875 275.3125 286.306243896484375 296.10626220703125 307.118743896484375 317.20001220703125 323.399993896484375 328.21875 328.57501220703125 317.787506103515625 296.67498779296875 276.5625 262.975006103515625
214.568756103515625 213.274993896484375 212.96875 212.5749969482421875 212.8625030517578125 213.725006103515625 215.0625 216.1062469482421875 217.84375 220.03125 222.600006103515625 223.1125030517578125 223.3000030517578125 224.056243896484375 222.8874969482421875 223.318756103515625 221.662506103515625 220.5812530517578125 220.368743896484375 220.318756103515625 220.8562469482421875 223.9875030517578125 229.0749969482421875 233.0124969482421875 232.0124969482421875 230.3937530517578125 234.6999969482421875 239.4875030517578125 244.3562469482421875 249.8125 255.6999969482421875 260.375 264.8125 271.993743896484375 281.45623779296875 291.881256103515625 303.8125 313.66876220703125 320.056243896484375 324.91876220703125 325.524993896484375 310.16876220703125 291.274993896484375 274.837493896484375 263.26873779296875
217.0187530517578125 215.149993896484375 215.443756103515625 216.6437530517578125 217.8249969482421875 219.2937469482421875 222.087493896484375 224.6437530517578125 226.2312469482421875 228.1999969482421875 230.7937469482421875 230.6125030517578125 230.087493896484375 229.6999969482421875 226.774993896484375 226.337493896484375 224.350006103515625 224 223.162506103515625 222.868743896484375 223.8874969482421875 225.6374969482421875 228.1374969482421875 231.0812530517578125 232.4187469482421875 234.1687469482421875 238.9562530517578125 244.131256103515625 250.024993896484375 256.04998779296875 259.818756103515625 263.15625 267.068756103515625 269.71875 275.568756103515625 286.95001220703125 299.75 309.26251220703125 312.193756103515625 311.693756103515625 306.087493896484375 296.818756103515625 287.225006103515625 274.48126220703125 265.38751220703125
217.9250030517578125 216.712493896484375 218.1062469482421875 220.15625 222.399993896484375 226.0124969482421875 229.1999969482421875 232.0500030517578125 234.837493896484375 237.274993896484375 238.618743896484375 238.524993896484375 237.6062469482421875 236.100006103515625 233.09375 230.25 227.5124969482421875 227.181243896484375 226.1999969482421875 226.1875 226.287506103515625 226.6999969482421875 228.037506103515625 230.875 233.28125 236.9499969482421875 242.850006103515625 249.381256103515625 256.96875 262.98748779296875 267.59375 269.868743896484375 270.631256103515625 272.243743896484375 275.73748779296875 291.056243896484375 301.181243896484375 303.368743896484375 301.693756103515625 298.837493896484375 292.95623779296875 287.693756103515625 281.506256103515625 272.787506103515625 265.39373779296875
219.2937469482421875 219.0500030517578125 220.5187530517578125 223.71875 227.4187469482421875 231.7687530517578125 236.84375 240.65625 243.1125030517578125 245.3625030517578125 246.0625 246.149993896484375 245.287506103515625 242.4875030517578125 240.15625 235.943756103515625 230.5187530517578125 228.787506103515625 228.681243896484375 228.3249969482421875 227.9375 227.9812469482421875 229.0812530517578125 232.1875 235.8874969482421875 239.162506103515625 245.9875030517578125 254.131256103515625 261.899993896484375 269.60626220703125 275.17498779296875 277.806243896484375 278.806243896484375 283.243743896484375 296.806243896484375 308.01873779296875 308.76251220703125 303.07501220703125 295.86248779296875 289.45001220703125 285.23126220703125 281.600006103515625 275.875 269.381256103515625 264.537506103515625
220.8125 221.5625 224.774993896484375 229.368743896484375 234 238.7562408447265625 243.725006103515625 248.40625 250.850006103515625 252.368743896484375 253.125 254.350006103515625 252.774993896484375 250.75 247.693756103515625 242.243743896484375 236.4499969482421875 229.943756103515625 231.743743896484375 231.274993896484375 231.618743896484375 231.006256103515625 230.8562469482421875 233.868743896484375 237.7624969482421875 243.162506103515625 249.350006103515625 258.76873779296875 268.475006103515625 276.506256103515625 281.20623779296875 279.45623779296875 281.537506103515625 290.20623779296875 308.381256103515625 327 317.07501220703125 303.36248779296875 292.475006103515625 286.149993896484375 279.59375 275.662506103515625 271.04376220703125 265.26873779296875 261.01873779296875
221.8937530517578125 223.7624969482421875 227.8312530517578125 233.600006103515625 239.96875 246.1374969482421875 251.8687591552734375 256.837493896484375 258.41876220703125 259.3125 259.5 259.01873779296875 259.45001220703125 258.681243896484375 253.8874969482421875 247.274993896484375 240.2687530517578125 233.1999969482421875 231.225006103515625 231.3874969482421875 233.03125 233.4875030517578125 229.8249969482421875 233.493743896484375 238.7062530517578125 245.337493896484375 253.1374969482421875 261.662506103515625 272.23126220703125 281.8125 287.76873779296875 282.806243896484375 279.38751220703125 280.125 291.51251220703125 306.64373779296875 302.725006103515625 294.5625 288.28125 281.57501220703125 275.875 271.024993896484375 266.83123779296875 262.07501220703125 258.54998779296875
220.6374969482421875 224.5437469482421875 229.693756103515625 236.649993896484375 244.4875030517578125 252.381256103515625 259.20001220703125 264.75 265.98748779296875 265.53125 264.54998779296875 263.75 265.162506103515625 266.056243896484375 258.774993896484375 248.318756103515625 238.53125 235 231.787506103515625 231.0437469482421875 230.287506103515625 228.6750030517578125 228.3874969482421875 231.8249969482421875 237.350006103515625 243.818756103515625 252.443756103515625 262.5 271.67498779296875 278.9375 282.399993896484375 279.83123779296875 269.57501220703125 259.537506103515625 255.493743896484375 266.66876220703125 279.32501220703125 282.5625 281.756256103515625 278.368743896484375 272.962493896484375 268.04376220703125 264.4375 260.45001220703125 258.08123779296875
