data/historical-monthly-weather-data/wc2.1_cruts4.09_10m_prec_2023-06.asc
ncols        45
nrows        45
xllcorner    -63.500000000000
yllcorner    -7.500000000000
cellsize     0.166666666667
NODATA_value -9999
[rows 0 to 18 of 45, columns 0 to 43 of 45]
294.631256103515625 295.25 293.71875 301.32501220703125 304.40625 308.25 305.881256103515625 301.600006103515625 292.1875 292.787506103515625 295.88751220703125 294.71875 293.881256103515625 289.51251220703125 283.46875 279.006256103515625 272.20623779296875 265.23748779296875 258.01251220703125 254.0124969482421875 254.568756103515625 247.350006103515625 241.850006103515625 234.8625030517578125 229.96875 226.5749969482421875 227.875 231.4499969482421875 228.649993896484375 226.6437530517578125 219.837493896484375 219.318756103515625 222.8562469482421875 222.0749969482421875 221.5500030517578125 219.881256103515625 217.25 216.2624969482421875 209.9375 206.024993896484375 205.306243896484375 209.087493896484375 205.4250030517578125 204.3249969482421875
288.193756103515625 288.943756103515625 294.17498779296875 300.056243896484375 308.07501220703125 311.0625 307.65625 302.100006103515625 299.318756103515625 298.51873779296875 297.45623779296875 293.350006103515625 284.15625 277.068756103515625 268.537506103515625 261.625 252.3625030517578125 242.8125 235.212493896484375 232.3125 231 224.78125 221.443756103515625 217.225006103515625 212.6750030517578125 208.5625 210.3125 211.4499969482421875 209.787506103515625 205.1062469482421875 203.287506103515625 207.756256103515625 210.2937469482421875 212.743743896484375 215.1374969482421875 210.568756103515625 209.3562469482421875 207.256256103515625 201.6750030517578125 198.5749969482421875 200.443756103515625 195.2312469482421875 197.3249969482421875 196.100006103515625
273.125 282.118743896484375 287.41876220703125 288.899993896484375 297.54376220703125 302.6875 301.375 303.068756103515625 300.037506103515625 297.087493896484375 291.17498779296875 280.92498779296875 271.45623779296875 256.8125 245.3625030517578125 236.125 224.4875030517578125 215.5625 208.4812469482421875 203.59375 202.78125 201.8312530517578125 198.1999969482421875 198.2312469482421875 191.7624969482421875 187.3562469482421875 192.681243896484375 192.506256103515625 188.962493896484375 190.8937530517578125 188.8625030517578125 190.868743896484375 194.15625 199.350006103515625 200.412506103515625 192.5437469482421875 193.756256103515625 195.162506103515625 191.368743896484375 189.875 194.024993896484375 191.693756103515625 191.193756103515625 188.7062530517578125
256.35626220703125 260.84375 271.51251220703125 278.48748779296875 283.35626220703125 287.412506103515625 290.806243896484375 293.556243896484375 293.818756103515625 291.431243896484375 280.662506103515625 265.506256103515625 250.2687530517578125 233.662506103515625 221.8937530517578125 211.25 196.806243896484375 189.181243896484375 182.5500030517578125 183.0625 180.756256103515625 175.71875 174.0500030517578125 175.8562469482421875 170.337493896484375 167.100006103515625 170.306243896484375 168.9562530517578125 169.693756103515625 173.4499969482421875 174.8625030517578125 175.537506103515625 179.475006103515625 181.056243896484375 183.1750030517578125 185.725006103515625 187.712493896484375 186.7312469482421875 183.318756103515625 182.7062530517578125 185.881256103515625 188.1437530517578125 187.25 184.1062469482421875
259.51251220703125 261.21875 255.5625 264.537506103515625 276.20001220703125 275.15625 277.899993896484375 284.70001220703125 289.09375 286.23126220703125 272.9375 247.774993896484375 230.774993896484375 214.5625 199.3562469482421875 187.3562469482421875 175.006256103515625 163.993743896484375 157.350006103515625 156.037506103515625 153.993743896484375 152.3562469482421875 151.8562469482421875 152.931243896484375 148.8625030517578125 147.4375 148.912506103515625 152.649993896484375 154.46875 155.8937530517578125 160.881256103515625 164.9375 168.1062469482421875 172.3874969482421875 178.375 176.875 178.3312530517578125 180.462493896484375 176.506256103515625 174.4812469482421875 178.568756103515625 180.7687530517578125 181.774993896484375 182.506256103515625
248.087493896484375 254.625 250.631256103515625 241.875 256.181243896484375 265.287506103515625 263.59375 265.70623779296875 272.28125 270.01873779296875 251.0749969482421875 227.337493896484375 210.899993896484375 195.037506103515625 178.75 166.9875030517578125 154.462493896484375 144.743743896484375 140.693756103515625 137.975006103515625 138.1062469482421875 136.3937530517578125 135.3562469482421875 133.649993896484375 133.2937469482421875 133.287506103515625 133.75 137.5 140.162506103515625 142.818756103515625 150.2937469482421875 155.587493896484375 162.225006103515625 165.8625030517578125 168.0437469482421875 173.0625 171.625 167.568756103515625 168.5749969482421875 173.131256103515625 173.931243896484375 178.0500030517578125 177.306243896484375 177.818756103515625
242.5812530517578125 246.3312530517578125 243.5812530517578125 239.649993896484375 236.787506103515625 234.149993896484375 232.056243896484375 238.7062530517578125 235.78125 232.225006103515625 219.84375 201.2937469482421875 188.725006103515625 175.90625 161.4875030517578125 149.5812530517578125 139.493743896484375 131.0124969482421875 124.2312469482421875 122.25624847412109375 119.3874969482421875 118.6999969482421875 117.41249847412109375 118.3562469482421875 121.2687530517578125 121.7937469482421875 122.1374969482421875 124.31874847412109375 127 135.4749908447265625 139.7375030517578125 143.2687530517578125 149.0124969482421875 157.024993896484375 165.1437530517578125 165.5124969482421875 160.556243896484375 159.8625030517578125 160.46875 166.3125 167.524993896484375 170.2312469482421875 172.881256103515625 174.1437530517578125
234.337493896484375 233.4812469482421875 231.5437469482421875 234.0749969482421875 231.649993896484375 230.618743896484375 216.037506103515625 203.2062530517578125 191.756256103515625 191.2687530517578125 186.787506103515625 176.3937530517578125 167.0625 155.6125030517578125 146.006256103515625 135.318756103515625 123.86875152587890625 116.97499847412109375 110.58750152587890625 105.3000030517578125 108.625 106.6374969482421875 104.9562530517578125 105.8000030517578125 108.77500152587890625 108.4187469482421875 109.91249847412109375 112.19374847412109375 115.2624969482421875 120.94374847412109375 131.125 135.149993896484375 142.131256103515625 149.0625 152.868743896484375 152.6374969482421875 151.3874969482421875 150.9250030517578125 148.6437530517578125 150.28125 154.212493896484375 160.71875 160.0437469482421875 158.8625030517578125
224.4250030517578125 226.024993896484375 221.15625 220.443756103515625 219.725006103515625 212.131256103515625 205.274993896484375 195.931243896484375 177.3937530517578125 164.3249969482421875 158.1437530517578125 152.5124969482421875 149.34375 140.6062469482421875 133.024993896484375 123.09999847412109375 117.21250152587890625 112.47499847412109375 107.77500152587890625 101.125 97.40625 99.8312530517578125 95.78749847412109375 99.5749969482421875 99.8562469482421875 100.1875 101.9875030517578125 105.78125 111.6750030517578125 117.41249847412109375 128.3125 127.6437530517578125 129.056243896484375 134.0437469482421875 141.712493896484375 147.162506103515625 148.8937530517578125 150.712493896484375 148.6062469482421875 146.6062469482421875 146.5500030517578125 146.6062469482421875 152.912506103515625 151.975006103515625
215.274993896484375 217.6750030517578125 213.318756103515625 211.725006103515625 209.537506103515625 200.21875 191.4562530517578125 178.743743896484375 167.6750030517578125 156.318756103515625 145.15625 133.2375030517578125 131.943756103515625 126.71875 121.61875152587890625 115.3625030517578125 108.78749847412109375 108.0812530517578125 104.375 100.3125 94.8249969482421875 92.36249542236328125 87.75624847412109375 89.58750152587890625 89.0437469482421875 91.36249542236328125 94.02500152587890625 97.05625152587890625 100.97499847412109375 109.9875030517578125 119.1999969482421875 121.9499969482421875 126.8312530517578125 132.4187469482421875 136.40625 139.837493896484375 143.8249969482421875 147.881256103515625 148.1437530517578125 151.337493896484375 153.7375030517578125 153.71875 148.568756103515625 141.6999969482421875
209.25 209.8625030517578125 204.9250030517578125 201.243743896484375 196.375 189.1750030517578125 175.7062530517578125 163.306243896484375 154.7624969482421875 145.6750030517578125 136.71875 126.09375 117.83750152587890625 113.93125152587890625 109.6125030517578125 105.5187530517578125 100.84375 98.2062530517578125 97.36875152587890625 97.2312469482421875 97.44374847412109375 92.27500152587890625 84.25624847412109375 77.63124847412109375 80.4812469482421875 86.875 90.8000030517578125 92.38124847412109375 94.44374847412109375 102.21250152587890625 110.875 116.25624847412109375 122.5500030517578125 128.8625030517578125 134.03125 134.6750030517578125 138.7312469482421875 141.131256103515625 147.462493896484375 149.0187530517578125 150.4312591552734375 148.0749969482421875 147.024993896484375 136.0187530517578125
199.9250030517578125 201.399993896484375 199.037506103515625 191.9875030517578125 187.3249969482421875 176.6125030517578125 167.662506103515625 156.662506103515625 147.4749908447265625 134.7624969482421875 128.024993896484375 119.99375152587890625 107.8125 104.13124847412109375 103.4187469482421875 99.34375 95.22499847412109375 93.84375 94.3625030517578125 98 98.8874969482421875 94.90000152587890625 86.21250152587890625 77.21250152587890625 76.81874847412109375 79.13124847412109375 81.96875 86.1374969482421875 91.22499847412109375 97.5625 101.6437530517578125 109.61875152587890625 116.4562530517578125 120.34999847412109375 127.8249969482421875 133.1687469482421875 139.350006103515625 143.2062530517578125 142.28125 148.03125 150.212493896484375 146.943756103515625 135.8249969482421875 118.1374969482421875
194.818756103515625 194.899993896484375 190.337493896484375 183.056243896484375 178.850006103515625 166.462493896484375 156.149993896484375 145.806243896484375 135.068756103515625 125.40625 117.9812469482421875 112.2312469482421875 104.71875 94.4375 91.96250152587890625 90.625 88.15000152587890625 88.4812469482421875 86.41249847412109375 89.33750152587890625 92.13124847412109375 89.0437469482421875 83.25 76.5437469482421875 71.3312530517578125 72.1875 77.3562469482421875 82.7375030517578125 89.125 96.97499847412109375 100.1875 103.8249969482421875 112.46875 114.6999969482421875 121.1437530517578125 128.2687530517578125 138.212493896484375 145.0124969482421875 153.5187530517578125 154.524993896484375 149.662506103515625 144.0437469482421875 126.5812530517578125 112.49375152587890625
188.0812530517578125 188.368743896484375 182.118743896484375 175.068756103515625 167.34375 156.6125030517578125 144.743743896484375 135.78125 127.0437469482421875 116.77500152587890625 109.03125 101.72499847412109375 96.27500152587890625 89.25624847412109375 81.41249847412109375 82.1437530517578125 79.75624847412109375 79.08750152587890625 78.68125152587890625 80.7624969482421875 82.65000152587890625 80.47499847412109375 76.5437469482421875 73.83750152587890625 71.1750030517578125 69.78749847412109375 73.0187530517578125 77.36875152587890625 83.3000030517578125 90.125 97.03749847412109375 101.94374847412109375 107.7375030517578125 113.84375 117.00624847412109375 129.243743896484375 143.1687469482421875 154.850006103515625 164.0625 161.8562469482421875 143.7375030517578125 131.837493896484375 128.0749969482421875 129.462493896484375
178.3312530517578125 178.9875030517578125 174.631256103515625 168.59375 160.306243896484375 149.3249969482421875 138.8125 128.350006103515625 119.47499847412109375 110.6062469482421875 102.13124847412109375 95.78749847412109375 90.19374847412109375 82.75624847412109375 74.40625 74.19374847412109375 72.88124847412109375 74 72.1875 73.36249542236328125 75.88124847412109375 74.81874847412109375 73.6999969482421875 73.36875152587890625 74.21250152587890625 74.03749847412109375 77.7375030517578125 81.6999969482421875 88.3874969482421875 91.74375152587890625 94.2375030517578125 100.875 110.55625152587890625 112.125 111.4250030517578125 117.24375152587890625 138.068756103515625 159.59375 166.1062469482421875 160.006256103515625 151.8562469482421875 147.024993896484375 148.3562469482421875 139.100006103515625
171.274993896484375 170.181243896484375 165.8062591552734375 158.0625 152.8625030517578125 142.8312530517578125 131.568756103515625 120.375 113.59999847412109375 107.2375030517578125 98.8125 92.13124847412109375 86.6374969482421875 79.69374847412109375 72.74375152587890625 64.84999847412109375 65.4499969482421875 68.1374969482421875 66.8000030517578125 67.7312469482421875 69.5437469482421875 69.9499969482421875 71.0500030517578125 73.7375030517578125 75.63124847412109375 76.41249847412109375 79.22499847412109375 84.3249969482421875 89.6062469482421875 96.7687530517578125 100.8874969482421875 103.49375152587890625 103.53749847412109375 102.96250152587890625 102.71875 122.4499969482421875 133.368743896484375 148.6999969482421875 161.068756103515625 166.9250030517578125 168.5625 165.0625 155.8625030517578125 141.0749969482421875
163.024993896484375 163.375 156.837493896484375 151.8562469482421875 146.125 137 125.8562469482421875 115.8125 106.78749847412109375 99.75 93.8000030517578125 88.3625030517578125 81.74375152587890625 75.3625030517578125 71.53125 64.6687469482421875 57.237499237060546875 59.268749237060546875 61.03125 61.53125 62.52500152587890625 64.8625030517578125 66.71875 72.55625152587890625 75.25624847412109375 74.30625152587890625 77.47499847412109375 82.3125 90.75 98.5625 105.21875 110.5625 110.53125 114.1374969482421875 125.41875457763671875 134.5124969482421875 147.993743896484375 160.318756103515625 172.15625 168.5749969482421875 170.306243896484375 162.2062530517578125 148.368743896484375 138.625
154.1999969482421875 155.4250030517578125 151.78125 146.6750030517578125 141.287506103515625 133.90625 122.4499969482421875 112.1125030517578125 103.36875152587890625 94.71250152587890625 87.6999969482421875 84.05625152587890625 77.28749847412109375 71.8000030517578125 69.2375030517578125 64.2624969482421875 57.24375152587890625 51.53749847412109375 56.731250762939453125 55.481250762939453125 56.56874847412109375 59 63.375 68.9187469482421875 73.75 73.44374847412109375 75.30625152587890625 83.58750152587890625 91.53749847412109375 97 98.50624847412109375 100.1374969482421875 118.24375152587890625 125.9187469482421875 132.9187469482421875 157.024993896484375 168.068756103515625 166.3249969482421875 170.462493896484375 169.4562530517578125 156.899993896484375 145.9812469482421875 135.6062469482421875 129.618743896484375
146.53125 149.8125 146.162506103515625 141.7750091552734375 137.068756103515625 127.94374847412109375 117.72499847412109375 107.53125 100.1062469482421875 92.8562469482421875 85.2624969482421875 77.75 72.1374969482421875 67.9812469482421875 64.43125152587890625 60.793750762939453125 57.950000762939453125 51.22499847412109375 48.575000762939453125 48.53749847412109375 51.875 56.424999237060546875 55.16249847412109375 62.581249237060546875 67.75 73.7062530517578125 78.78125 83.0124969482421875 92.75 97.77500152587890625 100.6999969482421875 107.5124969482421875 118.86875152587890625 124.49375152587890625 136.0749969482421875 153.84375 158.5124969482421875 155.649993896484375 158.6062469482421875 153 142.631256103515625 129.2624969482421875 124.3937530517578125 122.59375
