data/historical-monthly-weather-data/wc2.1_cruts4.09_10m_prec_1987-06.asc
ncols        51
nrows        45
xllcorner    -63.500000000000
yllcorner    -7.500000000000
cellsize     0.166666666667
NODATA_value -9999
[rows 19 to 37 of 45, columns 0 to 43 of 51]
198.600006103515625 199.837493896484375 195.5812530517578125 188.6062469482421875 184.7312469482421875 182.96875 175.743743896484375 166.306243896484375 162.40625 155.9375 147.8874969482421875 138.8000030517578125 128.09375 117.11875152587890625 106.34375 91.4499969482421875 81.00624847412109375 77.84375 69.6999969482421875 66.6374969482421875 60.58750152587890625 60.8125 65.4375 70.9875030517578125 73.73749542236328125 77.06874847412109375 82.6374969482421875 93.90000152587890625 98.0187530517578125 99.80625152587890625 104.5 120.5437469482421875 126.8562469482421875 129.931243896484375 135.024993896484375 147.399993896484375 156.256256103515625 155.84375 153.212493896484375 147.818756103515625 135.28125 119.11875152587890625 118.1875 117.1999969482421875
181.0437469482421875 191.756256103515625 192.65625 186.8874969482421875 177.056243896484375 171.899993896484375 168.7687530517578125 162.4562530517578125 157.2437591552734375 149.9187469482421875 144.0625 135.181243896484375 124.8874969482421875 112.58750152587890625 100.41249847412109375 91.0625 80.3249969482421875 74.0187530517578125 71.63124847412109375 66.6125030517578125 67.90000152587890625 68.4875030517578125 70.95000457763671875 78.5124969482421875 82.8249969482421875 83.83750152587890625 83.11875152587890625 89.18125152587890625 95.6875 102.59999847412109375 109.50624847412109375 121.08750152587890625 119.49375152587890625 121.4562530517578125 125.0124969482421875 136.40625 146.53125 149.787506103515625 143.9875030517578125 137.6374969482421875 129.8562469482421875 117.7062530517578125 114.94374847412109375 115.00624847412109375
175.537506103515625 176.6374969482421875 181.100006103515625 180.9250030517578125 173.9562530517578125 166.337493896484375 161.743743896484375 155.3249969482421875 149.931243896484375 146.318756103515625 140.5 130.1374969482421875 120.09375 112.25624847412109375 103.6374969482421875 91.2937469482421875 88.22499847412109375 79.77500152587890625 76.9562530517578125 72.2312469482421875 69.34375 72.40000152587890625 74.8562469482421875 78.11875152587890625 80.40000152587890625 82.2062530517578125 88.18125152587890625 91.03749847412109375 100.4812469482421875 107.75 110.875 112.77500152587890625 114.00624847412109375 119.53125 121.15625 127.19374847412109375 135.1999969482421875 141.6999969482421875 139.756256103515625 135.2687530517578125 127.74375152587890625 119.44374847412109375 116.5 117.2062530517578125
170.6875 181.787506103515625 184.9562530517578125 183.056243896484375 176.0124969482421875 166.024993896484375 152.743743896484375 145.087493896484375 145.2312469482421875 141.256256103515625 135.274993896484375 129.6374969482421875 125.5187530517578125 119.6062469482421875 110.1750030517578125 99.9499969482421875 90.0500030517578125 82.3937530517578125 78.2687530517578125 75.3125 76.0124969482421875 74.9187469482421875 73.90625 77.6750030517578125 83.5812530517578125 85.49375152587890625 88.19374847412109375 93.18125152587890625 100.53125 102.3625030517578125 104.8312530517578125 109.125 109 110.28749847412109375 116.6687469482421875 118.8125 122.90000152587890625 129.8562469482421875 133.3874969482421875 132.6187591552734375 126.46250152587890625 120.59375 117.03125 115.00624847412109375
161.8937530517578125 174.4562530517578125 183.7062530517578125 178 169.475006103515625 159.9875030517578125 154.631256103515625 146.4875030517578125 139.8937530517578125 133.037506103515625 132.8625030517578125 133.03125 126.91249847412109375 123.3562469482421875 111.1125030517578125 101.47499847412109375 92.8874969482421875 88.02500152587890625 82.71875 78.125 77.65000152587890625 78.21875 76.15000152587890625 82.8249969482421875 85.5437469482421875 86.09375 92.5625 92.48125457763671875 95.68125152587890625 98.93125152587890625 100.83750152587890625 104.125 105.80625152587890625 105.28125 110.08750152587890625 111.06874847412109375 116.9562530517578125 123.71875 125.53749847412109375 124.6750030517578125 121.6062469482421875 118.2624969482421875 115.86875152587890625 114.97499847412109375
151.399993896484375 166.0187530517578125 173.125 175.131256103515625 169.756256103515625 160.4562530517578125 152.818756103515625 147.2624969482421875 139.75 137.056243896484375 132.662506103515625 129.475006103515625 127.8312530517578125 119.99375152587890625 108.80625152587890625 100.21250152587890625 93.77500152587890625 87.19374847412109375 83.00624847412109375 80.25 79.3312530517578125 77.84375 79.375 84.78125 84.9250030517578125 85.6875 88.9250030517578125 91.28749847412109375 93.30625152587890625 96.41249847412109375 95.1062469482421875 95.33750152587890625 96.81874847412109375 100.03749847412109375 103.28749847412109375 106.71250152587890625 111.3874969482421875 115.09375 119.3625030517578125 119.8312530517578125 118.0187530517578125 116.72499847412109375 116.3562469482421875 112.4812469482421875
147.84375 164.9562530517578125 163.993743896484375 166.5124969482421875 161.2937469482421875 154.587493896484375 146.493743896484375 141.931243896484375 131.8312530517578125 125.69374847412109375 126.33750152587890625 123.84999847412109375 122.1374969482421875 116.6374969482421875 108.69374847412109375 98.5500030517578125 92.66249847412109375 88.6437530517578125 84.69374847412109375 79.28749847412109375 78.75 77.96250152587890625 78.3937530517578125 82.5 85.1062469482421875 84.6125030517578125 87.55625152587890625 90 89.7687530517578125 91.1374969482421875 89.6374969482421875 89.30625152587890625 90.7937469482421875 93.11875152587890625 96.0437469482421875 102.1437530517578125 107.15625 109.125 110.84375 114.50624847412109375 113.43125152587890625 106.5187530517578125 105.71875 106.1875
143.350006103515625 150.556243896484375 155.618743896484375 156.2624969482421875 151.8312530517578125 146.7375030517578125 140.037506103515625 129.774993896484375 123.1875 124.02500152587890625 125 122.27500152587890625 118.18125152587890625 114.52500152587890625 108.44374847412109375 101.8125 94.2687530517578125 87.11875152587890625 83.9562530517578125 78.7687530517578125 76.1875 75.28125 76.03125 82.9812469482421875 82.5625 82.56874847412109375 85.75624847412109375 86.86875152587890625 86.90000152587890625 86.90000152587890625 86.96250152587890625 84.08750152587890625 84.8000030517578125 87.52500152587890625 91.05625152587890625 95.75624847412109375 102.50624847412109375 104.84999847412109375 105 109.6374969482421875 111.1687469482421875 106.30625152587890625 101.45624542236328125 99.59999847412109375
140.125 141.6750030517578125 144.712493896484375 141.9375 138.375 136.3249969482421875 131.8000030517578125 123.9250030517578125 119.90000152587890625 120.83750152587890625 119.4499969482421875 117.86875152587890625 113.6999969482421875 109.4375 103.6750030517578125 97.8312530517578125 91.3874969482421875 86.71875 80.50624847412109375 77.0437469482421875 75.0500030517578125 71.91249847412109375 73.0812530517578125 77.09999847412109375 78.58750152587890625 78.3937530517578125 81.55625152587890625 82.81874847412109375 85.4499969482421875 86.55625152587890625 85.2687530517578125 83.84999847412109375 83.27500152587890625 82.6750030517578125 88.1875 92.52500152587890625 99.16249847412109375 101.21250152587890625 103.40000152587890625 106.6875 108.5 106.7312469482421875 97.0437469482421875 96.4812469482421875
133.25 138.131256103515625 133.6875 129 127.73125457763671875 121.625 119.36875152587890625 117.4375 116.7624969482421875 115.0812530517578125 114.4375 112.2687530517578125 110.2062530517578125 106.90000152587890625 101.56874847412109375 96.3874969482421875 91.66249847412109375 85.33750152587890625 81 77.28125 72.89374542236328125 68.90000152587890625 67.19374847412109375 70.4187469482421875 72.6875 72.8249969482421875 77.8874969482421875 81.78749847412109375 83.69374847412109375 82.5749969482421875 80.55625152587890625 80.375 79.53749847412109375 81.7062530517578125 84.33750152587890625 88.3312530517578125 96.18125152587890625 96.59375 99.2375030517578125 101.08750152587890625 101.1437530517578125 97.40625 93.0500030517578125 94.84375
126.8125 127.9812469482421875 124.63124847412109375 119.49375152587890625 116.9562530517578125 115.03749847412109375 112.4499969482421875 113.74375152587890625 112.02500152587890625 111.56874847412109375 110.7312469482421875 109.8874969482421875 108.4375 105.8625030517578125 99.80625152587890625 93.78749847412109375 88.65625 84.84375 77.8000030517578125 71.71250152587890625 69.4812469482421875 65.84999847412109375 63.71875 66.63124847412109375 67.78749847412109375 70.72499847412109375 74.7312469482421875 77.80625152587890625 80.15000152587890625 78.5124969482421875 77.13124847412109375 76.40000152587890625 77.4499969482421875 79.9875030517578125 84.00624847412109375 86.15000152587890625 95.09375 95.84375 93.74375152587890625 99.46250152587890625 98.8625030517578125 94.7062530517578125 93.06874847412109375 89.71875
122.375 121.13124847412109375 116.65625 113.2687530517578125 111.05625152587890625 108.8937530517578125 108.53125 108.3562469482421875 106.8312530517578125 107.6062469482421875 107.65000152587890625 105.43125152587890625 105.7937469482421875 99.18125152587890625 95.09375 92.9562530517578125 89.05625152587890625 82.6437530517578125 76.33750152587890625 71.33750152587890625 67.2624969482421875 62.30625152587890625 59.981250762939453125 62.96250152587890625 64.7687530517578125 67.7937469482421875 71.09999847412109375 74.5625 76.375 75.4250030517578125 76.5500030517578125 76.1875 76.2624969482421875 77.0625 80.46875 83.18125152587890625 90.38124847412109375 93.56874847412109375 92.02500152587890625 90.40625 92.46250152587890625 88.96875 86.8937530517578125 84.8937530517578125
116.7687530517578125 115.1062469482421875 109.6374969482421875 108.0812530517578125 108.83750152587890625 106.6687469482421875 105.1062469482421875 103.96875 103.59999847412109375 102.2937469482421875 100.11875152587890625 99.27500152587890625 96.6125030517578125 95.0124969482421875 93.11875152587890625 90.09999847412109375 84.13124847412109375 78.21250152587890625 73.09375 68.7375030517578125 64.40625 60.22499847412109375 56.24375152587890625 58.393749237060546875 61.59375 63.80625152587890625 67.8125 71.27500152587890625 72.9875030517578125 75.52500152587890625 75.2375030517578125 74.4375 75.3125 75.69374847412109375 78.09999847412109375 79.7937469482421875 84.53749847412109375 85.5437469482421875 86.83750152587890625 86.90625 89.3125 86.65625 83.4375 81.2375030517578125
109.9562530517578125 108.61875152587890625 106.375 105.5625 103.55625152587890625 102.34999847412109375 101.4375 101.3000030517578125 99.25624847412109375 98.0625 99.33750152587890625 97.0625 95.15000152587890625 95.30625152587890625 93.6875 87.9562530517578125 81.83750152587890625 78.02500152587890625 73.06874847412109375 68.4250030517578125 62.825000762939453125 58.206249237060546875 55.418750762939453125 57.38124847412109375 59.4375 61.731250762939453125 65 67.81874847412109375 70.59375 73.01250457763671875 73.6875 71.8625030517578125 73.15625 75.53749847412109375 76.6437530517578125 77.96250152587890625 79.59999847412109375 80.41249847412109375 81.4812469482421875 84.91249847412109375 86.94374847412109375 84.1125030517578125 79.72499847412109375 76.93125152587890625
102.86875152587890625 103.21875 104.21875 103.03125 100.83750152587890625 99.13124847412109375 99.5500030517578125 97.49375152587890625 94.99375152587890625 93.0625 94.4375 95.3249969482421875 94.0187530517578125 91.71875 88.8249969482421875 86.22499847412109375 82.6374969482421875 77.06874847412109375 70.6437530517578125 66.3000030517578125 62.018749237060546875 57.33750152587890625 55.4375 55.856250762939453125 58.075000762939453125 58.981250762939453125 62.981250762939453125 65.8249969482421875 69.58750152587890625 71.2624969482421875 72.78125 72.9499969482421875 71.2937469482421875 72.1750030517578125 74.58750152587890625 75.80625152587890625 76.53749847412109375 76.8125 78.13124847412109375 79.94374847412109375 79.78749847412109375 79.38124847412109375 77.0500030517578125 70.9187469482421875
98.2312469482421875 96.72499847412109375 99.40625 101.06874847412109375 99.4250030517578125 95.31874847412109375 93.2624969482421875 92.8937530517578125 91.0187530517578125 89.1125030517578125 93.0124969482421875 94.8625030517578125 94.31874847412109375 95.3125 92.38750457763671875 87.34375 81.66249847412109375 74.2624969482421875 68.1437530517578125 61.731250762939453125 59.97499847412109375 55.13124847412109375 52.487499237060546875 53 56.450000762939453125 58.012500762939453125 60.987499237060546875 62.862499237060546875 65.75 67.09999847412109375 69.2624969482421875 70.68125152587890625 68.6374969482421875 69.1062469482421875 69.8000030517578125 71.7375030517578125 70.9499969482421875 74.5 73.53749847412109375 74.96250152587890625 74.8125 72.65625 71.56874847412109375 67.9812469482421875
93.6875 92.08750152587890625 93.25 94.8625030517578125 94.68125152587890625 92.01874542236328125 90.1750030517578125 88.15000152587890625 85.4875030517578125 83.7375030517578125 85.25 91.9375 94.7624969482421875 94.47499847412109375 91.83750152587890625 87.15000152587890625 80.6875 71.90625 65.38124847412109375 58.84999847412109375 55.90625 54.28125 51.518749237060546875 51.862499237060546875 54.68125152587890625 55.893749237060546875 58.18125152587890625 59.831249237060546875 63.174999237060546875 64.0500030517578125 64.7624969482421875 66.27500152587890625 65.81874847412109375 65.25 64.4187469482421875 66.0812530517578125 68.4812469482421875 68.38124847412109375 68.6125030517578125 70.3125 70.1374969482421875 67.4875030517578125 66.1437530517578125 65.16249847412109375
86.5749969482421875 88.46250152587890625 87.3000030517578125 89.1062469482421875 90.4250030517578125 88.3562469482421875 86.46875 86.0124969482421875 83.1437530517578125 77.72499847412109375 82.71875 92.7375030517578125 96.49375152587890625 93.86875152587890625 91.00624847412109375 85.94374847412109375 80.0124969482421875 72.33750152587890625 65.4562530517578125 57.40625 53.81874847412109375 53.200000762939453125 50.731250762939453125 51.362499237060546875 52.22499847412109375 53.356250762939453125 56.65625 57.88124847412109375 59.112499237060546875 58.918750762939453125 61.362499237060546875 61.43125152587890625 61.893749237060546875 62.143749237060546875 61.19374847412109375 62.262500762939453125 64.21250152587890625 65.78749847412109375 64.4562530517578125 63.856250762939453125 63.40625 63.112499237060546875 60.40000152587890625 63.77500152587890625
80.46250152587890625 82.53749847412109375 83.43125152587890625 86.05625152587890625 86.4375 85.5625 85.3249969482421875 84.84999847412109375 83.6125030517578125 78.0500030517578125 88.8000030517578125 97.7312469482421875 97.4375 95.33750152587890625 89.55625152587890625 84.03749847412109375 77.74375152587890625 71.3625030517578125 65.5749969482421875 58.862499237060546875 54.40000152587890625 52.375 49.44374847412109375 50.0625 50.27500152587890625 52.22499847412109375 54.862499237060546875 55.53125 56.19374847412109375 55.21875 55.90625 58.19374847412109375 59.043750762939453125 58.137500762939453125 57.450000762939453125 58.606250762939453125 59.66249847412109375 59.950000762939453125 62.174999237060546875 60.356250762939453125 58.981250762939453125 59.49375152587890625 56.418750762939453125 55.88124847412109375
