data/historical-monthly-weather-data/wc2.1_cruts4.09_10m_prec_1970-04.asc
ncols        51
nrows        45
xllcorner    -63.500000000000
yllcorner    -7.500000000000
cellsize     0.166666666667
NODATA_value -9999
[rows 20 to 39 of 45, columns 0 to 44 of 51]
270.881256103515625 280.98126220703125 291.84375 302.40625 311.58123779296875 326.6875 341.256256103515625 350.193756103515625 354.54998779296875 353.89373779296875 350.01251220703125 344.23748779296875 338.818756103515625 335.443756103515625 328.40625 323.54998779296875 321.256256103515625 324.912506103515625 332.056243896484375 338.64373779296875 351.71875 362.32501220703125 369.45623779296875 373.787506103515625 382.149993896484375 389.25 390.88751220703125 391.087493896484375 388.26873779296875 383.1875 372.23748779296875 362.14373779296875 345.48748779296875 326.375 310.79376220703125 328.806243896484375 356.774993896484375 378.59375 390.92498779296875 395.42498779296875 393.96875 391.75 382.806243896484375 376.40625 367.51251220703125
265.725006103515625 273.13751220703125 285.524993896484375 301.96875 315.537506103515625 329.23748779296875 344.618743896484375 357.118743896484375 361.912506103515625 357.868743896484375 347.98748779296875 334.70623779296875 325.13751220703125 320.83123779296875 320.32501220703125 318.243743896484375 320.39373779296875 322.92498779296875 328.85626220703125 333.931243896484375 339.46875 348.21875 358.98126220703125 365.79376220703125 376.118743896484375 391.350006103515625 410.25 409.662506103515625 404.806243896484375 397.881256103515625 384.51873779296875 370.399993896484375 357.01251220703125 345.625 341.006256103515625 349.631256103515625 370.068756103515625 388.08123779296875 395.5625 396.8125 394.850006103515625 390.48748779296875 381.506256103515625 373.756256103515625 364.225006103515625
261.84375 274.95001220703125 289.26251220703125 305.73126220703125 320.38751220703125 334.618743896484375 347.375 362.59375 374.100006103515625 363.10626220703125 344.975006103515625 325.3125 311.8125 308.881256103515625 312.475006103515625 315.96875 317.67498779296875 318.774993896484375 321.76251220703125 324.037506103515625 329.337493896484375 335.787506103515625 341.75 350.556243896484375 366.64373779296875 386.787506103515625 408.8125 413.725006103515625 411.57501220703125 403.01251220703125 392.649993896484375 381.9375 377.75 373.89373779296875 375.07501220703125 378.212493896484375 389.79376220703125 401.962493896484375 404.61248779296875 400.181243896484375 394.9375 387.39373779296875 378.17498779296875 369.67498779296875 360.76251220703125
261.350006103515625 275.34375 292.0625 306.600006103515625 320.618743896484375 334.399993896484375 349.524993896484375 362.03125 370.03125 357.54998779296875 338.35626220703125 320.9375 301.5 302.131256103515625 307.73126220703125 311.10626220703125 312.03125 314.86248779296875 315.568756103515625 317.475006103515625 319.95001220703125 321.743743896484375 325.51873779296875 336.524993896484375 351.875 366.149993896484375 383.600006103515625 398.83123779296875 405.20001220703125 405.931243896484375 402.899993896484375 401.23748779296875 402.29376220703125 400.975006103515625 403.818756103515625 405.83123779296875 413.29998779296875 417.10626220703125 412.73126220703125 403.1875 395.243743896484375 385 374.51873779296875 364.23126220703125 357.431243896484375
264.381256103515625 279.118743896484375 294.45623779296875 310.1875 325.337493896484375 336.76873779296875 347.98126220703125 357.3125 358.40625 352.056243896484375 336.725006103515625 319.912506103515625 309.60626220703125 303.86248779296875 305.493743896484375 307.71875 310.76251220703125 312.51251220703125 312.568756103515625 311.04998779296875 310.337493896484375 309.493743896484375 311.53125 319.29998779296875 331.8125 351.76251220703125 371.46875 387.98126220703125 401.48126220703125 412.975006103515625 418.524993896484375 423.75 428.65625 428.34375 427.931243896484375 424.412506103515625 426.66876220703125 423.58123779296875 416.337493896484375 406.95623779296875 396.412506103515625 383.71875 373.412506103515625 360.837493896484375 347.01873779296875
275.712493896484375 288.95001220703125 298.41876220703125 312.48748779296875 324.76251220703125 334.63751220703125 343.587493896484375 349.756256103515625 346.631256103515625 339.76873779296875 331.556243896484375 322.63751220703125 314.33123779296875 309.88751220703125 308.01873779296875 310.70623779296875 312.1875 312.631256103515625 310.212493896484375 305.20623779296875 304.600006103515625 300.037506103515625 297.23126220703125 298.4375 314.98126220703125 338.787506103515625 364.693756103515625 383.1875 403.10626220703125 417.04376220703125 431.962493896484375 445.649993896484375 454.36248779296875 450.17498779296875 443.725006103515625 437.76251220703125 435.1875 430.024993896484375 419.6875 408.90625 398.100006103515625 383.08123779296875 369.58123779296875 354.524993896484375 343.037506103515625
283.25 291.48748779296875 301.14373779296875 311.60626220703125 319.850006103515625 329.256256103515625 335.3125 338.01251220703125 335.45623779296875 334.975006103515625 331.975006103515625 324.45001220703125 318.25 314.506256103515625 313.16876220703125 314.225006103515625 314.54376220703125 312.67498779296875 311.01873779296875 307.21875 301.98748779296875 294.96875 287.5 287.087493896484375 306.95623779296875 329.14373779296875 355.91876220703125 376.34375 398.51873779296875 415.693756103515625 435.837493896484375 455.0625 469.6875 463.399993896484375 454.931243896484375 446.431243896484375 441.51251220703125 435.0625 422.212493896484375 410.681243896484375 397.399993896484375 383.66876220703125 369.17498779296875 355.868743896484375 351.35626220703125
292.431243896484375 296.51251220703125 303.04998779296875 310.04376220703125 317.16876220703125 323.10626220703125 328.78125 329.056243896484375 329.57501220703125 330.725006103515625 327.256256103515625 323.693756103515625 319.29376220703125 317.756256103515625 317.20001220703125 316.20623779296875 317.01873779296875 318.162506103515625 314.506256103515625 311.868743896484375 307.16876220703125 298.693756103515625 296.662506103515625 296.95623779296875 310.125 329.57501220703125 350.850006103515625 371.34375 391.712493896484375 410.118743896484375 427.618743896484375 444.475006103515625 458.04998779296875 458.61248779296875 457.024993896484375 448.79376220703125 445.068756103515625 439.350006103515625 426.65625 413.8125 401.056243896484375 387.41876220703125 373.25 362.618743896484375 368.149993896484375
299.39373779296875 301.225006103515625 304.131256103515625 308.98126220703125 312.787506103515625 314.962493896484375 318.35626220703125 322.25 325.98126220703125 326.212493896484375 326.26251220703125 323.887481689453125 320.087493896484375 319.524993896484375 321.662506103515625 324.28125 325.881256103515625 323.431243896484375 322.21875 318.712493896484375 314.70001220703125 307.16876220703125 305.79376220703125 308.649993896484375 317.42498779296875 332.95001220703125 351.20001220703125 368.33123779296875 385.787506103515625 401.774993896484375 413.931243896484375 426.71875 437.17498779296875 445.63751220703125 450.03125 446.493743896484375 445.51251220703125 442.32501220703125 431.13751220703125 416.550018310546875 400.375 387.462493896484375 376.231231689453125 377.15625 384.39373779296875
307.04376220703125 306.193756103515625 306.681243896484375 305.631256103515625 307.70001220703125 310.100006103515625 312.95001220703125 316.85626220703125 319.556243896484375 320.412506103515625 322.600006103515625 321.743743896484375 322.850006103515625 323.86248779296875 326.10626220703125 327.881256103515625 329.5 331.618743896484375 329.45001220703125 323.868743896484375 317.625 314.20001220703125 314.743743896484375 315.306243896484375 320.29998779296875 331.98126220703125 347.681243896484375 360.131256103515625 374.54376220703125 387.587493896484375 398.318756103515625 407.024993896484375 418.38751220703125 430.600006103515625 439.631256103515625 439.837493896484375 442.850006103515625 442.850006103515625 431.712493896484375 422.600006103515625 412.568756103515625 403.068756103515625 392.931243896484375 394.6875 394.943756103515625
312.20623779296875 308.162506103515625 306.07501220703125 304.225006103515625 305.11248779296875 305.57501220703125 308.20623779296875 309.368743896484375 312 315.20623779296875 318.681243896484375 320.40625 324.98748779296875 325.475006103515625 329 331.568756103515625 335.4375 338.162506103515625 337.85626220703125 333.712493896484375 326.98126220703125 321.54998779296875 320 317.14373779296875 318.368743896484375 331.51251220703125 340.86248779296875 351.92498779296875 362.818756103515625 372.068756103515625 382.212493896484375 390.6875 404.38751220703125 417.631256103515625 427.42498779296875 431.70001220703125 433.9375 437.04376220703125 433.462493896484375 427.768768310546875 421.26251220703125 413.056243896484375 407.10626220703125 404.568756103515625 406.01251220703125
315.11248779296875 308.975006103515625 305.5 304.587493896484375 303.29998779296875 300.64373779296875 301.875 301.506256103515625 304.01251220703125 307.131256103515625 312.29998779296875 318.850006103515625 322.76873779296875 326.23126220703125 329.79376220703125 333.48126220703125 334.649993896484375 338.350006103515625 338.16876220703125 338.850006103515625 333.13751220703125 327.5 323.087493896484375 319.850006103515625 323.068756103515625 329.78125 334.82501220703125 343.631256103515625 350.181243896484375 359.48126220703125 369.837493896484375 378.40625 389.51873779296875 402.95623779296875 414.443756103515625 420.243743896484375 426.29376220703125 428.868743896484375 427.41876220703125 424.39373779296875 426.23748779296875 422.243743896484375 417.35626220703125 415.86248779296875 417.725006103515625
320.04998779296875 311.70001220703125 307.85626220703125 304.83123779296875 303.537506103515625 299.64373779296875 296.774993896484375 296.29376220703125 296.993743896484375 300.91876220703125 309.431243896484375 314.60626220703125 321.57501220703125 327.51873779296875 330.443756103515625 332.45623779296875 334.85626220703125 338.975006103515625 337.82501220703125 337.07501220703125 334.318756103515625 329.193756103515625 323.98126220703125 320.756256103515625 323.03125 324.037506103515625 328.08123779296875 332.10626220703125 336.92498779296875 346.95001220703125 355.35626220703125 362.462493896484375 372.88751220703125 386.53125 398.64373779296875 407.26251220703125 413.806243896484375 418.962493896484375 417.024993896484375 423.89373779296875 425.83123779296875 423.45623779296875 422.65625 424.66876220703125 427.98748779296875
323.1875 316.0625 311.806243896484375 307.08123779296875 303.037506103515625 299.743743896484375 295.818756103515625 291.79376220703125 290.84375 293.61248779296875 299.475006103515625 309.212493896484375 318.73748779296875 323.256256103515625 327.243743896484375 328.29998779296875 331.20623779296875 334.98748779296875 335.20001220703125 334.60626220703125 331.92498779296875 327.868743896484375 323.48126220703125 316.818756103515625 318.40625 317.5 317.60626220703125 319.23748779296875 322.8125 330.46875 338.75 347.85626220703125 358.212493896484375 370.850006103515625 383.3125 391.67498779296875 399.837493896484375 402.350006103515625 409.28125 416.787506103515625 419.337493896484375 421.45001220703125 424.45001220703125 429.431243896484375 435.16876220703125
323.59375 318.83123779296875 315.212493896484375 308.01251220703125 302.07501220703125 296.51251220703125 290.71875 286.38751220703125 282.324981689453125 281.975006103515625 290.01251220703125 303.475006103515625 316.787506103515625 325.75 327.76251220703125 328.21875 328.037506103515625 328.60626220703125 331.443756103515625 329.056243896484375 328.524993896484375 323.087493896484375 319.20001220703125 310.54998779296875 309.256256103515625 309.48748779296875 308.39373779296875 306.662506103515625 308.90625 317.756256103515625 325.175018310546875 334.57501220703125 343.131256103515625 355.90625 366.600006103515625 374.08123779296875 379.89373779296875 392.33123779296875 400.26873779296875 407.01873779296875 410.73748779296875 415.443756103515625 421.462493896484375 427.350006103515625 429.95623779296875
324.13751220703125 321.65625 317.13751220703125 310.14373779296875 302.931243896484375 294.931243896484375 288.46875 281.600006103515625 273.837493896484375 270.98748779296875 276.98748779296875 293.274993896484375 311.17498779296875 320.962493896484375 322.868743896484375 322.618743896484375 322.10626220703125 323.04376220703125 325.131256103515625 325.84375 322.96875 318.86248779296875 310.774993896484375 303.70001220703125 299.76251220703125 298.6875 297.78125 296.743743896484375 297.993743896484375 305.04376220703125 312.51873779296875 320.024993896484375 328.01251220703125 340.493743896484375 348.83123779296875 352.82501220703125 364.943756103515625 376.98748779296875 383.25 390.850006103515625 398.006256103515625 402.46875 407.274993896484375 413.96875 414.524993896484375
325.006256103515625 324.556243896484375 319.08123779296875 312.75 304.89373779296875 296.212493896484375 288.89373779296875 278.04998779296875 265.79998779296875 257.850006103515625 266.243743896484375 289.11248779296875 304.03125 310.65625 314.6875 314.756256103515625 311.699981689453125 313.34375 316.149993896484375 314.725006103515625 312.46875 307.625 299.98126220703125 293.756256103515625 288.51251220703125 286.600006103515625 286.681243896484375 286.32501220703125 286.53125 292.381256103515625 300.71875 308.9375 316.40625 325 331.75 338.75 350.33123779296875 362.962493896484375 371.712493896484375 375.79376220703125 382.84375 386.90625 393.5 399.20001220703125 401.625
330.36248779296875 327.818756103515625 321.056243896484375 315.506256103515625 307.63751220703125 299.10626220703125 289.662506103515625 277.0625 265.61248779296875 254.725006103515625 269.324981689453125 290.649993896484375 300.28125 304.42498779296875 306.412506103515625 306.056243896484375 301.40625 303.600006103515625 302.98126220703125 300.23126220703125 297.70001220703125 292.368743896484375 287.70623779296875 281.774993896484375 276.38751220703125 275.70623779296875 273.45623779296875 274.9375 276.100006103515625 282.64373779296875 288.506256103515625 296.64373779296875 305.39373779296875 312.01873779296875 315.493743896484375 326.65625 337.54998779296875 347.087493896484375 357.9375 363.20001220703125 367.318756103515625 372.375 375.67498779296875 379.350006103515625 383.58123779296875
340.693756103515625 333.756256103515625 326.550018310546875 320.975006103515625 314.26873779296875 303.212493896484375 293.76251220703125 283.66876220703125 278.212493896484375 280.399993896484375 294.024993896484375 300.193756103515625 299.568756103515625 300.899993896484375 301.412506103515625 298.181243896484375 293.70001220703125 293.45623779296875 289.193756103515625 287.118743896484375 283.26251220703125 277.57501220703125 273.368743896484375 270.10626220703125 266.6875 264.01251220703125 263.487518310546875 265.10626220703125 266.54376220703125 274.181243896484375 280.76251220703125 285.4375 293.20623779296875 301.149993896484375 310.40625 317.51873779296875 324.931243896484375 334.73126220703125 341.33123779296875 343.625 348.17498779296875 353.375 354.912506103515625 359.57501220703125 362.5625
350.70623779296875 343.212493896484375 335.54998779296875 329.4375 322.118743896484375 312.28125 300.618743896484375 295.125 292.125 292.962493896484375 297.149993896484375 301.04376220703125 299.0625 297.818756103515625 296.399993896484375 291.78125 286.587493896484375 284.51251220703125 278.20623779296875 273.225006103515625 267.8125 264.60626220703125 258.006256103515625 254.9812469482421875 255.1875 254.1437530517578125 254.7624969482421875 257.04998779296875 259.20001220703125 265.868743896484375 269.95623779296875 279.068756103515625 288.98748779296875 296.524993896484375 305.21875 310.96875 316.25 323.82501220703125 327.425018310546875 326.42498779296875 328.73748779296875 332.88751220703125 332.5625 335.75 340.11248779296875
