data/historical-monthly-weather-data/wc2.1_cruts4.09_10m_prec_1953-09.asc
ncols        51
nrows        45
xllcorner    -63.500000000000
yllcorner    -7.500000000000
cellsize     0.166666666667
NODATA_value -9999
[rows 0 to 18 of 45, columns 0 to 43 of 51]
175.787506103515625 174.3562469482421875 174.1062469482421875 176.9375 177.162506103515625 175.149993896484375 168.65625 160.537506103515625 154.5187530517578125 149.149993896484375 145.9875030517578125 144.212493896484375 142.46875 138.9875030517578125 136.681243896484375 133.4875030517578125 131.7624969482421875 128.149993896484375 125.77500152587890625 122.38124847412109375 119.34999847412109375 114.46250152587890625 110.5749969482421875 106.3625030517578125 101.75 98.91249847412109375 97.2312469482421875 95.5749969482421875 92.33750152587890625 87.5625 81.8312530517578125 77.19374847412109375 74.41249847412109375 70.4250030517578125 67.5187530517578125 67.8000030517578125 69.3874969482421875 71.0124969482421875 73.15000152587890625 75.6875 78.40625 80.7937469482421875 82.2375030517578125 83.8625030517578125
167.0812530517578125 165.2624969482421875 168.318756103515625 174.381256103515625 180.850006103515625 175 166.6125030517578125 161.53125 155.3937530517578125 149.40625 145.3000030517578125 142.28125 139.5437469482421875 134.868743896484375 132.03125 129.8125 126.8000030517578125 124.18125152587890625 121.77500152587890625 119.06874847412109375 115.125 111.84375 107.68125152587890625 103.8125 98.2624969482421875 94.75 93.52500152587890625 92.16249847412109375 88.31874847412109375 82.8874969482421875 76.90000152587890625 72.3125 69.0187530517578125 66.40000152587890625 64.0812530517578125 65 67.1875 69.7062530517578125 72.0625 74.80625152587890625 77.90625 80.56874847412109375 82.8937530517578125 83.8874969482421875
153.662506103515625 154.125 157.2062530517578125 163.3937530517578125 168.71875 166.2562408447265625 160.2624969482421875 155.28125 150.5749969482421875 145.5124969482421875 141.4562530517578125 138.0625 135.037506103515625 130.118743896484375 126.6125030517578125 124.74375152587890625 121.5625 118.90625 116.22499847412109375 113.5437469482421875 109.2937469482421875 105.02500152587890625 101.0437469482421875 96.99375152587890625 91.53125 87.16249847412109375 87.1374969482421875 85.43125152587890625 82.2937469482421875 76.875 70.8562469482421875 66.375 64.56874847412109375 62.5 60.924999237060546875 62.38124847412109375 65.24375152587890625 68.6750030517578125 71.90000152587890625 75.5124969482421875 79.36875152587890625 81.74375152587890625 84.61875152587890625 86.16249847412109375
137.912506103515625 139.15625 146.149993896484375 149.774993896484375 153.3125 152.493743896484375 150.100006103515625 148.9375 145.912506103515625 142.1875 137.6374969482421875 133.912506103515625 128.9499969482421875 124.875 121.53125 119.2312469482421875 116.71875 113.8937530517578125 111.97499847412109375 109.59375 104.6750030517578125 98.63750457763671875 93.21875 88.78749847412109375 82.9562530517578125 78.80625152587890625 78.25 76.09375 74.125 69.7312469482421875 64.8562469482421875 60.28125 58.5625 57.19374847412109375 56.049999237060546875 59.55625152587890625 63.793750762939453125 67.93125152587890625 72.19374847412109375 75.97499847412109375 79.79999542236328125 82.3125 85.03749847412109375 87.2375030517578125
136.96875 134.087493896484375 132.78125 135.131256103515625 140.4250030517578125 141.399993896484375 140.4187469482421875 140.75 140.037506103515625 137.149993896484375 132.9375 127.71250152587890625 123.6875 120.90625 117.88750457763671875 115.28749847412109375 112.3937530517578125 109.13750457763671875 106.63124847412109375 103.22499847412109375 98.74375152587890625 91.05625152587890625 85.59999847412109375 80.75624847412109375 74.8874969482421875 70.52500152587890625 68.9375 68.03749847412109375 66.44374847412109375 62.206249237060546875 58.16249847412109375 53.875 52.55625152587890625 52.25624847412109375 52.44374847412109375 56.293750762939453125 61.237499237060546875 66.77500152587890625 71.88124847412109375 76.3874969482421875 80.61875152587890625 82.84375 84.9812469482421875 87.7375030517578125
135.818756103515625 132.15625 128.3625030517578125 123.9250030517578125 128.9562530517578125 134.4375 135.4187469482421875 134.7937469482421875 134.0625 132.7624969482421875 128.5124969482421875 123.50624847412109375 120.06874847412109375 117.80625152587890625 114.41249847412109375 112.49375152587890625 109.6750030517578125 105.28749847412109375 101.75624847412109375 98.21250152587890625 91.8249969482421875 84.6125030517578125 78.4812469482421875 72.8937530517578125 67.875 63.25 61.75 61.325000762939453125 59.831249237060546875 56.125 52.737499237060546875 50.65000152587890625 50.362499237060546875 50.84375 51.78749847412109375 56.981250762939453125 62.68125152587890625 69.48749542236328125 75.49375152587890625 80.21250152587890625 82.3874969482421875 84.3249969482421875 86.24375152587890625 89.19374847412109375
136.662506103515625 133.287506103515625 129.03125 124.34999847412109375 124.6125030517578125 125.4812469482421875 127.58750152587890625 128.3937530517578125 126.69374847412109375 124.18125152587890625 121.74375152587890625 118.5749969482421875 116.375 114.09375 111.44374847412109375 109.59999847412109375 107.1062469482421875 102.91249847412109375 97.94374847412109375 92.65000152587890625 85.2624969482421875 77.91249847412109375 70.7312469482421875 65.1999969482421875 60.700000762939453125 56.65625 55.46250152587890625 55.05625152587890625 53.518749237060546875 50.44374847412109375 48.049999237060546875 46.25 47.393749237060546875 49.3125 51.58750152587890625 56.731250762939453125 63.125 71.3249969482421875 78.9812469482421875 82.1999969482421875 83.9250030517578125 84.6437530517578125 86.2062530517578125 89.3125
138.0812530517578125 134.4250030517578125 130.193756103515625 127.8874969482421875 127.69374847412109375 128.2937469482421875 125.90000152587890625 120.8000030517578125 116.6687469482421875 115.1374969482421875 115.0124969482421875 113.6062469482421875 112.40625 110.4375 108.96875 106.1062469482421875 103.56874847412109375 99.33750152587890625 93.9250030517578125 86.43125152587890625 79.02500152587890625 71.22499847412109375 63.97499847412109375 58.25624847412109375 53.6875 49.893749237060546875 48.700000762939453125 48.112499237060546875 47.362499237060546875 45.21875 43.637500762939453125 42.58750152587890625 44.61875152587890625 47.71250152587890625 50.40625 55.71250152587890625 62.168750762939453125 69.625 75.3625030517578125 78.8874969482421875 80.5124969482421875 80.8312530517578125 82.21250152587890625 84.27500152587890625
140.6687469482421875 137.743743896484375 134.6062469482421875 132.1374969482421875 131.337493896484375 130.225006103515625 127.59999847412109375 122.4187469482421875 116.20000457763671875 111.44374847412109375 111.15625 110.22499847412109375 110.59375 108.59375 106.25 102.9499969482421875 99.61875152587890625 95.0187530517578125 89.97499847412109375 82.24375152587890625 73.71250152587890625 66.2937469482421875 58.15625 53.356250762939453125 48.53125 44.512500762939453125 43.74375152587890625 43.83750152587890625 43.96250152587890625 42.793750762939453125 42.568752288818359375 41.575000762939453125 43.33750152587890625 45.75 48.768749237060546875 54.59375 60.93125152587890625 67.0187530517578125 70.96250152587890625 73.8312530517578125 75.21250152587890625 74.99375152587890625 76.03749847412109375 77.6999969482421875
141.75 139.399993896484375 136.837493896484375 134.5437469482421875 134.3874969482421875 133.1999969482421875 130.287506103515625 124.5812530517578125 119.1374969482421875 114.8562469482421875 112.1437530517578125 109.65625 109.0749969482421875 107.91249847412109375 103.6687469482421875 99.9812469482421875 94.99375152587890625 89.875 84.65625 78.18125152587890625 69.7624969482421875 61.19374847412109375 52.987499237060546875 47.924999237060546875 42.91249847412109375 39.25 39.0625 39.549999237060546875 40.18125152587890625 40.518749237060546875 40.424999237060546875 40.15000152587890625 42.0625 44.9375 48.02500152587890625 53.0625 58.831249237060546875 63.887500762939453125 66.1999969482421875 68.2375030517578125 69.1875 69.125 67.8000030517578125 68.51250457763671875
144.774993896484375 142.34375 139.931243896484375 137.4499969482421875 136.6687469482421875 136.46875 133.6750030517578125 126.28749847412109375 120.0437469482421875 115.86875152587890625 113.21250152587890625 111.125 108.5625 105.8312530517578125 100.25624847412109375 95.09999847412109375 89.0187530517578125 83.8125 78.63124847412109375 73.03125 66 57.481250762939453125 48.987499237060546875 42.125 38 35.631252288818359375 35.956249237060546875 36.356250762939453125 36.83750152587890625 37.887500762939453125 38.737499237060546875 39.174999237060546875 41.34999847412109375 43.86875152587890625 46.74375152587890625 50.99375152587890625 55.71250152587890625 59.72499847412109375 61.97499847412109375 62.53749847412109375 62.168750762939453125 61.25 60.97499847412109375 59.90000152587890625
146.0437469482421875 143.6125030517578125 141.3249969482421875 139.931243896484375 138.8937530517578125 138.212493896484375 136.225006103515625 129.1750030517578125 121.86875152587890625 116.4812469482421875 113.58750152587890625 111.0812530517578125 105.96250152587890625 101.06874847412109375 96.5 90.68125152587890625 84.9499969482421875 78.96875 73.93125152587890625 69.68125152587890625 63.6875 55.11875152587890625 46.262500762939453125 39.418750762939453125 35.18125152587890625 32.68125152587890625 33.293750762939453125 34.28125 34.981250762939453125 36.53749847412109375 37.69374847412109375 38.52500152587890625 40.55625152587890625 43.22499847412109375 46.356250762939453125 50.05625152587890625 53.831249237060546875 57.174999237060546875 57.262500762939453125 56.268749237060546875 54.94374847412109375 53.3249969482421875 52.837497711181640625 51.46250152587890625
146.193756103515625 143.6999969482421875 140.993743896484375 138.4375 136.5812530517578125 135.3625030517578125 132.28125 126.19374847412109375 120.90000152587890625 116.3249969482421875 112.3937530517578125 109.09999847412109375 103.7687530517578125 95.81874847412109375 89.86875152587890625 85.1374969482421875 79.63124847412109375 74.1999969482421875 69.5187530517578125 65.19374847412109375 59.668750762939453125 51.887500762939453125 43.31874847412109375 37.28749847412109375 32.418750762939453125 29.912500381469726562 31.337499618530273438 32.99375152587890625 34.3125 35.956249237060546875 36.918750762939453125 37.75624847412109375 39.825000762939453125 41.71875 44.34375 48.21250152587890625 52.74375152587890625 56.30625152587890625 56.71875 53.25 49.40000152587890625 48.325000762939453125 46.924999237060546875 41.831249237060546875
145.118743896484375 142.131256103515625 138.337493896484375 135.2624969482421875 133.2687530517578125 130.4250030517578125 126.72499847412109375 122.49375152587890625 117.8562469482421875 114.2312469482421875 109.5187530517578125 103.5749969482421875 97.68125152587890625 90.2312469482421875 82.7062530517578125 78.6125030517578125 73.6687469482421875 68.31874847412109375 63.36875152587890625 59.28125 53.78749847412109375 46.418750762939453125 39.28749847412109375 35.15625 31.306249618530273438 28.774999618530273438 30.306249618530273438 32.03749847412109375 33.387500762939453125 35.231250762939453125 36.97499847412109375 37.61875152587890625 39.049999237060546875 40.56874847412109375 43.05625152587890625 47.706249237060546875 53.34999847412109375 59.00624847412109375 60.24375152587890625 57.637500762939453125 49.612499237060546875 44.28749847412109375 42.75 41.05625152587890625
142.7062530517578125 138.712493896484375 134.493743896484375 131.287506103515625 129.068756103515625 124.2375030517578125 121.43125152587890625 117.0749969482421875 112.625 109.8000030517578125 104.40000152587890625 97.89374542236328125 91.1374969482421875 83.8562469482421875 76 70.86875152587890625 66.8000030517578125 62.549999237060546875 57.737499237060546875 54.012500762939453125 49.03125 42.93125152587890625 37.08750152587890625 34.706249237060546875 32.78749847412109375 31.087499618530273438 32.5625 33.71875 34.643749237060546875 36.456249237060546875 37.081249237060546875 37.512500762939453125 39.043750762939453125 40.09999847412109375 41.25 46.91249847412109375 55.700000762939453125 65.9499969482421875 71.3312530517578125 68.83750152587890625 62.36875152587890625 54.581249237060546875 50.40625 46.27500152587890625
138.7937469482421875 134.28125 130.6374969482421875 127.0437469482421875 123.34375 119.8937530517578125 116.25 111.7687530517578125 108.16249847412109375 105.40625 99.96250152587890625 92.4250030517578125 85.0500030517578125 77.96875 70.65000152587890625 64.08750152587890625 60.16249847412109375 57.0625 52.887500762939453125 49.68125152587890625 44.84999847412109375 40.012500762939453125 35.72499847412109375 35.19374847412109375 34.612499237060546875 33.40000152587890625 34.71875 36.056247711181640625 37.075000762939453125 38.3125 39.600002288818359375 39.34999847412109375 39.78125 40.93125152587890625 41.143749237060546875 48.956249237060546875 61.06874847412109375 72.9250030517578125 83.1125030517578125 84.44374847412109375 81.3625030517578125 69.50624847412109375 58.77500152587890625 50.4375
133.09375 129.193756103515625 126.1999969482421875 122.7687530517578125 118.7937469482421875 115.5749969482421875 111.8125 107.96250152587890625 104.31874847412109375 100.7375030517578125 95.9812469482421875 88.09375 79.7624969482421875 72.31874847412109375 66.50624847412109375 60.74375152587890625 54.84375 51.606250762939453125 48.8125 45.793750762939453125 41.25624847412109375 37.15625 34.268749237060546875 35.74375152587890625 36.71875 35.58750152587890625 37.049999237060546875 38.55625152587890625 39.8125 41.375 43.34999847412109375 44.81874847412109375 44.75 45.18125152587890625 49.125 56.49375152587890625 67.83750152587890625 85.47499847412109375 103.53125 101 92.6062469482421875 77.84375 63.28749847412109375 54.543750762939453125
127.40625 124.0500030517578125 120.125 116.8000030517578125 113.91249847412109375 110.8249969482421875 106.6875 102.3874969482421875 99.4375 95.4187469482421875 90.7062530517578125 83.27500152587890625 75.28125 68.1999969482421875 62.59999847412109375 57.5625 52.28749847412109375 46.981250762939453125 45.21875 42.34999847412109375 38.65000152587890625 34.8125 32.68125152587890625 35.512500762939453125 37.987499237060546875 37.99375152587890625 40.3125 42.15625 43.18125152587890625 44.018749237060546875 45.393749237060546875 46.71250152587890625 51.706249237060546875 56.825000762939453125 59.03749847412109375 62.9375 76.5812530517578125 93.0500030517578125 103.77500152587890625 102.9499969482421875 91.25624847412109375 77.25624847412109375 64.9499969482421875 58.5625
121.5 117.8562469482421875 113.90625 111.2062530517578125 108.1687469482421875 105.3249969482421875 101.3000030517578125 98.0812530517578125 94.90000152587890625 91.08750152587890625 86.36875152587890625 78.90625 71.1062469482421875 64.5749969482421875 58.887500762939453125 54.737499237060546875 50.31874847412109375 44.97499847412109375 41.68125152587890625 39.15625 36.643749237060546875 35.106250762939453125 30.737499237060546875 34.006252288818359375 37.862499237060546875 40.668750762939453125 44.200000762939453125 46.174999237060546875 48.4375 48.612499237060546875 48.9375 53.831249237060546875 63.71875 69.72499847412109375 73.84999847412109375 78.4250030517578125 86.28125 94.375 98.6437530517578125 95.34999847412109375 85.91249847412109375 74.9187469482421875 65.8249969482421875 61.09999847412109375
