data/historical-monthly-weather-data/wc2.1_cruts4.09_10m_prec_1991-02.asc
ncols        45
nrows        45
xllcorner    -63.500000000000
yllcorner    -7.500000000000
cellsize     0.166666666667
NODATA_value -9999
[rows 0 to 19 of 45, columns 0 to 44 of 45]
136.4375 135.1999969482421875 131.7937469482421875 130.5749969482421875 127.66249847412109375 127.1999969482421875 125.5625 121.93125152587890625 118.3249969482421875 116.94374847412109375 118.4375 119.05625152587890625 119.1125030517578125 115.2624969482421875 112.99375152587890625 111 109.81874847412109375 106.56874847412109375 106.30625152587890625 106.65625 108.15625 109.83750152587890625 112.97499847412109375 116.78125 121.4250030517578125 126.7687530517578125 133.037506103515625 139.8249969482421875 147.118743896484375 152.725006103515625 159 165.8874969482421875 171.9250030517578125 178.568756103515625 186.0625 192.8562469482421875 197.931243896484375 202.375 206.431243896484375 208.587493896484375 211.7937469482421875 213.837493896484375 214.0749969482421875 217.2687530517578125 218.0187530517578125
141.712493896484375 140.7375030517578125 139.59375 137.899993896484375 136.818756103515625 138.3000030517578125 137.6750030517578125 137.5625 137.1437530517578125 136.243743896484375 135.975006103515625 134.181243896484375 131.875 128.225006103515625 124.6687469482421875 121.1062469482421875 118.5124969482421875 116.1999969482421875 115.7062530517578125 115.65000152587890625 116.97499847412109375 119.36875152587890625 122.6999969482421875 126.6437530517578125 130.8000030517578125 136.34375 142.243743896484375 149.274993896484375 156.212493896484375 161.7937469482421875 166.943756103515625 174.4562530517578125 181.2375030517578125 189.1750030517578125 196.5437469482421875 203.556243896484375 209.3312530517578125 213.806243896484375 217.618743896484375 219.6750030517578125 222.40625 223.743743896484375 223.1750030517578125 225.131256103515625 225.4375
145.65625 145.625 145.318756103515625 145.15625 145.9499969482421875 148.1374969482421875 150.631256103515625 154.006256103515625 156.3625030517578125 156.087493896484375 154.2375030517578125 150.662506103515625 146.368743896484375 141.0187530517578125 135.8000030517578125 130.8874969482421875 126.75624847412109375 124.65000152587890625 123.61875152587890625 123.4562530517578125 125.0749969482421875 128.618743896484375 131.7062530517578125 135.6062469482421875 140.9562530517578125 145.6687469482421875 151.4875030517578125 158.662506103515625 164.5437469482421875 169.3000030517578125 175.34375 182.2375030517578125 189.9375 197.09375 205.743743896484375 212.131256103515625 218.8937530517578125 225.3125 228.40625 230.6750030517578125 233.0187530517578125 233.15625 231.975006103515625 231.125 231.9187469482421875
147.556243896484375 148.756256103515625 150.774993896484375 152.412506103515625 156.712493896484375 159.381256103515625 164.1999969482421875 170.6687469482421875 176.0124969482421875 177.681243896484375 174.4562530517578125 167.681243896484375 159.912506103515625 152.412506103515625 146.1999969482421875 140.225006103515625 135.162506103515625 131.5500030517578125 130.600006103515625 131.8312530517578125 134.4875030517578125 137.75 140.5 144.6374969482421875 149.524993896484375 154.34375 160.774993896484375 167.306243896484375 172.75 177.9437408447265625 183.068756103515625 190.96875 197.9875030517578125 205.931243896484375 213.8874969482421875 221.931243896484375 229.53125 236.212493896484375 240.681243896484375 243.4499969482421875 244.2375030517578125 243.28125 241.1875 238.506256103515625 238.4499969482421875
152.631256103515625 152.96875 154.3562469482421875 158.3312530517578125 164.7312469482421875 169.71875 175.431243896484375 185.1125030517578125 195.243743896484375 200.5437469482421875 192.75 181.4375 172.5124969482421875 164.037506103515625 156.0124969482421875 149.15625 143.506256103515625 138.71875 138.287506103515625 140.068756103515625 143.537506103515625 146.087493896484375 149.318756103515625 153.743743896484375 158.2312469482421875 163.274993896484375 168.056243896484375 173.693756103515625 180.881256103515625 186.431243896484375 191.962493896484375 198.34375 206.6687469482421875 215.118743896484375 223.1999969482421875 232.024993896484375 241.243743896484375 249.3000030517578125 254.212493896484375 255.98748779296875 257.162506103515625 253.9499969482421875 249.5749969482421875 245.7687530517578125 243.3249969482421875
155.6750030517578125 157.96875 159.1374969482421875 162.4250030517578125 168.8625030517578125 175.5 182.9875030517578125 192.9812469482421875 204.6062469482421875 212.8625030517578125 202.243743896484375 190 181.118743896484375 173.181243896484375 165.625 159.71875 153.368743896484375 148.850006103515625 148.975006103515625 151.0187530517578125 153.493743896484375 156.0437469482421875 159.03125 162.681243896484375 166.3312530517578125 171.5500030517578125 176.618743896484375 181.756256103515625 187.993743896484375 193.556243896484375 199.318756103515625 205.881256103515625 213.243743896484375 223.5187530517578125 232.6687469482421875 241.875 251.993743896484375 260.875 267.318756103515625 269.5625 268.76873779296875 264.34375 259.07501220703125 254.0437469482421875 248.2687530517578125
158.975006103515625 162.2937469482421875 164.556243896484375 166.9812469482421875 172.818756103515625 178.4375 185.337493896484375 192.5437469482421875 200.4499969482421875 203.1875 199.65625 192.837493896484375 186.125 179.962493896484375 174.443756103515625 169.649993896484375 165.5437469482421875 163.5 163.28125 163.03125 163.3874969482421875 165.443756103515625 167.0437469482421875 170.1062469482421875 175.181243896484375 179.5812530517578125 184.6062469482421875 190.2375030517578125 194.7937469482421875 199.78125 206.693756103515625 213.5124969482421875 221.78125 229.71875 238.962493896484375 250.35626220703125 260.818756103515625 271.162506103515625 279.993743896484375 282.587493896484375 279.71875 274.76251220703125 269.256256103515625 263.11248779296875 255.381256103515625
161.6875 165.056243896484375 167.6999969482421875 172.1062469482421875 177.806243896484375 181.462493896484375 184.9875030517578125 187.8937530517578125 189.8000030517578125 191.5500030517578125 193.743743896484375 193.1750030517578125 190.28125 185.5187530517578125 181.631256103515625 178.6750030517578125 176.21875 176.5187530517578125 177.4250030517578125 174.225006103515625 172.431243896484375 173.25 174.368743896484375 177.7687530517578125 182.818756103515625 187.162506103515625 192.068756103515625 196.90625 202.1062469482421875 207.0437469482421875 212.6374969482421875 220.2312469482421875 228.40625 237.006256103515625 245.84375 256.625 267.73748779296875 278.29376220703125 286.568756103515625 290.475006103515625 289.84375 285.79376220703125 280.39373779296875 273.04376220703125 266.118743896484375
165.212493896484375 169.625 172.381256103515625 176.881256103515625 181.7062530517578125 183.2624969482421875 185.5 186.0812530517578125 184.5 185.5812530517578125 190.3249969482421875 193.53125 193.25 190.5187530517578125 187.21875 185.381256103515625 183.381256103515625 183.28125 184.4499969482421875 180.631256103515625 177.7375030517578125 178.3312530517578125 179.912506103515625 185.28125 190.506256103515625 194.8312530517578125 198.875 203.368743896484375 208.8249969482421875 213.337493896484375 219.149993896484375 226.537506103515625 234.243743896484375 242.03125 250.493743896484375 261.899993896484375 273.318756103515625 284.09375 293.70623779296875 299.274993896484375 300.318756103515625 297.78125 294.35626220703125 288.76251220703125 283.40625
168.506256103515625 174.006256103515625 177.3249969482421875 181.0625 184.931243896484375 185.75 187.743743896484375 188.1687469482421875 188.7624969482421875 190.28125 194.350006103515625 196.225006103515625 197.524993896484375 195.21875 192.7624969482421875 189.9875030517578125 187.381256103515625 186.3937530517578125 184.5625 181.806243896484375 180.46875 182.1062469482421875 185.2937469482421875 192.6437530517578125 198.2062530517578125 202.3000030517578125 206.5187530517578125 209.9812469482421875 215.693756103515625 220.162506103515625 224.5749969482421875 231.056243896484375 238.743743896484375 247.337493896484375 256.193756103515625 267.3125 278.86248779296875 288.95623779296875 299.193756103515625 307.256256103515625 311.79998779296875 311.543731689453125 308.774993896484375 303.350006103515625 300.26251220703125
171.0625 177.462493896484375 180.875 184.3125 187.46875 188.25 189.9187469482421875 191.7937469482421875 193.7687530517578125 196.28125 200.4250030517578125 202.5749969482421875 202.7937469482421875 200.431243896484375 197.524993896484375 194.125 190.2624969482421875 187.4187469482421875 184.2937469482421875 181.96875 181.1125030517578125 183.7062530517578125 189.6125030517578125 196.6062469482421875 205.287506103515625 209.3562469482421875 212.5437469482421875 216.59375 221.024993896484375 224.662506103515625 229.4375 235.3000030517578125 242.381256103515625 250.8062591552734375 260.79376220703125 272.493743896484375 282.82501220703125 294.081268310546875 305.056243896484375 313.73748779296875 320.318756103515625 321.256256103515625 320.36248779296875 316.725006103515625 313.66876220703125
174.5812530517578125 181.4499969482421875 184.381256103515625 187.8312530517578125 191.2312469482421875 192.2312469482421875 194.1062469482421875 197.556243896484375 200.024993896484375 203.118743896484375 207.787506103515625 210.65625 209.412506103515625 205.962493896484375 202.806243896484375 198.243743896484375 193.774993896484375 189.524993896484375 185.037506103515625 181.5625 180.5187530517578125 184.3937530517578125 193.3562469482421875 203.850006103515625 212.443756103515625 215.2312469482421875 217.40625 220.8312530517578125 225.193756103515625 229.46875 233.943756103515625 238.712493896484375 245.6875 253.5 262.90625 274.850006103515625 286.95623779296875 298.76251220703125 310.70623779296875 320.943756103515625 329.431243896484375 330.462493896484375 327.524993896484375 321.71875 316.8125
176.1750030517578125 184.0625 187.5 190.712493896484375 194.8249969482421875 196.59375 199.412506103515625 202.78125 205.4250030517578125 209.725006103515625 214.3125 217.28125 215.6750030517578125 210.5124969482421875 206.5625 201.1999969482421875 196.243743896484375 192.1687469482421875 188.100006103515625 183.756256103515625 180.7937469482421875 185.7624969482421875 196.4124908447265625 206.78125 213.506256103515625 216.725006103515625 220.5124969482421875 224.287506103515625 228.337493896484375 232.625 237.0437469482421875 241.556243896484375 247.0124969482421875 254.7125091552734375 264.006256103515625 275.443756103515625 287.550018310546875 301.35626220703125 315.04998779296875 327 338.125 338.23126220703125 331.25 322.693756103515625 314.787506103515625
176.993743896484375 185.631256103515625 189.337493896484375 192.881256103515625 197.5187530517578125 199.787506103515625 203.649993896484375 207.59375 210.8125 214.618743896484375 218.350006103515625 219.75 218.024993896484375 214.225006103515625 208.9187469482421875 204.0124969482421875 198.4375 195.212493896484375 191.53125 188.868743896484375 188.7937469482421875 193.193756103515625 201.181243896484375 208.4499969482421875 214.125 217.943756103515625 222.537506103515625 226.4499969482421875 230.931243896484375 234.125 238.337493896484375 242.1374969482421875 246.9375 254.3249969482421875 262.881256103515625 274.8125 288.65625 303.662506103515625 319.8125 333.037506103515625 342.29376220703125 337.756256103515625 331.84375 325.475006103515625 318.29998779296875
178.568756103515625 187.2312469482421875 191.381256103515625 195.993743896484375 200.181243896484375 203.524993896484375 208.381256103515625 212.399993896484375 216.0500030517578125 219.59375 222.1062469482421875 223.399993896484375 221.75 218.1875 213.3000030517578125 207.881256103515625 202.912506103515625 199.9187469482421875 197.368743896484375 196.3937530517578125 197.7624969482421875 201.212493896484375 207.381256103515625 212.9250030517578125 217.3312530517578125 221.931243896484375 226.4250030517578125 229.7375030517578125 233.6062469482421875 236.8125 239.193756103515625 241.381256103515625 245.71875 251.3874969482421875 259.4375 270.84375 286.59375 304.10626220703125 320.850006103515625 332.837493896484375 337.17498779296875 335.618743896484375 332.86248779296875 327.15625 319.368743896484375
179.25 188.0749969482421875 192.662506103515625 197.5812530517578125 202.6624908447265625 206.65625 211.868743896484375 215.881256103515625 220.037506103515625 224.381256103515625 227.068756103515625 228.4187469482421875 227.1125030517578125 223.181243896484375 218.125 211.28125 207.4250030517578125 205.96875 204.774993896484375 204.806243896484375 206.0124969482421875 208.90625 213.6999969482421875 218.875 221.84375 225.037506103515625 228.5 232.3249969482421875 236.6624908447265625 239.556243896484375 241.65625 241.662506103515625 242.2937469482421875 245.5124969482421875 250.912506103515625 263.08123779296875 280.537506103515625 301.131256103515625 320.83123779296875 332.625 335.79998779296875 333.587493896484375 330.58123779296875 325.63751220703125 316.79376220703125
178.3312530517578125 188.2624969482421875 193.0749969482421875 198.3000030517578125 204.0812530517578125 208.6875 214.2624969482421875 219.225006103515625 223.774993896484375 228.6437530517578125 232.6125030517578125 234.7375030517578125 234.21875 230.725006103515625 225.118743896484375 217.962493896484375 212.4562530517578125 210.8000030517578125 210.21875 211.287506103515625 213.5124969482421875 216.3874969482421875 219.9250030517578125 224.149993896484375 227.068756103515625 227.868743896484375 229.693756103515625 234.09375 239.3625030517578125 243.28125 244.4375 242.7062530517578125 239.8874969482421875 237.2624969482421875 240.6062469482421875 252.3249969482421875 270.475006103515625 296.42498779296875 323.20623779296875 330.53125 329.45623779296875 327.42498779296875 323.662506103515625 319.293731689453125 312.375
176.65625 187.287506103515625 193.243743896484375 199.28125 205.3249969482421875 210.412506103515625 216.475006103515625 221.993743896484375 226.931243896484375 231.9499969482421875 237.131256103515625 241.618743896484375 243.649993896484375 240.899993896484375 235.443756103515625 228.118743896484375 219.681243896484375 214.7062530517578125 215.350006103515625 216.431243896484375 220.475006103515625 223.0374908447265625 224.662506103515625 226.8249969482421875 228.8937530517578125 229.78125 230.662506103515625 236.0187530517578125 242.4437408447265625 247.131256103515625 247.3000030517578125 240.03125 234.100006103515625 228.7375030517578125 228.193756103515625 236.399993896484375 258.32501220703125 284.45623779296875 309.10626220703125 319.41876220703125 319.162506103515625 317.350006103515625 314.931243896484375 312.256256103515625 306.73126220703125
174.399993896484375 185.84375 192.225006103515625 198.0625 204.7312469482421875 211.2624969482421875 217.256256103515625 223.868743896484375 229.84375 234.993743896484375 241.3625030517578125 247.1125030517578125 251.8125 253.03125 246.25 235.837493896484375 225.756256103515625 218.5749969482421875 217.2062530517578125 219.125 224.493743896484375 227.774993896484375 226.131256103515625 227.4437408447265625 229.3249969482421875 231.4499969482421875 234.0187530517578125 239.193756103515625 246.3312530517578125 252.3125 252.875 242.90625 231.7375030517578125 219.931243896484375 214.006256103515625 222.9250030517578125 244.631256103515625 268.98126220703125 290.82501220703125 302.33123779296875 306.225006103515625 304.96875 304.63751220703125 304.006256103515625 299.98748779296875
172.4499969482421875 183.5812530517578125 190.21875 196.381256103515625 203.9875030517578125 211.318756103515625 218.5437469482421875 224.818756103515625 231.0625 236.7375030517578125 242.868743896484375 249.975006103515625 258.09375 264.475006103515625 255.21875 239.443756103515625 226.2624969482421875 220.087493896484375 218.28125 219.850006103515625 222.375 223.8625030517578125 225.7687530517578125 226.993743896484375 228.943756103515625 231.40625 235.7937469482421875 242.2937469482421875 247.96875 252.868743896484375 251.59375 244.0437469482421875 228.8625030517578125 211.625 199.78125 210.8874969482421875 235.6062469482421875 259.743743896484375 278.731231689453125 290.431243896484375 294.1875 293.0625 295.975006103515625 297.67498779296875 295.26251220703125
