data/historical-monthly-weather-data/wc2.1_cruts4.09_10m_prec_1971-09.asc
ncols        45
nrows        45
xllcorner    -63.500000000000
yllcorner    -7.500000000000
cellsize     0.166666666667
NODATA_value -9999
[rows 19 to 37 of 45, columns 0 to 43 of 45]
107.97499847412109375 104.97499847412109375 102.09375 100.3312530517578125 98.9499969482421875 98.8625030517578125 97.78749847412109375 95.95624542236328125 95.4187469482421875 93.30625152587890625 90.1750030517578125 84.56874847412109375 78.16249847412109375 71.93125152587890625 66.31874847412109375 61.9375 56.86875152587890625 54.700000762939453125 51.625 50.5625 46.362499237060546875 42.56874847412109375 40.77500152587890625 40.393749237060546875 39.543750762939453125 37.58750152587890625 36.393749237060546875 35.41249847412109375 33.081249237060546875 31.368749618530273438 30.793750762939453125 34.356250762939453125 37.11875152587890625 40.762500762939453125 43.34375 43.543750762939453125 43.31874847412109375 43.356250762939453125 43.143749237060546875 41.393749237060546875 38.049999237060546875 34.59999847412109375 34.30625152587890625 35.25624847412109375
104.9250030517578125 103.0187530517578125 101.49375152587890625 100.2624969482421875 99.13124847412109375 98.5 98.18125152587890625 97.25 97.4250030517578125 96.30625152587890625 93.28749847412109375 88.6750030517578125 82.3562469482421875 75.21875 69.9250030517578125 63.99375152587890625 58.825000762939453125 55.018749237060546875 53.46875 50.61875152587890625 47.975002288818359375 45.231250762939453125 42.5 41.71875 41.106250762939453125 39.30625152587890625 37.75624847412109375 36.018749237060546875 34.47499847412109375 35.02500152587890625 36.08750152587890625 39.3125 42.118747711181640625 46 50.575000762939453125 48.84375 44.96250152587890625 42.674999237060546875 41.231250762939453125 39.674999237060546875 37.88124847412109375 36.137500762939453125 35.793750762939453125 36.487499237060546875
103.1750030517578125 100.19374847412109375 99.08750152587890625 98.4875030517578125 98.66249847412109375 99.25 99.05625152587890625 99.34999847412109375 99.90000152587890625 99.2937469482421875 96.96875 93.18125152587890625 88.4562530517578125 82.1374969482421875 76.0187530517578125 68.97499847412109375 63.424999237060546875 58.90000152587890625 56.66249847412109375 53.493747711181640625 49.081249237060546875 46.03749847412109375 43.268749237060546875 42.11875152587890625 40.825000762939453125 39.28749847412109375 39.16249847412109375 37.90625 37.637500762939453125 38.94374847412109375 40.53125 43.00624847412109375 44.9375 47.424999237060546875 48.081249237060546875 47.03125 43.5625 41.34999847412109375 39.84375 38.97499847412109375 38.33750152587890625 38.012500762939453125 38.65625 39.456249237060546875
101.97499847412109375 100.21875 98.58750152587890625 98.4250030517578125 98.71875 99.5187530517578125 100.4375 101.34375 103.13124847412109375 102.34999847412109375 101.90000152587890625 99.28749847412109375 96.78749847412109375 91.25 82.80625152587890625 74.94374847412109375 68.08750152587890625 63.43125152587890625 59.5 55.90625 51.399997711181640625 47.90000152587890625 44.46875 42.362499237060546875 41.11875152587890625 39.50624847412109375 39.375 39.700000762939453125 39.706249237060546875 41.112499237060546875 43.450000762939453125 46.231250762939453125 46.674999237060546875 46.575000762939453125 45.112499237060546875 42.84999847412109375 40.78749847412109375 39.00624847412109375 38.38124847412109375 38.84375 39.71250152587890625 40.112499237060546875 41.06874847412109375 42.08750152587890625
103.1687469482421875 100.25624847412109375 99.36875152587890625 98.66875457763671875 98.28749847412109375 100.1999969482421875 101.5500030517578125 102.3312530517578125 103.9562530517578125 103.8249969482421875 103.1687469482421875 102.9812469482421875 103.0187530517578125 97.27500152587890625 87.58750152587890625 78.90625 71.88124847412109375 66.8312530517578125 62.59375 58.206249237060546875 53.618747711181640625 49.40000152587890625 46.231250762939453125 44.049999237060546875 42.25 40.106250762939453125 39.99375152587890625 40.44374847412109375 41.625 43.49375152587890625 45.84375 48.549999237060546875 47.6875 46.168750762939453125 43.99375152587890625 41.081249237060546875 39.393749237060546875 38.50624847412109375 38.58750152587890625 40.03749847412109375 41.25624847412109375 42.22499847412109375 43.862499237060546875 45.44374847412109375
105.68125152587890625 102.08750152587890625 100.34999847412109375 99.18125152587890625 101.3625030517578125 102.49375152587890625 103.125 103.8000030517578125 104.72499847412109375 105.1437530517578125 104.9562530517578125 103.69374847412109375 102.3625030517578125 98.0437469482421875 90.0187530517578125 81.6999969482421875 75 69.34999847412109375 64.59999847412109375 60.456249237060546875 55.924999237060546875 51.40625 48.50624847412109375 46.21250152587890625 43.356250762939453125 41.625 41.581249237060546875 42.293750762939453125 43.53125 45.81874847412109375 48.08750152587890625 50.299999237060546875 49.31874847412109375 46.956249237060546875 43.924999237060546875 41.28749847412109375 40.15625 39.40000152587890625 39.78125 41.22499847412109375 42.674999237060546875 44.5 46.66249847412109375 49.799999237060546875
110.47499847412109375 107.99375152587890625 104.46875 103.875 103.9250030517578125 104.34375 105.0124969482421875 105.1687469482421875 105.5437469482421875 106.02500152587890625 104.63124847412109375 103.34375 101.3312530517578125 97.18125152587890625 90.61875152587890625 83.5812530517578125 76.9499969482421875 71.7062530517578125 66.7062530517578125 62.262500762939453125 57.793750762939453125 53.25 50.424999237060546875 48.125 45.3125 42.99375152587890625 43.66249847412109375 44.96250152587890625 46.018749237060546875 48.393749237060546875 50.6875 53.03125 50.643749237060546875 47.63124847412109375 44.78125 43.206249237060546875 41.575000762939453125 40.63124847412109375 41.78749847412109375 43.11875152587890625 45.08750152587890625 47.03749847412109375 49.49375152587890625 53.44374847412109375
117.1062469482421875 113.45000457763671875 110.15000152587890625 108.94374847412109375 107.53749847412109375 107.52500152587890625 107.0625 106.0124969482421875 104.9250030517578125 104.9187469482421875 104.3562469482421875 102.99375152587890625 100.3937530517578125 96.84999847412109375 91.0812530517578125 84.72499847412109375 79.3125 73.59375 68.7062530517578125 64.2375030517578125 60.09999847412109375 55.668750762939453125 52.5625 51.16249847412109375 48.19374847412109375 46.106250762939453125 46.93125152587890625 47.90000152587890625 49.168750762939453125 51.325000762939453125 53.46875 55 52.956249237060546875 49.50624847412109375 45.924999237060546875 44.46250152587890625 43.112499237060546875 41.918750762939453125 43.21875 44.887500762939453125 46.59999847412109375 49.30625152587890625 52.65625 56.137500762939453125
123.8312530517578125 120.31874847412109375 117.1125030517578125 113.7375030517578125 111.91249847412109375 110.4562530517578125 109.3249969482421875 107.6687469482421875 105.58750152587890625 105.21250152587890625 103.9562530517578125 102.21250152587890625 99.71250152587890625 97.15000152587890625 91.5625 85.8125 80.49375152587890625 75.15000152587890625 70.3625030517578125 66.41875457763671875 62.28125 58.237499237060546875 55.231250762939453125 53.606250762939453125 51.53125 49.375 50.137500762939453125 51.293750762939453125 52.63124847412109375 54.950000762939453125 56.481250762939453125 57.80625152587890625 55.4375 51.34999847412109375 47.55625152587890625 45.706249237060546875 44.78125 43.8125 45.18125152587890625 46.90625 48.86875152587890625 52.331249237060546875 55.09999847412109375 59.487499237060546875
131.131256103515625 127.2937469482421875 122.36875152587890625 117.9812469482421875 114.84999847412109375 112.2375030517578125 110.08750152587890625 108.3125 106.3562469482421875 104.94374847412109375 103.09999847412109375 100.9187469482421875 99.5749969482421875 96.55625152587890625 91.34375 87.36875152587890625 83.5124969482421875 76.625 71.7624969482421875 68.0749969482421875 64.5124969482421875 61.06874847412109375 58.36875152587890625 56.956249237060546875 54.49375152587890625 52.862499237060546875 53.731250762939453125 55.356250762939453125 57.3125 58.65625 59.58750152587890625 60.456249237060546875 57.231250762939453125 53.09999847412109375 49.66249847412109375 47.418750762939453125 46.52500152587890625 45.81874847412109375 47.46875 49.174999237060546875 49.950000762939453125 52.83750152587890625 57.02500152587890625 62.33750152587890625
137.743743896484375 133.3625030517578125 126.4187469482421875 120.97499847412109375 116.84375 114.0124969482421875 111.49375152587890625 109.09999847412109375 106.74375152587890625 104.5500030517578125 102.2624969482421875 100.96875 99.3874969482421875 96.8562469482421875 93.2375030517578125 88.8625030517578125 84.46250152587890625 79.1125030517578125 73.78749847412109375 70.0500030517578125 67.22499847412109375 64.63124847412109375 61.762500762939453125 60.19374847412109375 58.80625152587890625 58.03749847412109375 58.725002288818359375 59.96250152587890625 61.206249237060546875 62.4375 63.55625152587890625 64.0625 60.268749237060546875 55.99375152587890625 52.55625152587890625 50.318752288818359375 49.125 48.643749237060546875 49.03749847412109375 51.168750762939453125 52.487499237060546875 54.956249237060546875 58.11875152587890625 62.975002288818359375
141.6875 137.193756103515625 131.1875 124.0749969482421875 119.7062530517578125 116.71875 112.66249847412109375 109.46875 107.19374847412109375 105.08750152587890625 102.4875030517578125 100.875 101.0187530517578125 98.31874847412109375 94.50624847412109375 90.40000152587890625 87.25 82.21250152587890625 76.91249847412109375 73.7062530517578125 71.00624847412109375 68.9812469482421875 66.6374969482421875 65.00624847412109375 63.59375 63.168750762939453125 63.856250762939453125 64.86875152587890625 65.99375152587890625 65.81874847412109375 66.91249847412109375 67.1999969482421875 63.174999237060546875 59.725002288818359375 56.15000152587890625 52.97499847412109375 51.40625 50.77500152587890625 51.65625 53.09375 53.84999847412109375 55.887500762939453125 58.549999237060546875 62.44374847412109375
146.4375 139.962493896484375 133.2062530517578125 127.02500152587890625 123.5187530517578125 118.94374847412109375 114.65625 111.03749847412109375 108.77500152587890625 105.99375152587890625 103.56874847412109375 101.7687530517578125 100.13124847412109375 98.9499969482421875 96.6437530517578125 94.5124969482421875 90.9875030517578125 86.3125 82.09999847412109375 79.47499847412109375 77.1437530517578125 73.84375 71.7312469482421875 69.93125152587890625 69.75 68.3625030517578125 68.59375 70.2624969482421875 71.1875 70.6437530517578125 70.9812469482421875 70.0124969482421875 66.2937469482421875 62.66249847412109375 58.86875152587890625 55.36875152587890625 53.206249237060546875 51.53749847412109375 52.018749237060546875 53.012500762939453125 53.862499237060546875 55.72499847412109375 58.40000152587890625 61.46250152587890625
146.5749969482421875 141.4562530517578125 134.6687469482421875 129.399993896484375 125.86875152587890625 121.75624847412109375 118.13124847412109375 113.74375152587890625 110.90625 107.34999847412109375 107.2375030517578125 104.1999969482421875 102.75 103.1437530517578125 101.1875 100.02500152587890625 97.5 94.40000152587890625 90.4187469482421875 87.6750030517578125 84.50624847412109375 80.99375152587890625 77.58750152587890625 76.03749847412109375 75.71250152587890625 74.15625 74.3937530517578125 75.78125 76.65625 76.59999847412109375 75.7375030517578125 74.46250152587890625 70.1125030517578125 66.34375 62.862499237060546875 59.08750152587890625 56.13124847412109375 53.268749237060546875 53.11875152587890625 53.91249847412109375 54.200000762939453125 55.606250762939453125 57.793750762939453125 59.9375
144.881256103515625 141.4375 136.71875 132.131256103515625 128.2687530517578125 124.4250030517578125 121.33750152587890625 117.3249969482421875 113.3562469482421875 110.46875 108.3937530517578125 107.9812469482421875 106.46250152587890625 104.90625 104.96875 104.65625 104.6062469482421875 102.375 99.5124969482421875 96.78125 93.13124847412109375 88.56874847412109375 84.49375152587890625 82.21875 81 79.5500030517578125 79.78749847412109375 81.08750152587890625 81.61875152587890625 81.0437469482421875 80.1687469482421875 78.6687469482421875 74.3562469482421875 70.11875152587890625 66.5 63.52500152587890625 59.418750762939453125 55.893749237060546875 55.143749237060546875 54.49375152587890625 53.86875152587890625 55.34999847412109375 57.231250762939453125 58.793750762939453125
144.118743896484375 141.375 137.868743896484375 134.943756103515625 131.84375 127.4562530517578125 124.84375 121.05625152587890625 115.8937530517578125 112.8874969482421875 111.6875 112.15625 110.8000030517578125 109.5187530517578125 110.16249847412109375 111.22499847412109375 111.6875 109.5625 108.8562469482421875 106.02500152587890625 102.44374847412109375 97.1750030517578125 91.3937530517578125 88.375 85.90000152587890625 85.1374969482421875 85.75624847412109375 86.4187469482421875 86.78125 85.4562530517578125 84.09999847412109375 81.7687530517578125 77.69374847412109375 73.6437530517578125 69.5625 65.63124847412109375 61.96875 59.13124847412109375 57.21250152587890625 55.981250762939453125 53.831249237060546875 54 55.56874847412109375 56.200000762939453125
141.899993896484375 139.087493896484375 136.837493896484375 134.600006103515625 132.0437469482421875 128.837493896484375 125.25624847412109375 122.9875030517578125 118.7937469482421875 115.5 115.0187530517578125 115.43125152587890625 115.86875152587890625 115.7312469482421875 116.3937530517578125 117.77500152587890625 118.09375 117.44374847412109375 117.1875 116.15000152587890625 111 105.08750152587890625 97.9875030517578125 93.9187469482421875 91.5500030517578125 90.1999969482421875 90.16249847412109375 90.9562530517578125 91.375 89.40000152587890625 87.71875 85.4562530517578125 80.88124847412109375 76.9812469482421875 72.9562530517578125 68.71875 66.1999969482421875 63.00624847412109375 60.88124847412109375 59.143749237060546875 57.481250762939453125 56.831249237060546875 56.90000152587890625 57.16249847412109375
139.462493896484375 137.462493896484375 135.3125 132.975006103515625 132.1062469482421875 129.5437469482421875 127.1437530517578125 124.90625 121.84999847412109375 117.9187469482421875 119.1125030517578125 123.56874847412109375 124.18125152587890625 123.61875152587890625 124.3937530517578125 124.5625 125.0749969482421875 123.6437530517578125 122.7937469482421875 121.4562530517578125 117.5749969482421875 110.00624847412109375 103.0437469482421875 98.38124847412109375 95.7937469482421875 94.5812530517578125 94.0437469482421875 94.3125 94.71250152587890625 92.8562469482421875 90.65000152587890625 88.3625030517578125 84.46875 80.72499847412109375 76.83750152587890625 73.2687530517578125 70.38124847412109375 67.6750030517578125 64.96250152587890625 62.61875152587890625 60.59375 59.1875 58.94374847412109375 58.8125
137.1125030517578125 136.2312469482421875 134.725006103515625 132.350006103515625 132.0749969482421875 130.9187469482421875 129.6062469482421875 128.649993896484375 126.95000457763671875 123.65000152587890625 132.3249969482421875 135.90625 134.287506103515625 132.256256103515625 132.0124969482421875 131.9562530517578125 129.8562469482421875 128.4187469482421875 125.84375 122.9187469482421875 119.71875 112.8937530517578125 106.625 101.90000152587890625 98.8937530517578125 97.19374847412109375 97.3125 97.875 98.21250152587890625 96.3000030517578125 92.4875030517578125 89.8625030517578125 86.50624847412109375 84.11875152587890625 80.8874969482421875 76.28125 73.52500152587890625 70.8125 69.1437530517578125 67.0124969482421875 63.84375 62.99375152587890625 61 59.737499237060546875
