data/historical-monthly-weather-data/wc2.1_cruts4.09_10m_prec_1976-12.asc
ncols        45
nrows        45
xllcorner    -63.500000000000
yllcorner    -7.500000000000
cellsize     0.166666666667
NODATA_value -9999
[rows 20 to 39 of 45, columns 0 to 44 of 45]
253.8625030517578125 253.931243896484375 253.3249969482421875 253.818756103515625 255.4187469482421875 258.29998779296875 260.506256103515625 262.11248779296875 263.65625 263.13751220703125 260.48748779296875 257.96875 254.8312530517578125 249.4812469482421875 240.8625030517578125 230.649993896484375 220.743743896484375 212.28125 206.5437469482421875 201.6125030517578125 201.375 201.6374969482421875 202.34375 205.725006103515625 210.681243896484375 214.6062469482421875 215.100006103515625 210.181243896484375 201.59375 191.899993896484375 184.868743896484375 183.5124969482421875 183.2062530517578125 184.53125 186.368743896484375 188.024993896484375 191.8000030517578125 195.899993896484375 197.0124969482421875 193.5124969482421875 185.881256103515625 175.875 168.037506103515625 161.0062408447265625 154.3937530517578125
252.9562530517578125 252.256256103515625 253.15625 256.13751220703125 259.050018310546875 262.5 266.03125 268.881256103515625 270.28125 269.493743896484375 265.82501220703125 262.04998779296875 257.73126220703125 251.3312530517578125 243.225006103515625 233.8249969482421875 224.625 216.2375030517578125 209.1374969482421875 203.1437530517578125 200.524993896484375 200.34375 201.8874969482421875 205.2624969482421875 210.6125030517578125 217.375 222.462493896484375 219.5187530517578125 212.6999969482421875 205.6687469482421875 200.225006103515625 197.9875030517578125 196.056243896484375 196.681243896484375 197.2375030517578125 198.2312469482421875 202.03125 206.6687469482421875 206.3000030517578125 200.5187530517578125 192.631256103515625 182.7687530517578125 174.118743896484375 166.4562530517578125 159.4812469482421875
252.9875030517578125 254.0625 254.6437530517578125 257.756256103515625 262.01873779296875 267.36248779296875 271.3125 275.48748779296875 278.350006103515625 276.25 271.39373779296875 265.46875 260.693756103515625 254.1125030517578125 245.837493896484375 236.71875 227.46875 218.3125 210.506256103515625 203.0124969482421875 199.506256103515625 198.024993896484375 198.1374969482421875 201.6875 208.0500030517578125 217.34375 226.431243896484375 225.975006103515625 221.024993896484375 216.8000030517578125 213.681243896484375 212.006256103515625 210.03125 208.6374969482421875 207.850006103515625 206.350006103515625 210.71875 219.149993896484375 218.006256103515625 209.9187469482421875 200.5875091552734375 189.912506103515625 180.71875 172.381256103515625 164.3125
255.068756103515625 255.568756103515625 255.8125 259.45623779296875 265.01251220703125 271.162506103515625 276.78125 280.91876220703125 282.975006103515625 279.73748779296875 274.39373779296875 268.756256103515625 263.462493896484375 257.087493896484375 248.3874969482421875 239.037506103515625 229.875 220.4812469482421875 211.618743896484375 203.149993896484375 197.618743896484375 194.46875 192.537506103515625 196.1687469482421875 202.2375030517578125 210.9499969482421875 220.3312530517578125 224.75 225.84375 225.006256103515625 225.0812530517578125 224.2624969482421875 223.475006103515625 221.8937530517578125 220.6875 217.0812530517578125 220.6687469482421875 229.03125 227.6687469482421875 219.125 208.806243896484375 197.8249969482421875 187.556243896484375 178.25 170.2312469482421875
260.8125 259.88751220703125 259.006256103515625 265.14373779296875 272.83123779296875 278.21875 282.9375 285.462493896484375 285.5625 282.89373779296875 277.88751220703125 271.631256103515625 265.725006103515625 258.993743896484375 250.6125030517578125 241.475006103515625 232.162506103515625 222.4499969482421875 212.6875 203.287506103515625 196.0187530517578125 190.25 186.6687469482421875 189.131256103515625 195.3249969482421875 204.6125030517578125 214.787506103515625 222.587493896484375 227.90625 231.381256103515625 234.6875 236.1437530517578125 236.8249969482421875 235.962493896484375 234.131256103515625 232.03125 234.850006103515625 238.0124969482421875 235.443756103515625 228.193756103515625 217.818756103515625 206.306243896484375 194.818756103515625 185.756256103515625 175.0749969482421875
272.53125 274.318756103515625 273.29998779296875 278.181243896484375 282.70623779296875 286.537506103515625 288.98126220703125 289.84375 288.70001220703125 285.01251220703125 279.537506103515625 273.787506103515625 267.399993896484375 260.493743896484375 252.712493896484375 243.9375 234.2937469482421875 224.2375030517578125 213.9562530517578125 203.65625 195.8874969482421875 187.399993896484375 180.6999969482421875 181 188.8125 199.4375 211.5749969482421875 221.774993896484375 230.1062469482421875 236.59375 242.4499969482421875 248 250.8312530517578125 250.0812530517578125 249.118743896484375 247.243743896484375 248.662506103515625 250.056243896484375 246.4375 239.6062469482421875 229.225006103515625 215.193756103515625 201.5 190.462493896484375 179.9499969482421875
285.287506103515625 288.39373779296875 290.28125 294.20623779296875 296.96875 298.100006103515625 296.943756103515625 294.931243896484375 291.125 287.13751220703125 282.53125 276.40625 269.26251220703125 262.46875 255.024993896484375 247.09375 238.0749969482421875 228.006256103515625 217.568756103515625 206.337493896484375 197.181243896484375 187.287506103515625 178.53125 176.881256103515625 185.993743896484375 196.96875 209.868743896484375 221.412506103515625 232.21875 240.368743896484375 248.7937469482421875 256.89373779296875 262.70001220703125 263.04376220703125 262.90625 262.36248779296875 262.83123779296875 263.54376220703125 259.625 253.53125 243.4812469482421875 226 207.6999969482421875 194.3249969482421875 188.25
299.756256103515625 304.54376220703125 308.350006103515625 311.931243896484375 312.943756103515625 311.131256103515625 306.931243896484375 301.0625 294.98748779296875 289.243743896484375 283.274993896484375 276.962493896484375 270.912506103515625 264.443756103515625 257.54998779296875 249.725006103515625 241.743743896484375 231.568756103515625 221.431243896484375 210.3125 200.7312469482421875 190.899993896484375 183.5812530517578125 183.3000030517578125 189.524993896484375 198.743743896484375 210.59375 222.0812530517578125 233.3562469482421875 242.587493896484375 251.681243896484375 260.243743896484375 267.274993896484375 271.26251220703125 273.806243896484375 274.75 276.4375 278.056243896484375 275.193756103515625 270.73126220703125 261.9375 241.65625 215.493743896484375 199.556243896484375 200.6374969482421875
312.243743896484375 319.318756103515625 325.318756103515625 330.57501220703125 330.01873779296875 323.524993896484375 315.274993896484375 306.64373779296875 298.5 290.587493896484375 284.287506103515625 278.412506103515625 272.318756103515625 266.431243896484375 259.70001220703125 253.475006103515625 246.2062530517578125 236.59375 226.5749969482421875 215.7624969482421875 206.0500030517578125 196.662506103515625 190.3125 190.125 194.9375 202.375 213.181243896484375 224.399993896484375 235.75 244.681243896484375 253.5124969482421875 261.85626220703125 270.162506103515625 276.412506103515625 282.04376220703125 285.48748779296875 289.506256103515625 292.381256103515625 289.881256103515625 287.26873779296875 281.850006103515625 258.23126220703125 230.162506103515625 216.3312530517578125 217.587493896484375
320.056243896484375 328.443756103515625 337.11248779296875 345.11248779296875 346.26873779296875 333.90625 321.23126220703125 310.51873779296875 300.399993896484375 290.98126220703125 284.068756103515625 277.79376220703125 273.11248779296875 268.48126220703125 262.774993896484375 256.649993896484375 250.4499969482421875 243.0124969482421875 233.6999969482421875 222.943756103515625 212.8000030517578125 203.6875 196.7312469482421875 196.90625 200.881256103515625 207.21875 215.975006103515625 226.875 237.350006103515625 246.2687530517578125 254.9250030517578125 263.23748779296875 273.04998779296875 280.95001220703125 288.54998779296875 293.70001220703125 299.70623779296875 304.20001220703125 303.100006103515625 300.83123779296875 294.73126220703125 276.8125 254.431243896484375 241.556243896484375 235.506256103515625
324.25 333.556243896484375 342 350.89373779296875 351.54376220703125 336.65625 322.662506103515625 310.243743896484375 298.712493896484375 290.006256103515625 282.899993896484375 277.34375 273.524993896484375 269.337493896484375 264.25 259.48748779296875 255.181243896484375 247.962493896484375 240.4562530517578125 230.212493896484375 219.6062469482421875 210.149993896484375 203.2624969482421875 203.1687469482421875 206.087493896484375 211.162506103515625 219.274993896484375 229.2375030517578125 239.024993896484375 248.2062530517578125 256.70623779296875 265.037506103515625 275.199981689453125 284.95623779296875 293.85626220703125 301.368743896484375 309.76251220703125 316.306243896484375 315.762481689453125 312.756256103515625 308.881256103515625 295.79998779296875 279.45001220703125 264.51873779296875 255.4499969482421875
325.53125 333.337493896484375 339.712493896484375 343.337493896484375 340.90625 330.04998779296875 317.83123779296875 305.28125 294.66876220703125 285.76873779296875 279.524993896484375 275.537506103515625 272.9375 269.631256103515625 266.35626220703125 262.73748779296875 257.63751220703125 250.7687530517578125 243.625 234.537506103515625 224.818756103515625 215.5625 208.181243896484375 207.84375 211.1999969482421875 215.25 222.274993896484375 231.53125 240.975006103515625 250.243743896484375 258.6875 267.225006103515625 276.875 287.54998779296875 298.287506103515625 308.787506103515625 318.225006103515625 326.118743896484375 326.92498779296875 325.868743896484375 326.46875 318.787506103515625 308.54998779296875 298.29376220703125 292.48748779296875
321.006256103515625 325.181243896484375 327.524993896484375 329.3125 326.64373779296875 317.350006103515625 305.8125 294.26251220703125 284.606231689453125 277.66876220703125 275.337493896484375 272.92498779296875 272.41876220703125 272.006256103515625 269.17498779296875 265.26251220703125 259.83123779296875 254.068756103515625 245.881256103515625 237.618743896484375 228.943756103515625 220.875 214 213.3249969482421875 216.1062469482421875 220.1125030517578125 226.53125 233.9875030517578125 243.087493896484375 251.7687530517578125 260.587493896484375 269.243743896484375 279.42498779296875 290.412506103515625 301.818756103515625 312.962493896484375 323.681243896484375 333.087493896484375 335.59375 340.381256103515625 343.73748779296875 341.618743896484375 340.07501220703125 341.70001220703125 350.51251220703125
314.13751220703125 315.29998779296875 316.118743896484375 315.412506103515625 311.10626220703125 302.58123779296875 292.73126220703125 282.318756103515625 273.5 267.89373779296875 266.868743896484375 269.306243896484375 272.03125 272.5625 270.9375 267.125 262.493743896484375 256.899993896484375 248.5 240.6125030517578125 232.7937469482421875 225.1437530517578125 218.5187530517578125 217.9562530517578125 219.931243896484375 223.337493896484375 229.7312469482421875 236.931243896484375 245.6062469482421875 253.5250091552734375 262.056243896484375 271.23126220703125 281.73748779296875 293.14373779296875 304.412506103515625 315.899993896484375 328.14373779296875 337.54998779296875 344.368743896484375 352.57501220703125 359.86248779296875 363.15625 368.743743896484375 379.48126220703125 395.11248779296875
305.95001220703125 305.618743896484375 304.91876220703125 302.16876220703125 297.61248779296875 289.09375 279.368743896484375 269.568756103515625 260.36248779296875 256.181243896484375 258.36248779296875 264.40625 271.712493896484375 275.774993896484375 274.649993896484375 270.95623779296875 265.8125 259.63751220703125 252.03125 243.2375030517578125 236.625 228.868743896484375 223.34375 222.318756103515625 223.3874969482421875 226.4562530517578125 232.287506103515625 239.381256103515625 247.375 255.149993896484375 263.65625 272.774993896484375 283.712493896484375 295.63751220703125 306.98748779296875 317.993743896484375 329.743743896484375 342.125 351.868743896484375 361.13751220703125 371.65625 378.51873779296875 388.11248779296875 401.95623779296875 415.625
297.38751220703125 295.78125 293.36248779296875 289.618743896484375 283.95623779296875 275.86248779296875 265.75 255.243743896484375 245.3687591552734375 240.100006103515625 245.350006103515625 257.20001220703125 270 277.03125 277.39373779296875 274.431243896484375 269.39373779296875 263.181243896484375 254.8562469482421875 245.899993896484375 239.5187530517578125 233.4375 227.631256103515625 226.568756103515625 227.837493896484375 230.193756103515625 235.681243896484375 241.9499969482421875 249.03125 256.931243896484375 265.67498779296875 274.149993896484375 285.162506103515625 296.15625 306.82501220703125 316.318756103515625 328.993743896484375 340.787506103515625 350.21875 360.23748779296875 371.29376220703125 380.756256103515625 390.537506103515625 403.82501220703125 413.693756103515625
288.350006103515625 285.993743896484375 282.868743896484375 278.86248779296875 273.39373779296875 265.931243896484375 257.068756103515625 245.8937530517578125 233.4562530517578125 223.412506103515625 234.256256103515625 256.75 271.524993896484375 278.806243896484375 280.17498779296875 277.73748779296875 273.368743896484375 266.625 258.60626220703125 249.6437530517578125 243.1374969482421875 236.962493896484375 231.537506103515625 230.4187469482421875 231.100006103515625 233.412506103515625 237.881256103515625 244.318756103515625 251.3249969482421875 259.14373779296875 267.38751220703125 275.53125 286.006256103515625 296.943756103515625 306.649993896484375 316.725006103515625 327.82501220703125 338.274993896484375 346.03125 355.375 365.75 375.54998779296875 386.01873779296875 398.831268310546875 406.01873779296875
279.03125 276.76251220703125 273.975006103515625 270.068756103515625 265.712493896484375 259.056243896484375 252.287506103515625 243.1750030517578125 232.46875 220.556243896484375 244.59375 269.743743896484375 279.506256103515625 284.28125 284.73748779296875 282.39373779296875 277.618743896484375 271.13751220703125 262.318756103515625 253.65625 246.1437530517578125 239.756256103515625 234.899993896484375 233.537506103515625 233.7312469482421875 235.6875 240.6875 246.5 252.9250030517578125 260.98748779296875 268.46875 276.625 286.63751220703125 297.10626220703125 306.274993896484375 315.38751220703125 324.868743896484375 333.39373779296875 341 349 357.743743896484375 367.23748779296875 376.90625 388.73126220703125 396.95623779296875
270.73126220703125 268.693756103515625 266.850006103515625 264.26251220703125 260.618743896484375 255.8000030517578125 251.3874969482421875 247.5749969482421875 246.131256103515625 255.2375030517578125 283.993743896484375 288.881256103515625 289.26873779296875 290.86248779296875 290.21875 287.837493896484375 283.350006103515625 275.806243896484375 266.837493896484375 257.71875 249.4499969482421875 242.162506103515625 237.1187591552734375 235.7687530517578125 236.131256103515625 237.9562530517578125 242.087493896484375 247.774993896484375 253.8937530517578125 261.837493896484375 269.90625 276.53125 285.45623779296875 294.506256103515625 303.95001220703125 311.9375 319.774993896484375 327.181243896484375 333.32501220703125 339.681243896484375 347.662506103515625 355.006256103515625 362.631256103515625 371.725006103515625 378.20623779296875
263.875 262.14373779296875 260.9375 259.29376220703125 257.149993896484375 255.2312469482421875 253.90625 255.212493896484375 259.399993896484375 270.67498779296875 287.743743896484375 295.024993896484375 295.818756103515625 296.95001220703125 296.625 294.04998779296875 289.51251220703125 282.29998779296875 272.26873779296875 262.368743896484375 251.9375 243.21875 237.4187469482421875 235.493743896484375 236.725006103515625 239.243743896484375 243.881256103515625 249.5 255.118743896484375 263.100006103515625 270.16876220703125 277.556243896484375 285.850006103515625 293.443756103515625 300.90625 306.70001220703125 313.743743896484375 319.63751220703125 324.431243896484375 328.96875 334.5 340.587493896484375 347.212493896484375 354.3125 360.131256103515625
