data/historical-monthly-weather-data/wc2.1_cruts4.09_10m_prec_1984-02.asc
ncols        51
nrows        45
xllcorner    -63.500000000000
yllcorner    -7.500000000000
cellsize     0.166666666667
NODATA_value -9999
[rows 20 to 39 of 45, columns 0 to 44 of 51]
344.006256103515625 341.649993896484375 344.63751220703125 348.868743896484375 356.92498779296875 366.787506103515625 377.98748779296875 389.07501220703125 398.9375 407.04998779296875 413.91876220703125 427.175018310546875 442.818756103515625 456.6875 442.375 415.65625 392.818756103515625 373.79376220703125 364.774993896484375 357.068756103515625 352.024993896484375 345.943756103515625 338.75 334.85626220703125 332.118743896484375 330.743743896484375 332.350006103515625 334.181243896484375 336.98748779296875 337.649993896484375 330.6875 316.45001220703125 292.318756103515625 263.587493896484375 237.59375 250.3187408447265625 276.92498779296875 297.1875 309.20623779296875 313.431243896484375 311.131256103515625 306.850006103515625 303.193756103515625 298.92498779296875 293.162506103515625
336.23126220703125 336.07501220703125 341.024993896484375 349.056243896484375 357.51251220703125 369.225006103515625 381.725006103515625 394.068756103515625 404.03125 409.04998779296875 411.037506103515625 415.88751220703125 421.82501220703125 425.40625 420.40625 406.100006103515625 390.368743896484375 374.70623779296875 363.256256103515625 354.40625 344.82501220703125 337 332.006256103515625 327.662506103515625 325.45623779296875 325.65625 329.07501220703125 332.11248779296875 336.556243896484375 339.10626220703125 336.0625 323.32501220703125 302.96875 282.08123779296875 267.71875 274.64373779296875 292.662506103515625 306.600006103515625 313.162506103515625 314.118743896484375 311.76251220703125 307.79998779296875 303.181243896484375 297.73748779296875 292.04376220703125
333.03125 335.25 340.28125 349.29998779296875 358.40625 372.41876220703125 384.11248779296875 397.76251220703125 408.5625 408.537506103515625 403.9375 399.9375 396.46875 396.95623779296875 398.73126220703125 393.60626220703125 383.63751220703125 371.274993896484375 359.037506103515625 347.38751220703125 337.306243896484375 327.756256103515625 320.76251220703125 316.33123779296875 315.82501220703125 317.98748779296875 322.33123779296875 327.118743896484375 333.84375 339 340.28125 335.16876220703125 318.412506103515625 304.67498779296875 301.006256103515625 308.26251220703125 317.537506103515625 322.756256103515625 322.48748779296875 317.537506103515625 312.76873779296875 308.0625 302.67498779296875 296.912506103515625 291.287506103515625
333.125 335.01873779296875 340.975006103515625 348.506256103515625 358.36248779296875 372.399993896484375 385.662506103515625 397.16876220703125 406.006256103515625 402.61248779296875 395.51251220703125 387.537506103515625 375.60626220703125 377.931243896484375 382.79998779296875 380.981231689453125 374.41876220703125 365.149993896484375 353.443756103515625 341.03125 329.11248779296875 318.037506103515625 309.36248779296875 305.13751220703125 305.399993896484375 306.51873779296875 313.32501220703125 320.568756103515625 327.73748779296875 334.88751220703125 338.89373779296875 337.13751220703125 327.350006103515625 320.73748779296875 322.943756103515625 332.6875 337.76251220703125 334.256256103515625 328.14373779296875 320.48748779296875 314.4375 308.54376220703125 303.443756103515625 298.64373779296875 294.14373779296875
339.33123779296875 338.51873779296875 343.58123779296875 351.79376220703125 362.85626220703125 373.85626220703125 385.51251220703125 394.912506103515625 398.712493896484375 396.443756103515625 390.15625 382.631256103515625 375.51251220703125 373.868743896484375 374.193756103515625 373.212493896484375 369.287506103515625 360.462493896484375 349.068756103515625 336.087493896484375 323.1875 309.443756103515625 297.88751220703125 292.38751220703125 292.03125 297.70623779296875 304.443756103515625 313.4375 320.962493896484375 327.70001220703125 331.181243896484375 330.587493896484375 328.01873779296875 327.14373779296875 330.868743896484375 335.73126220703125 338.274993896484375 334.274993896484375 327.443756103515625 319.975006103515625 313.88751220703125 308.13751220703125 304.04376220703125 301.4375 295.58123779296875
353.98126220703125 350.993743896484375 352.79998779296875 359.5 368.712493896484375 378.125 385.98126220703125 392.881256103515625 394.84375 392.88751220703125 387.868743896484375 382.66876220703125 378.51873779296875 374.39373779296875 373.26251220703125 370.556243896484375 366.42498779296875 357.556243896484375 347.206268310546875 333.90625 318.95001220703125 301.95001220703125 286.76873779296875 278.25 281.225006103515625 288.91876220703125 299.03125 306.8125 314.54376220703125 319.506256103515625 322.149993896484375 322.875 323.837493896484375 325.993743896484375 329.893768310546875 332.368743896484375 333.21875 330.631256103515625 323.024993896484375 316.524993896484375 311.15625 306.39373779296875 302.431243896484375 300.6875 297.20623779296875
370.07501220703125 364.92498779296875 364.381256103515625 369.51873779296875 374.75 380.137481689453125 386.225006103515625 389.350006103515625 391.125 391.33123779296875 389.39373779296875 386.068756103515625 383.70623779296875 381.037506103515625 377.98748779296875 375.087493896484375 369.506256103515625 360.25 348.537506103515625 334.04998779296875 317.381256103515625 299.475006103515625 281 270.34375 276.693756103515625 285.04998779296875 294.306243896484375 301.88751220703125 307.881256103515625 312.32501220703125 315.399993896484375 315.443756103515625 317.79998779296875 323.256256103515625 325.78125 327.662506103515625 327.98748779296875 324.71875 318.66876220703125 312.34375 306.88751220703125 302.03125 298.13751220703125 296.412506103515625 296.98126220703125
387.162506103515625 378.92498779296875 377.381256103515625 378.90625 380.412506103515625 381.987518310546875 386.23748779296875 389.725006103515625 391.25 392.868743896484375 391.73126220703125 389.975006103515625 388.399993896484375 386.45001220703125 383.368743896484375 380.01251220703125 373.475006103515625 365.212493896484375 352.42498779296875 338.118743896484375 321.899993896484375 303.96875 289.162506103515625 280.037506103515625 280.631256103515625 286.20001220703125 293.20001220703125 299.32501220703125 303.818756103515625 307.70623779296875 310.26873779296875 311.493743896484375 315.993743896484375 319.212493896484375 321.41876220703125 322.95623779296875 321.53125 319.59375 313.506256103515625 306.91876220703125 301.65625 297.89373779296875 294.45001220703125 294.287506103515625 298.506256103515625
401.23126220703125 392.34375 387.943756103515625 386.76873779296875 386.26873779296875 385.681243896484375 387.76251220703125 389.53125 392.100006103515625 394.693756103515625 394.818756103515625 393.78125 392.45623779296875 392.65625 389.91876220703125 387.243743896484375 381.881256103515625 371.837493896484375 360.60626220703125 345.600006103515625 330.0625 312.63751220703125 300.23748779296875 292.03125 288.45623779296875 289.6875 294.6875 298.806243896484375 303.11248779296875 306.10626220703125 307.056243896484375 308.90625 312.20001220703125 315.3125 318.14373779296875 317.96875 317.45001220703125 315.70623779296875 311.337493896484375 303.86248779296875 296.181243896484375 292.03125 291.78125 295.5625 302.537506103515625
408.8125 398.33123779296875 392.806243896484375 389.28125 388.4375 387.79376220703125 388.35626220703125 389.64373779296875 391.54376220703125 395.0625 396.88751220703125 397.73126220703125 397.71875 398.975006103515625 397.46875 393.524993896484375 389.618743896484375 383.04998779296875 372.725006103515625 357.256256103515625 340.51251220703125 324.568756103515625 312.350006103515625 302.875 296.82501220703125 295.29376220703125 297.65625 299.45001220703125 301.85626220703125 303.70623779296875 305.79998779296875 307.756256103515625 309.76251220703125 312.64373779296875 314.28125 314.524993896484375 312.95623779296875 312 306.59375 299.70001220703125 296.181243896484375 294.76873779296875 294.59375 299.618743896484375 301.862518310546875
411.5 401.40625 393.54376220703125 389.54998779296875 386.88751220703125 387.149993896484375 387.931243896484375 389.774993896484375 392.08123779296875 395.381256103515625 400.45001220703125 403.1875 405.274993896484375 405.26251220703125 403.15625 401.024993896484375 398.256256103515625 393.41876220703125 385.58123779296875 370.08123779296875 352.412506103515625 335.41876220703125 322.04998779296875 311.42498779296875 303.837493896484375 300.41876220703125 300.375 300.73748779296875 301.4375 302.787506103515625 304.66876220703125 306.86248779296875 309.63751220703125 312.225006103515625 313.756256103515625 311.91876220703125 310.58123779296875 310.287506103515625 304.89373779296875 297.90625 295.962493896484375 297.899993896484375 299.40625 301.35626220703125 303.8125
407.193756103515625 398.48126220703125 391.399993896484375 387.5625 384.03125 383.962493896484375 385.83123779296875 386.79376220703125 389.61248779296875 395.28125 401.225006103515625 405.70001220703125 409.42498779296875 411.462493896484375 409.787506103515625 408.96875 403.45001220703125 397.837493896484375 390.01251220703125 377.443756103515625 360.73126220703125 344.774993896484375 330 318.98126220703125 310.89373779296875 305.375 303.193756103515625 301.98748779296875 301.48126220703125 303.46875 305.399993896484375 307.03125 309.475006103515625 311.306243896484375 312.75 310.92498779296875 309.63751220703125 308.23748779296875 302.868743896484375 299.76873779296875 301.10626220703125 303.73126220703125 305.58123779296875 308.631256103515625 312.868743896484375
393.881256103515625 387.625 383.10626220703125 379.86248779296875 376.443756103515625 377.04998779296875 378.212493896484375 380.40625 385.0625 392.4375 402.08123779296875 407.35626220703125 413.66876220703125 417.712493896484375 416.587493896484375 413.212493896484375 407.01251220703125 401.70623779296875 391.943756103515625 380.399993896484375 366.14373779296875 350.76251220703125 336.82501220703125 325.60626220703125 317.66876220703125 311.73126220703125 307.887481689453125 306.04376220703125 304.362518310546875 304.98126220703125 306.793731689453125 307.45623779296875 308.61248779296875 310.65625 312.256256103515625 311.225006103515625 309.36248779296875 306.29376220703125 302.04376220703125 303.35626220703125 305.475006103515625 308.506256103515625 312.287506103515625 317.462493896484375 327.631256103515625
380.17498779296875 374.88751220703125 371.899993896484375 370.712493896484375 368.33123779296875 368.51251220703125 370.274993896484375 373.493743896484375 377.04998779296875 385.70001220703125 397.73126220703125 407.274993896484375 417.28125 422.3125 421.40625 417.506256103515625 410.78125 403.95001220703125 393.943756103515625 382.70623779296875 368.693756103515625 353.931243896484375 341.45001220703125 330.600006103515625 323.07501220703125 317.01873779296875 312.38751220703125 308.818756103515625 306.59375 307.25 308.475006103515625 308.693756103515625 310.21875 311.287506103515625 311.23748779296875 310.368743896484375 307.975006103515625 305.006256103515625 303.04376220703125 304.84375 306.76873779296875 310.943756103515625 317.943756103515625 325.087493896484375 336.587493896484375
365.82501220703125 363.04998779296875 361.662506103515625 360.056243896484375 359.60626220703125 360.381256103515625 360.92498779296875 363.20001220703125 365.9375 374.412506103515625 390.26873779296875 406.23126220703125 421.212493896484375 428.693756103515625 426.618743896484375 421.66876220703125 413.16876220703125 404.649993896484375 395.45623779296875 383.350006103515625 371.14373779296875 356.337493896484375 343.912506103515625 332.96875 326.443756103515625 319.931243896484375 315.375 311.64373779296875 308.71875 309.256256103515625 309.274993896484375 310.45001220703125 311.20623779296875 312.04376220703125 311.306243896484375 308.943756103515625 305.51873779296875 304.96875 304.60626220703125 304.70001220703125 306.83123779296875 310.399993896484375 317.17498779296875 324.83123779296875 334.381256103515625
350.98126220703125 350.212493896484375 349.506256103515625 348.01251220703125 347.243743896484375 348.412506103515625 348.08123779296875 348.20623779296875 348.79376220703125 355.98126220703125 374.306243896484375 396.056243896484375 417.431243896484375 429.649993896484375 428.16876220703125 422.912506103515625 415.35626220703125 405.63751220703125 393.4375 382.0625 369.6875 356.881256103515625 344.09375 334.88751220703125 327.743743896484375 321.899993896484375 317.46875 315.03125 311.975006103515625 311.45623779296875 311.725006103515625 312.368743896484375 313.256256103515625 313.725006103515625 311.35626220703125 307.60626220703125 306.34375 303.725006103515625 302.46875 303.649993896484375 306.48748779296875 308.568756103515625 312.774993896484375 319.868743896484375 326.23126220703125
337.631256103515625 338.10626220703125 337.3125 338.53125 337.962493896484375 338.3125 337.28125 335.70001220703125 333.17498779296875 332.13751220703125 356.774993896484375 390.662506103515625 413.73748779296875 426.118743896484375 427.037506103515625 422.206268310546875 415.056243896484375 404.39373779296875 392.8125 379.600006103515625 366.79998779296875 353.881256103515625 342.08123779296875 333.75 327.14373779296875 322.587493896484375 318.662506103515625 316.056243896484375 314.087493896484375 313.225006103515625 313.068756103515625 313.068756103515625 314.3125 314.32501220703125 312.212493896484375 309.60626220703125 305.931243896484375 302.48126220703125 301.056243896484375 300.95001220703125 301.787506103515625 303.66876220703125 307.01873779296875 312.225006103515625 316.98126220703125
325.07501220703125 326.712493896484375 327.1875 328.58123779296875 329.67498779296875 329.79376220703125 329.368743896484375 328.524993896484375 328.46875 325.306243896484375 362.712493896484375 399.53125 415.91876220703125 424.38751220703125 424.96875 420.45001220703125 411.756256103515625 401.087493896484375 387.67498779296875 373.243743896484375 361.15625 348.318756103515625 338.024993896484375 330.58123779296875 325.537506103515625 322.03125 318.431243896484375 316.76251220703125 315.350006103515625 315.306243896484375 313.61248779296875 313.493743896484375 314.3125 314.618743896484375 311.98126220703125 309.375 305.212493896484375 301.45623779296875 299.5 298.04998779296875 297.03125 298.26251220703125 299.537506103515625 302.48126220703125 306.556243896484375
318.25 317.875 317.662506103515625 320.068756103515625 320.78125 322.01251220703125 324.462493896484375 327.9375 335.48748779296875 356.32501220703125 396.92498779296875 408.26251220703125 412.73126220703125 417.23748779296875 417.38751220703125 412.08123779296875 404.98748779296875 393.662506103515625 379.48748779296875 365.54376220703125 352.518768310546875 340.318756103515625 332.03125 325.068756103515625 320.899993896484375 319.5 317.14373779296875 316.412506103515625 316.34375 316.1875 316.03125 315.17498779296875 315.306243896484375 315.4375 315.368743896484375 312.20001220703125 307.04998779296875 303.649993896484375 300.45623779296875 296.48748779296875 294.962493896484375 294.8125 295.756256103515625 297.78125 301.23748779296875
312.29376220703125 310.287506103515625 309.962493896484375 310.868743896484375 311.82501220703125 314.60626220703125 318.08123779296875 325.88751220703125 337.88751220703125 358.993743896484375 383.10626220703125 396.23748779296875 403.70623779296875 407.806243896484375 407.78125 404.625 398.568756103515625 387.01873779296875 372.225006103515625 358.79998779296875 343.375 331.274993896484375 322.83123779296875 317.07501220703125 315.85626220703125 315.524993896484375 315.01873779296875 315.65625 316.993743896484375 317.056243896484375 316.17498779296875 317.39373779296875 319.76251220703125 319.5 317.712493896484375 314.475006103515625 308.743743896484375 303.70623779296875 300.337493896484375 294.962493896484375 292.0625 291.693756103515625 291.818756103515625 292.07501220703125 295.6875
