data/historical-monthly-weather-data/wc2.1_cruts4.09_10m_prec_2007-06.asc
ncols        45
nrows        45
xllcorner    -63.500000000000
yllcorner    -7.500000000000
cellsize     0.166666666667
NODATA_value -9999
[rows 0 to 18 of 45, columns 0 to 42 of 45]
268.39373779296875 266.45001220703125 265.993743896484375 274.412506103515625 279.0625 286.3125 288.181243896484375 288.243743896484375 283.59375 288.693756103515625 296.26251220703125 299.13751220703125 302.29998779296875 301.806243896484375 299.212493896484375 298.1875 294.48748779296875 289.71875 284.46875 282.48748779296875 284.524993896484375 277.693756103515625 272.3125 262.95001220703125 255.631256103515625 249.7312469482421875 246.837493896484375 245.9937591552734375 237.9562530517578125 227.84375 212.9562530517578125 204.412506103515625 198.8625030517578125 189.3562469482421875 181.056243896484375 175.7687530517578125 170.412506103515625 166.8312530517578125 161.7750091552734375 158.9875030517578125 158.8937530517578125 163.587493896484375 162.6750030517578125
261.149993896484375 258.943756103515625 263.95623779296875 270.11248779296875 278.681243896484375 285.48748779296875 286.90625 286.306243896484375 288.75 293.20001220703125 297.3125 297.61248779296875 292.5 289.41876220703125 284.70001220703125 281.59375 275.58123779296875 268.037506103515625 262.29376220703125 261.524993896484375 261.34375 255.412506103515625 252.28125 245.818756103515625 238.631256103515625 231.7687530517578125 229.712493896484375 226.693756103515625 220.0437469482421875 206.46875 195.587493896484375 190.7375030517578125 183.493743896484375 176.21875 169.662506103515625 161.818756103515625 157.3125 152.6437530517578125 148.2312469482421875 146.1062469482421875 147.84375 145.7062530517578125 149.256256103515625
247.368743896484375 251.9124908447265625 256.306243896484375 257.912506103515625 266.524993896484375 276.07501220703125 280.54376220703125 288.01873779296875 291.5625 295.28125 295.90625 291.20001220703125 286.95001220703125 276.806243896484375 269.506256103515625 264.3125 255.881256103515625 248.9187469482421875 243.693756103515625 240.6687469482421875 240.600006103515625 240.0500030517578125 235.9250030517578125 233.4812469482421875 223.1062469482421875 215.037506103515625 216.7562408447265625 212.056243896484375 203.0500030517578125 195.71875 183.943756103515625 176.337493896484375 169.056243896484375 163.475006103515625 155.3625030517578125 144.618743896484375 141.5187530517578125 138.943756103515625 135.1687469482421875 133.4187469482421875 135.96875 135.7687530517578125 137.1687469482421875
232.2687530517578125 232.1687469482421875 240.743743896484375 246.568756103515625 251.368743896484375 260.681243896484375 270.600006103515625 280.324981689453125 288.41876220703125 294.14373779296875 291.25 282.725006103515625 273.462493896484375 261.962493896484375 254.7312469482421875 248.2624969482421875 236.5437469482421875 230.975006103515625 226.131256103515625 229.75 227.34375 221.0749969482421875 218.5500030517578125 217.568756103515625 207.212493896484375 199.5812530517578125 198.618743896484375 192.3312530517578125 187.712493896484375 181.943756103515625 173.1125030517578125 163.818756103515625 156.6062469482421875 147.5 139.881256103515625 136.625 133.462493896484375 128.618743896484375 124.3562469482421875 122.40625 123.3312530517578125 126.03125 127.0437469482421875
235.1187591552734375 231.71875 225.337493896484375 232.431243896484375 242.8562469482421875 248.493743896484375 258.91876220703125 273.75 287.337493896484375 294.23748779296875 290.14373779296875 272.037506103515625 261.743743896484375 251.287506103515625 240.2937469482421875 232.2624969482421875 222.90625 212.681243896484375 207.5187530517578125 208.8125 206.100006103515625 203.53125 201.9499969482421875 199.462493896484375 189.8874969482421875 183.7624969482421875 180.5124969482421875 179.8937530517578125 176.225006103515625 167.506256103515625 162.131256103515625 155.649993896484375 147.0812530517578125 139.59375 134.3625030517578125 127.52500152587890625 123.53749847412109375 120.2937469482421875 115.03125 111.40625 112.15625 114.36249542236328125 116.3000030517578125
224.381256103515625 224.8625030517578125 220.162506103515625 211.9812469482421875 225.1062469482421875 240.725006103515625 248.318756103515625 260.03125 277.07501220703125 285.84375 276.5625 260.125 250.6687469482421875 240.6999969482421875 227.787506103515625 219.600006103515625 209.2312469482421875 199.631256103515625 197.100006103515625 195.837493896484375 195.462493896484375 191.96875 188.993743896484375 182.274993896484375 177.193756103515625 172.537506103515625 167.899993896484375 167.412506103515625 164.78125 157.28125 154.3562469482421875 148.8937530517578125 142.943756103515625 134.431243896484375 125.90625 123.5625 117.1999969482421875 109.5625 106.9250030517578125 106.74375152587890625 104.63124847412109375 107.3249969482421875 107.59999847412109375
218.8937530517578125 216.5500030517578125 213.212493896484375 209.6374969482421875 208.1750030517578125 213.875 221.5625 238.4000091552734375 246.4250030517578125 254.193756103515625 252.1062469482421875 241.125 236.225006103515625 229.9375 218.756256103515625 209.71875 202.0187530517578125 192.96875 185.556243896484375 184.712493896484375 179.15625 176.412506103515625 172.3937530517578125 169.068756103515625 168.21875 163.912506103515625 159.03125 156.6125030517578125 154.0749969482421875 153.056243896484375 146.475006103515625 139.1875 132.4250030517578125 127.47499847412109375 123.2375030517578125 117.18125152587890625 108.25 102.6687469482421875 99.2062530517578125 99.15625 96.625 97.8000030517578125 99.40625
211.024993896484375 204.337493896484375 202.0437469482421875 204.537506103515625 203.90625 212.212493896484375 209.28125 207.350006103515625 206.087493896484375 216.818756103515625 223.3625030517578125 221.6999969482421875 220.693756103515625 215.912506103515625 210.600006103515625 202.568756103515625 192.0124969482421875 184.225006103515625 176.4375 169.59375 173.131256103515625 167.5749969482421875 162.2312469482421875 158.524993896484375 157.693756103515625 151.9499969482421875 148.556243896484375 146.3249969482421875 144.2687530517578125 140.118743896484375 140.1062469482421875 133.0749969482421875 127.27500152587890625 121.2375030517578125 113.65625 107.19374847412109375 100.83750152587890625 95.30625152587890625 89.69374847412109375 86.6750030517578125 85.3625030517578125 88.0625 87.2312469482421875
201.9499969482421875 197.493743896484375 193.125 193.318756103515625 194.71875 197.46875 202.25 204.475006103515625 195.8625030517578125 192.2687530517578125 195.9875030517578125 199.2937469482421875 205.787506103515625 204.100006103515625 200.4499969482421875 192.225006103515625 189.2062530517578125 184.3312530517578125 178.787506103515625 169.28125 161.0749969482421875 162.631256103515625 153.3249969482421875 154.256256103515625 149.5124969482421875 144.8125 141.5812530517578125 141.03125 142.2375030517578125 137.537506103515625 137.8874969482421875 125.81874847412109375 115.46250152587890625 108.7687530517578125 105.0437469482421875 102.8874969482421875 98.5749969482421875 94.47499847412109375 88.6999969482421875 83.3249969482421875 79.5749969482421875 78.1875 80.4875030517578125
193.5625 190.0124969482421875 186.568756103515625 186.506256103515625 187.1437530517578125 188.75 192.0124969482421875 190.9499969482421875 190.375 188.71875 186.493743896484375 180.96875 189.65625 192.3125 191.2375030517578125 187.4499969482421875 182.306243896484375 183.7312469482421875 179.556243896484375 174.0500030517578125 162.4499969482421875 155.600006103515625 145.024993896484375 143.306243896484375 137.65625 136.1750030517578125 133.993743896484375 132.1687469482421875 130.6437530517578125 129.993743896484375 128.443756103515625 119.9812469482421875 113.15000152587890625 107.22499847412109375 100.81874847412109375 97.40000152587890625 94.78749847412109375 92.15625 87.6437530517578125 84.97499847412109375 82.15625 80.0625 75.71250152587890625
188.125 183.100006103515625 179.618743896484375 178.243743896484375 176.96875 180.75 179.5625 178.7624969482421875 180.850006103515625 181.75 182.243743896484375 178.25 176.6750030517578125 180.53125 179.625 178.1937408447265625 175.193756103515625 172.9499969482421875 173.4375 174.5187530517578125 172.5124969482421875 160.5187530517578125 143.725006103515625 128.0437469482421875 128.1875 133.3562469482421875 132.5 128.0749969482421875 123.7062530517578125 121.52500152587890625 119.5500030517578125 113.94374847412109375 108.97499847412109375 103.97499847412109375 98.75624847412109375 93.46250152587890625 91.0500030517578125 87.47499847412109375 86.55625152587890625 82.8000030517578125 79.2312469482421875 75.44374847412109375 72.71250152587890625
180.225006103515625 176.34375 175.631256103515625 171.7937469482421875 171.1374969482421875 171.568756103515625 174.756256103515625 175.4499969482421875 176.6374969482421875 172.787506103515625 175.712493896484375 174.1687469482421875 165.3625030517578125 168.46875 172.743743896484375 170.850006103515625 168.3000030517578125 168.024993896484375 170.7375030517578125 178.5625 177.7062530517578125 167.5812530517578125 149.25 129.28125 124.0625 122.8937530517578125 119.97499847412109375 118.6687469482421875 117.84375 114.40625 108.06874847412109375 106.05625152587890625 102.53749847412109375 96.46875 93.81874847412109375 92.19374847412109375 91.33750152587890625 88.7687530517578125 83.4499969482421875 82.0124969482421875 78.75624847412109375 74.15625 66.15625
176.193756103515625 171.350006103515625 169.212493896484375 165.662506103515625 165.84375 164.5124969482421875 166.0437469482421875 167.1062469482421875 165.943756103515625 165.28125 166.65625 167.0749969482421875 164.0124969482421875 155.375 156.09375 158.25 158 160.5500030517578125 158.350006103515625 164.725006103515625 167.506256103515625 159.1437530517578125 145.8562469482421875 129.6437530517578125 116.4187469482421875 113.0437469482421875 113.1062469482421875 112.80625152587890625 113.0124969482421875 111.68125152587890625 104.7624969482421875 99.0124969482421875 97.93125152587890625 91.25624847412109375 88.5500030517578125 88.59375 90.53125 89.9562530517578125 90.00624847412109375 85.5500030517578125 78.2312469482421875 72.1750030517578125 60.862499237060546875
170.431243896484375 166.131256103515625 162.9499969482421875 160.0749969482421875 157.3625030517578125 157.381256103515625 156.9499969482421875 159.1687469482421875 159.931243896484375 157.96875 158.2687530517578125 155.1374969482421875 153.818756103515625 149.2375030517578125 140.2375030517578125 145.375 144.756256103515625 145.1875 145.756256103515625 150.4187469482421875 151.875 145.337493896484375 135.556243896484375 126.2062530517578125 117.05625152587890625 109.81874847412109375 106.34375 104.1125030517578125 103.59999847412109375 101.80625152587890625 99.7312469482421875 95.78125 92.6999969482421875 89.88124847412109375 85.1437530517578125 88.99375152587890625 93.65625 96.0437469482421875 96.09999847412109375 89.38124847412109375 74.84999847412109375 65.46875 60.762500762939453125
160.693756103515625 157.225006103515625 156.1875 154.6750030517578125 151.818756103515625 151.46875 152.1999969482421875 152.399993896484375 152.381256103515625 151.568756103515625 150.100006103515625 147.493743896484375 145.056243896484375 138.868743896484375 128.40625 131.381256103515625 132.100006103515625 135.6062469482421875 133.3937530517578125 136.2687530517578125 139.118743896484375 134.9812469482421875 130.350006103515625 124.59999847412109375 120.61875152587890625 114.50624847412109375 110.78749847412109375 107.1062469482421875 106.7312469482421875 101.0500030517578125 94.8312530517578125 93.0437469482421875 93.8625030517578125 87.625 80.47499847412109375 80.21250152587890625 89.8000030517578125 98.47499847412109375 96.5187530517578125 87.23125457763671875 77.7937469482421875 71.9187469482421875 69.55625152587890625
153.274993896484375 148.7312469482421875 148.03125 145.350006103515625 145.65625 146.0812530517578125 145.6687469482421875 144.6437530517578125 146.5500030517578125 148.5500030517578125 146.681243896484375 142.881256103515625 139.931243896484375 133.9562530517578125 125.4375 114.5812530517578125 118.21250152587890625 124.3000030517578125 122.83750152587890625 125.1687469482421875 126.9375 125.7312469482421875 125.2375030517578125 124.09999847412109375 121.0500030517578125 115.78749847412109375 110.1750030517578125 107.5 105.0124969482421875 103.7624969482421875 99.3000030517578125 93.8562469482421875 86.6999969482421875 79.56874847412109375 73.52500152587890625 83.15000152587890625 86.21250152587890625 91.1687469482421875 92.625 89.69374847412109375 84.6875 79.47499847412109375 72.2375030517578125
144.587493896484375 141.756256103515625 139.5124969482421875 139.6750030517578125 139.7937469482421875 140.868743896484375 140.3937530517578125 140.40625 138.96875 139.3249969482421875 140.350006103515625 137.818756103515625 132.368743896484375 126.65000152587890625 123.18125152587890625 113.875 102.8249969482421875 107.53749847412109375 111.53125 113.00624847412109375 113.5500030517578125 116.1125030517578125 117.1437530517578125 120.96875 118.5749969482421875 110.24375152587890625 105.125 102.05625152587890625 103.19374847412109375 103.0124969482421875 101.41249847412109375 98.53749847412109375 91.25624847412109375 87.19374847412109375 88.99375152587890625 90.6999969482421875 94.99375152587890625 97.58750152587890625 97.9812469482421875 89.2937469482421875 84.09375 76.9250030517578125 67.9875030517578125
133.96875 132.28125 132.8562469482421875 133.2312469482421875 133.875 136.431243896484375 135.2375030517578125 134.568756103515625 133.3249969482421875 131.243743896484375 130.3249969482421875 130.087493896484375 124.1687469482421875 119.6062469482421875 118.0500030517578125 111.9250030517578125 101.6750030517578125 92.4375 102.53125 100.80625152587890625 101.7312469482421875 104.7687530517578125 110.34999847412109375 113.34375 113.96875 106.30625152587890625 99.5500030517578125 100.81874847412109375 101.25 99.03125 93.15000152587890625 87.9187469482421875 96.41249847412109375 95.44374847412109375 93.6999969482421875 104.96875 106.80625152587890625 100.0812530517578125 95.9499969482421875 88.99375152587890625 76.94374847412109375 68.8562469482421875 61.799999237060546875
124.40625 124.8125 125.59375 126.8312530517578125 128.3312530517578125 128.75 128.337493896484375 127.3249969482421875 127.52500152587890625 127.2687530517578125 125.4187469482421875 119.1374969482421875 114.6750030517578125 112.0500030517578125 108.61875152587890625 104.5812530517578125 101.5812530517578125 90.6750030517578125 86.71875 87.1437530517578125 92.2687530517578125 99.28125 95.2062530517578125 101.44374847412109375 102.6374969482421875 104.06874847412109375 101.4812469482421875 97.47499847412109375 99.86875152587890625 97.55625152587890625 93.4812469482421875 93.05625152587890625 95.90000152587890625 93.55625152587890625 95.3312530517578125 102.0187530517578125 99.59999847412109375 92.3874969482421875 88.2937469482421875 79.65000152587890625 69.61875152587890625 60.69374847412109375 56.456249237060546875
