data/historical-monthly-weather-data/wc2.1_cruts4.09_10m_prec_1990-02.asc
ncols        45
nrows        45
xllcorner    -63.500000000000
yllcorner    -7.500000000000
cellsize     0.166666666667
NODATA_value -9999
[rows 20 to 39 of 45, columns 0 to 43 of 45]
225.6374969482421875 231.881256103515625 238.931243896484375 246.6125030517578125 256.6875 264.51251220703125 272.662506103515625 280.67498779296875 287.26251220703125 292.48126220703125 296.368743896484375 302.13751220703125 308.89373779296875 314.056243896484375 299.48748779296875 276.875 257.26251220703125 240.212493896484375 229.8312530517578125 219.868743896484375 208.7312469482421875 196.600006103515625 184.993743896484375 181.3125 179.2624969482421875 178.712493896484375 184.306243896484375 190.90625 198.59375 207.5749969482421875 212.243743896484375 211.6999969482421875 202.725006103515625 189.2312469482421875 177.0187530517578125 197.2062530517578125 230.756256103515625 261.25 285.1875 302.649993896484375 313.806243896484375 320.568756103515625 327.524993896484375 333.53125
218.3125 225.9812469482421875 234.2312469482421875 244.4187469482421875 254.649993896484375 263.35626220703125 271.931243896484375 280.34375 286.850006103515625 289.78125 290.21875 290.649993896484375 291.431243896484375 290.306243896484375 282.443756103515625 268.318756103515625 253.556243896484375 239.0124969482421875 227.337493896484375 217.1624908447265625 204.90625 193.568756103515625 184.8249969482421875 181.3937530517578125 179.9562530517578125 180.6062469482421875 187.4812469482421875 195 203.993743896484375 214.5 222.006256103515625 222.5625 215.149993896484375 206.2624969482421875 202.068756103515625 217.9375 244.431243896484375 268.962493896484375 287.618743896484375 301.537506103515625 312.20001220703125 319.875 326.51873779296875 332.006256103515625
214.1999969482421875 223.3562469482421875 231.587493896484375 242.337493896484375 252.868743896484375 262.806243896484375 270.39373779296875 279.28125 286.25 285.600006103515625 281.493743896484375 276.40625 271.48126220703125 269.037506103515625 266.04376220703125 258.212493896484375 247.381256103515625 235.28125 223.4562530517578125 212.0500030517578125 200.9812469482421875 190.3000030517578125 181.912506103515625 178.9375 178.850006103515625 180.9875030517578125 188.600006103515625 197.4187469482421875 208.09375 220.568756103515625 231.274993896484375 237.243743896484375 231.46875 226.881256103515625 230.21875 246.4875030517578125 265.83123779296875 282.537506103515625 294.85626220703125 302.91876220703125 310.881256103515625 318.1875 324.51251220703125 330.274993896484375
212.9499969482421875 221.475006103515625 230.1374969482421875 239.756256103515625 250.618743896484375 260.431243896484375 268.95001220703125 276.23126220703125 281.84375 278.96875 273.368743896484375 266.149993896484375 256.118743896484375 255.53125 255.0062408447265625 249.649993896484375 241.256256103515625 231.4812469482421875 220.3312530517578125 208.806243896484375 197.4812469482421875 186.7687530517578125 178.2375030517578125 176.006256103515625 176.9812469482421875 179.100006103515625 188.5187530517578125 199.15625 210.4375 224.256256103515625 236.7937469482421875 244.9187469482421875 243.368743896484375 243.2937469482421875 250.5625 268.25 283.399993896484375 291.73126220703125 298.375 303.412506103515625 309.537506103515625 315.03125 321.024993896484375 327.712493896484375
215.7062530517578125 222.09375 230.068756103515625 240.0124969482421875 251.5749969482421875 259.16876220703125 266.48126220703125 272.25 274.431243896484375 272.481231689453125 267.65625 261.32501220703125 255.1687469482421875 252.431243896484375 249.09375 244.506256103515625 238.056243896484375 228.868743896484375 218.2062530517578125 206.712493896484375 195.40625 183.806243896484375 174.287506103515625 171.9250030517578125 173.15625 178.6062469482421875 188.34375 200.443756103515625 212.3125 225.787506103515625 237.7687530517578125 246.412506103515625 249.350006103515625 252.7937469482421875 260.443756103515625 272.993743896484375 284.537506103515625 290.84375 296.037506103515625 300.556243896484375 305.899993896484375 310.6875 316.88751220703125 325.618743896484375
224.4250030517578125 229.162506103515625 234.837493896484375 243.6062469482421875 253.681243896484375 260.087493896484375 264.712493896484375 268.70001220703125 269.65625 267.98748779296875 264.181243896484375 259.806243896484375 256.100006103515625 252.0812530517578125 248 242.506256103515625 236.149993896484375 227.3249969482421875 217.6750030517578125 206.3625030517578125 194.4499969482421875 181.556243896484375 170.506256103515625 166.837493896484375 170.6750030517578125 177.9812469482421875 190.2375030517578125 201.993743896484375 214.381256103515625 226.5500030517578125 237.712493896484375 246.9187469482421875 251.6999969482421875 256.63751220703125 263.524993896484375 272.712493896484375 281.20623779296875 287.13751220703125 290.73126220703125 295.32501220703125 300.618743896484375 305.681243896484375 311.26251220703125 320.59375
238.0124969482421875 240.8937530517578125 244.125 250.8000030517578125 257.20623779296875 260.71875 264.14373779296875 265.506256103515625 266.068756103515625 265.5625 263.524993896484375 260.068756103515625 257.193756103515625 253.8625030517578125 248.931243896484375 243.912506103515625 237.243743896484375 228.9499969482421875 219.287506103515625 207.993743896484375 195.7624969482421875 182.993743896484375 170.5437469482421875 165.9875030517578125 172.40625 180.7937469482421875 193.068756103515625 205.25 216.912506103515625 228.506256103515625 239.5812530517578125 247.787506103515625 252.850006103515625 259.57501220703125 264.537506103515625 272.23748779296875 279.212493896484375 283.53125 287.681243896484375 291.73126220703125 296.337493896484375 301.53125 307.537506103515625 317.01873779296875
253.21875 253.524993896484375 254.9562530517578125 257.96875 260.71875 261.4375 263.618743896484375 265.25 265.306243896484375 265.368743896484375 263.475006103515625 260.5625 257.681243896484375 254.4499969482421875 250.03125 245.3312530517578125 238.7062530517578125 231.962493896484375 222.524993896484375 212.225006103515625 201.0124969482421875 188.8625030517578125 179.2375030517578125 176.125 179.59375 186.875 198.368743896484375 210.212493896484375 221.287506103515625 232.3249969482421875 242.649993896484375 251.3249969482421875 257.368743896484375 261.493743896484375 265.35626220703125 271.837493896484375 276.39373779296875 280.90625 284.287506103515625 287.34375 291.53125 298.149993896484375 305.149993896484375 316.568756103515625
266.875 265.943756103515625 264.3125 264.26873779296875 264.506256103515625 263.57501220703125 264.26251220703125 264.66876220703125 265.11248779296875 265.48126220703125 264.04376220703125 261.16876220703125 257.95623779296875 255.7437591552734375 251.9499969482421875 248.2312469482421875 242.9250030517578125 235.806243896484375 228.162506103515625 218.1875 208.1687469482421875 197.0187530517578125 189.568756103515625 187.743743896484375 189.337493896484375 194.6062469482421875 205.5124969482421875 216.6437530517578125 228.15625 238.381256103515625 247.1062469482421875 255.8312530517578125 260.337493896484375 263.756256103515625 267.493743896484375 271.774993896484375 276.23126220703125 280.04998779296875 284.23748779296875 285.75 287.04998779296875 293.48748779296875 304.162506103515625 319.993743896484375
276.90625 273.38751220703125 270.087493896484375 267.649993896484375 266.9375 265.618743896484375 265 264.78125 264.524993896484375 265.243743896484375 264.662506103515625 262.850006103515625 260.3125 258.587493896484375 255.431243896484375 250.7375030517578125 246.212493896484375 241.21875 234.0625 223.8625030517578125 213.818756103515625 204.375 197.8937530517578125 196.8125 198.462493896484375 203.475006103515625 213.556243896484375 223.8874969482421875 234.7312469482421875 243.662506103515625 252.6750030517578125 261.068756103515625 264.98748779296875 268.96875 272.23748779296875 276.61248779296875 279.756256103515625 283.79376220703125 285.943756103515625 286.85626220703125 291.20001220703125 300.0625 310.76251220703125 327.86248779296875
283.96875 278.96875 273.162506103515625 269.6875 267.04376220703125 265.962493896484375 265.149993896484375 264.993743896484375 264.75 265.04376220703125 266.38751220703125 265.67498779296875 264.381256103515625 261.64373779296875 257.837493896484375 254.006256103515625 249.9375 245.774993896484375 239.96875 229.6750030517578125 219.78125 210.53125 204.243743896484375 204.1687469482421875 206.649993896484375 212.1687469482421875 221.6125030517578125 231.84375 242.0625 250.1374969482421875 258.34375 266.42498779296875 271.76251220703125 276.45623779296875 280.45001220703125 282.837493896484375 285.868743896484375 290.11248779296875 291.225006103515625 290.837493896484375 295.79998779296875 307.70623779296875 319.975006103515625 333.550018310546875
286.368743896484375 280.568756103515625 274.431243896484375 270.318756103515625 266.431243896484375 264.70001220703125 264.29998779296875 263.181243896484375 263.04998779296875 264.693756103515625 266.40625 266.66876220703125 266.20001220703125 264.600006103515625 260.837493896484375 257.58123779296875 251.5437469482421875 246.65625 240.6374969482421875 232.125 223.46875 215.59375 209.2687530517578125 210.587493896484375 214.475006103515625 220.1999969482421875 229.1750030517578125 239.2062530517578125 249.2937469482421875 257.681243896484375 265.506256103515625 272.8125 278.76873779296875 283.850006103515625 288.693756103515625 291.087493896484375 294.03125 297 297.08123779296875 299.443756103515625 306.756256103515625 319.118743896484375 331.54998779296875 346.08123779296875
282.631256103515625 277.375 272.3125 267.98748779296875 263.54998779296875 261.756256103515625 260.274993896484375 259.524993896484375 260.48126220703125 263.212493896484375 267.256256103515625 267.61248779296875 268.350006103515625 267.54376220703125 264.037506103515625 259.15625 252.6687469482421875 247.875 240.5500030517578125 232.5625 225.4562530517578125 217.962493896484375 212.225006103515625 213.8874969482421875 218.40625 224.443756103515625 233.5812530517578125 244.59375 255.1750030517578125 263.431243896484375 272.16876220703125 279.681243896484375 286.09375 293.09375 299.75 303.9375 307.28125 309.274993896484375 309.59375 315.5 322.881256103515625 334.681243896484375 348.15625 364.11248779296875
278.59375 272.96875 268.287506103515625 264.83123779296875 260.506256103515625 257.78125 256.14373779296875 255.5749969482421875 255.6750030517578125 259.23748779296875 264.78125 267.524993896484375 270.100006103515625 269.381256103515625 265.943756103515625 260.79376220703125 254.037506103515625 248.212493896484375 240.618743896484375 232.712493896484375 225.6374969482421875 218.412506103515625 213.5437469482421875 215.6687469482421875 220.7312469482421875 227.068756103515625 237.0187530517578125 248.274993896484375 259.975006103515625 269.537506103515625 278.98126220703125 287.48126220703125 296.03125 304.04998779296875 310.9375 316.58123779296875 320.524993896484375 323.443756103515625 325.39373779296875 331.03125 337.32501220703125 349.17498779296875 364.98126220703125 382.01251220703125
274.006256103515625 269.193756103515625 264.96875 260.556243896484375 256.993743896484375 254.149993896484375 251.125 249.475006103515625 248.899993896484375 252.3062591552734375 260.34375 267.01873779296875 272.33123779296875 272.681243896484375 268.381256103515625 262.506256103515625 254.600006103515625 247.631256103515625 240.46875 231.96875 225.8937530517578125 218.6125030517578125 213.712493896484375 215.8562469482421875 221.6437530517578125 227.9375 239.162506103515625 251.7062530517578125 264.26873779296875 275.04998779296875 284.70623779296875 295.53125 305.21875 314.987518310546875 323.068756103515625 328.462493896484375 332.462493896484375 338.95623779296875 342.100006103515625 345.17498779296875 350.993743896484375 360.91876220703125 375.25 391.54998779296875
268.71875 264.806243896484375 260.41876220703125 255.4187469482421875 251.0500030517578125 248.2937469482421875 244.475006103515625 241.193756103515625 239.024993896484375 241.4250030517578125 251.0812530517578125 261.756256103515625 271.48126220703125 274.931243896484375 270.337493896484375 263.48748779296875 255.475006103515625 247.693756103515625 238.71875 230.7062530517578125 224.7375030517578125 218.8874969482421875 213.912506103515625 216.662506103515625 221.524993896484375 227.8562469482421875 239.5437469482421875 253.6875 266.91876220703125 278.131256103515625 289.54998779296875 301.475006103515625 313.149993896484375 324.48126220703125 332.6875 337.8125 345.35626220703125 350.57501220703125 353.125 357.774993896484375 364.737518310546875 372.537506103515625 383.350006103515625 398.337493896484375
264.506256103515625 261 255.8562469482421875 252.2062530517578125 247.375 243.806243896484375 239.3874969482421875 234.7937469482421875 230.2937469482421875 226.9187469482421875 240.8312530517578125 259.90625 271.006256103515625 274.6875 270.92498779296875 263.431243896484375 254.875 246.443756103515625 237.875 228.8249969482421875 222.875 217.1999969482421875 212.943756103515625 215.681243896484375 220.193756103515625 226.8125 239.087493896484375 253.46875 268.11248779296875 280.381256103515625 292.98126220703125 305.95001220703125 319.85626220703125 332.64373779296875 342.975006103515625 350.67498779296875 356.66876220703125 362.03125 364.9375 368.63751220703125 373.662506103515625 380.868743896484375 390.1875 402.20001220703125
260.54998779296875 257.54998779296875 252.787506103515625 248.6875 244.5625 240.625 236.4812469482421875 232.2062530517578125 229.1687469482421875 224.0749969482421875 246.5625 267.64373779296875 274.39373779296875 275.54376220703125 270.868743896484375 262.76873779296875 252.5812530517578125 244.1062469482421875 234.4875030517578125 224.8000030517578125 219.5124969482421875 214.149993896484375 210.962493896484375 213.6687469482421875 218.5 225.243743896484375 237.743743896484375 252.931243896484375 268.337493896484375 282.5625 295.16876220703125 309.5 324.524993896484375 339.243743896484375 350.568756103515625 359.387481689453125 365.912506103515625 371.881256103515625 374.712493896484375 377.23748779296875 380.33123779296875 386.3125 392.412506103515625 400.756256103515625
258.79998779296875 254.8312530517578125 249.6062469482421875 246.256256103515625 241.787506103515625 238.5187530517578125 236.287506103515625 234.8874969482421875 236.84375 248 272.25 275.568756103515625 273.98748779296875 272.243743896484375 267.037506103515625 258.21875 248.8937530517578125 240.1062469482421875 230.118743896484375 220.9187469482421875 215.475006103515625 210.9375 209.306243896484375 211.8625030517578125 216.7624969482421875 224.399993896484375 236.6875 251.4562530517578125 266.98126220703125 281.39373779296875 295.956268310546875 310.087493896484375 324.07501220703125 338.118743896484375 351.91876220703125 360.243743896484375 365.818756103515625 372.45623779296875 374.14373779296875 373.881256103515625 376.54376220703125 380.306243896484375 385.40625 391.79998779296875
257.45001220703125 252.9562530517578125 247.7937469482421875 243.350006103515625 239.118743896484375 236.8937530517578125 235.2687530517578125 236.8249969482421875 241.6687469482421875 252.743743896484375 265.38751220703125 269.63751220703125 269.73126220703125 267.39373779296875 261.875 254.318756103515625 245.556243896484375 236.712493896484375 226.4812469482421875 217.7375030517578125 211.2624969482421875 207.2062530517578125 205.7375030517578125 208.693756103515625 215.056243896484375 222.868743896484375 235.225006103515625 249.6437530517578125 265.11248779296875 279.818756103515625 294.09375 310.45001220703125 326.11248779296875 339.03125 350.300018310546875 358.46875 363.412506103515625 368.131256103515625 369.90625 368.28125 369.38751220703125 372.5 375.962493896484375 379.375
