data/historical-monthly-weather-data/wc2.1_cruts4.09_10m_prec_1983-08.asc
ncols        51
nrows        45
xllcorner    -63.500000000000
yllcorner    -7.500000000000
cellsize     0.166666666667
NODATA_value -9999
[rows 19 to 37 of 45, columns 0 to 43 of 51]
141.6437530517578125 141.287506103515625 141.1437530517578125 142.3625030517578125 142.0812530517578125 142.7687530517578125 142.006256103515625 140.149993896484375 140.287506103515625 137.75 133.875 128.056243896484375 117.5500030517578125 106.6999969482421875 98.50624847412109375 89.9187469482421875 78.88124847412109375 77.15000152587890625 78.9875030517578125 85.6687469482421875 90.6437530517578125 100.91249847412109375 119.71250152587890625 136.412506103515625 149.631256103515625 156.7687530517578125 157.4499969482421875 152.5187530517578125 142.84375 126.50624847412109375 119.65625 133.9812469482421875 147.1374969482421875 163.556243896484375 181.1125030517578125 188.625 191.3249969482421875 192.2375030517578125 183.818756103515625 168.8937530517578125 148.7249908447265625 133.1687469482421875 121.30625152587890625 110.7375030517578125
127.9875030517578125 130.837493896484375 133.46875 135.0749969482421875 133.4812469482421875 134.3249969482421875 135.506256103515625 135.5500030517578125 136.65625 134.681243896484375 132.381256103515625 128.6875 118.15625 107.0124969482421875 97.2375030517578125 88.58750152587890625 79.7624969482421875 75.03125 78.5187530517578125 82.9875030517578125 92.93125152587890625 105.8874969482421875 121.0437469482421875 138.3000030517578125 155.7312469482421875 160.9187469482421875 154.631256103515625 149.631256103515625 144.381256103515625 139.006256103515625 137.46875 144.375 151.399993896484375 161.306243896484375 177.1750030517578125 183.412506103515625 189.350006103515625 190.125 179.975006103515625 166.9562530517578125 148.8000030517578125 135.5749969482421875 124.7937469482421875 113.3312530517578125
119.1062469482421875 120.03125 123.5124969482421875 127.0437469482421875 127.7937469482421875 128.0437469482421875 130.962493896484375 130.3874969482421875 132.8249969482421875 131.350006103515625 132.181243896484375 132.8874969482421875 130.006256103515625 120 108.6875 96.0124969482421875 89.8125 85.6875 86.80625152587890625 90.6374969482421875 94.8312530517578125 105 119.3249969482421875 134.84375 148.350006103515625 156.681243896484375 163.006256103515625 157.693756103515625 154.806243896484375 148.975006103515625 145.5749969482421875 146.225006103515625 151.337493896484375 160.068756103515625 166.8874969482421875 173.2687530517578125 182.506256103515625 187.506256103515625 179.7937469482421875 166.21875 149.5625 136.506256103515625 124.0749969482421875 115.96250152587890625
110.5500030517578125 114.8000030517578125 119.50624847412109375 121.59999847412109375 123.375 124.4499969482421875 124.34375 123.7312469482421875 128.28125 132.125 137.056243896484375 141.3312530517578125 143.618743896484375 135.4187469482421875 121.09375 107.25 97.31874847412109375 93.19374847412109375 93.03749847412109375 94.6125030517578125 99.03125 108.03125 119.625 128.1374969482421875 143.899993896484375 157.181243896484375 163.2937469482421875 164.0749969482421875 159.4187469482421875 150.1437530517578125 145.4250030517578125 145.9875030517578125 149.681243896484375 153.225006103515625 156.2687530517578125 155.7687530517578125 165.15625 178.8249969482421875 176.7624969482421875 163.0749969482421875 149.306243896484375 135.506256103515625 123.72499847412109375 115.34375
102.2624969482421875 106.8937530517578125 112.75 113 114.0187530517578125 116.31874847412109375 119.08750152587890625 121.69374847412109375 122.9499969482421875 129.0124969482421875 135.75 146.068756103515625 151.943756103515625 143.193756103515625 129.506256103515625 116.24375152587890625 106.6374969482421875 101.4250030517578125 99.6750030517578125 101.0625 105.1062469482421875 112.2375030517578125 119.78749847412109375 130.100006103515625 142.087493896484375 151.2687530517578125 160.537506103515625 158.0500030517578125 156.024993896484375 150 146.3562469482421875 145.0124969482421875 147.943756103515625 147.243743896484375 148.024993896484375 145.1374969482421875 152.556243896484375 166.75 167.443756103515625 156.3937530517578125 143.7687530517578125 132.0625 120.6875 111.63124847412109375
96 98.8937530517578125 104.0625 107.30625152587890625 109.6437530517578125 111.7062530517578125 113.8625030517578125 117.33750152587890625 121.25 127.53749847412109375 132.9250030517578125 140.2062530517578125 145.2687530517578125 140.399993896484375 130.6125030517578125 120.97499847412109375 113.00624847412109375 107.5187530517578125 105.08750152587890625 105.8937530517578125 109.6437530517578125 114.5187530517578125 120.78125 129.556243896484375 137.412506103515625 147.9499969482421875 151.3249969482421875 150.649993896484375 149.693756103515625 146.181243896484375 142.40625 140.3312530517578125 142.9250030517578125 145.037506103515625 145 142.3625030517578125 148.649993896484375 154.4375 154.34375 147.837493896484375 137.6374969482421875 128.4812469482421875 118.72499847412109375 110.88124847412109375
92.3249969482421875 93.625 95.97499847412109375 100.77500152587890625 102.2062530517578125 104.9499969482421875 107.9250030517578125 113.09999847412109375 115.56874847412109375 119.93125152587890625 125.6875 131.5124969482421875 135.318756103515625 131.625 126.97499847412109375 119.61875152587890625 114.24375152587890625 110.5500030517578125 107.27500152587890625 108.7375030517578125 112.40625 115.53749847412109375 121.61875152587890625 126.68125152587890625 132.568756103515625 140.03125 143.8562469482421875 143.837493896484375 144.399993896484375 142.5437469482421875 138.7624969482421875 137.212493896484375 138.2624969482421875 139.931243896484375 140.131256103515625 141.3562469482421875 144.8625030517578125 146.087493896484375 146.162506103515625 138.9187469482421875 131.4187469482421875 123.5625 116.30625152587890625 110.2937469482421875
89.4375 88.40625 91.18125152587890625 94.34999847412109375 96.1125030517578125 98.8562469482421875 103.24375152587890625 106.56874847412109375 108.1062469482421875 114.03125 120.0749969482421875 122.4250030517578125 124.7937469482421875 123.5437469482421875 121.68125152587890625 116.97499847412109375 113.84375 110.3562469482421875 108.7937469482421875 107.9499969482421875 109.11875152587890625 112.9375 116.5625 122.5625 127.2062530517578125 130.125 134.9875030517578125 135.8312530517578125 135.6125030517578125 133.1875 132.100006103515625 129.649993896484375 132.7874908447265625 135.618743896484375 135.725006103515625 137.381256103515625 137.693756103515625 139.1374969482421875 136.3000030517578125 129.875 123.24375152587890625 117.26874542236328125 113.83124542236328125 107.20000457763671875
88.08750152587890625 83.27500152587890625 85.6999969482421875 88.43125152587890625 90.71250152587890625 92.4875030517578125 96.3625030517578125 99.94374847412109375 102.97499847412109375 107.7312469482421875 110.91249847412109375 112.8249969482421875 115.1125030517578125 116.3625030517578125 114.53749847412109375 112.59375 111.84375 109.15000152587890625 107.84999847412109375 106.50624847412109375 107.5437469482421875 107.7062530517578125 112.46875 116.8249969482421875 119.66249847412109375 120.53749847412109375 124.7312469482421875 126.8874969482421875 127.72499847412109375 126.38124847412109375 124.16875457763671875 122.02500152587890625 125.8937530517578125 128.375 132.306243896484375 132.193756103515625 131.03125 131.524993896484375 129.7624969482421875 125.3249969482421875 118.97499847412109375 115.1750030517578125 112.1374969482421875 110.03125
83.83750152587890625 80.6999969482421875 81.25624847412109375 83.3249969482421875 83.4875030517578125 85.5124969482421875 88.03749847412109375 90.40625 95.80625152587890625 99.03125 102.1875 103.91249847412109375 106.06874847412109375 108.43125152587890625 108.4187469482421875 107.81874847412109375 108.9875030517578125 107.56874847412109375 106.21875 105.41249847412109375 105.4499969482421875 105.18125152587890625 107.88124847412109375 109.7937469482421875 112.4187469482421875 111.9562530517578125 115.93125152587890625 117.43125152587890625 117.9499969482421875 117.1437530517578125 115.2937469482421875 114.75 117.3249969482421875 119.75624847412109375 124.66249847412109375 127.54375457763671875 128.1687469482421875 128.9499969482421875 127.34375 121.90625 114.00624847412109375 111.19374847412109375 110.24375152587890625 111.08750152587890625
80.0124969482421875 77.65000152587890625 77.59375 77.2937469482421875 77.78749847412109375 79.7375030517578125 81.31874847412109375 84.59999847412109375 87.91249847412109375 90.125 93.4375 96.03125 98.25624847412109375 100.21875 101.22499847412109375 101.68125152587890625 102.21875 103.2624969482421875 104.49375152587890625 101.9375 101.13124847412109375 101.97499847412109375 103.9562530517578125 104.30625152587890625 104.625 105.81874847412109375 106.68125152587890625 107.4375 105.7624969482421875 105.31874847412109375 105.2312469482421875 106.2624969482421875 109.2624969482421875 113.1875 118.36875152587890625 120.28125 125.1437530517578125 127.83750152587890625 125.44374847412109375 123.8937530517578125 119.6875 116.02500152587890625 111.58750152587890625 110.75
76.02500152587890625 73.18125152587890625 71.66249847412109375 72.21250152587890625 74.28749847412109375 75.1125030517578125 76.59999847412109375 77.875 79.93125152587890625 81.7687530517578125 83.91249847412109375 88.34999847412109375 92.33750152587890625 94.5187530517578125 94.3000030517578125 95.2624969482421875 98.0187530517578125 99.50624847412109375 101.5187530517578125 100.52500152587890625 98.81874847412109375 96.4187469482421875 96.9562530517578125 96.77500152587890625 96.18125152587890625 97.27500152587890625 96.22499847412109375 97.08750152587890625 96.618743896484375 97.22499847412109375 98.3937530517578125 99.1374969482421875 101.78749847412109375 106.34375 113.53749847412109375 115.7375030517578125 120.6750030517578125 124.5749969482421875 126.16249847412109375 128.100006103515625 124.8625030517578125 117.19374847412109375 111.09999847412109375 111.77500152587890625
71.6125030517578125 69.28749847412109375 67.56874847412109375 67.58750152587890625 69.5812530517578125 70.0625 70.6062469482421875 70.53749847412109375 72.4875030517578125 74.4250030517578125 76.33750152587890625 80.05625152587890625 83.125 86.5749969482421875 87.90000152587890625 91.53749847412109375 93.6374969482421875 94.58750152587890625 95.1999969482421875 95.25624847412109375 93.9375 93.4499969482421875 91.5812530517578125 88.78125 88.2624969482421875 88.3562469482421875 87.34999847412109375 87.93125152587890625 87.0625 87.69374847412109375 90.1374969482421875 91.00624847412109375 94.4499969482421875 100.08750152587890625 104.38124847412109375 106.90625 112.4187469482421875 117.8562469482421875 121.1687469482421875 124.06874847412109375 121.8312530517578125 114.6750030517578125 110.9187469482421875 108.65000152587890625
66.125 63.71875 62.5 62.69374847412109375 62.856250762939453125 62.674999237060546875 63.56874847412109375 63.875 64.78125 66.9187469482421875 70.13124847412109375 72.65000152587890625 75.4187469482421875 79.91249847412109375 81.5187530517578125 85.15000152587890625 87.18125152587890625 88.4812469482421875 88.49375152587890625 88.15625 86.6125030517578125 85.30625152587890625 83.84375 83.4875030517578125 82.91249847412109375 81.6125030517578125 81 79.20624542236328125 79.03125 79.30625152587890625 81.5500030517578125 82.2937469482421875 85.71250152587890625 90.34375 94.81874847412109375 97.75624847412109375 103.1374969482421875 107.93125152587890625 111.40625 114.5124969482421875 112.71875 108.6374969482421875 105.4875030517578125 102.66249847412109375
60.731250762939453125 59.581249237060546875 58.168750762939453125 58.549999237060546875 56.40625 56.5625 57.59999847412109375 57.78125 58.231250762939453125 59.40625 61.418750762939453125 64.99375152587890625 69.1875 71.2687530517578125 74.21875 76.5437469482421875 79.6875 79.90625 79.3562469482421875 79.6437530517578125 78.6999969482421875 77.46875 76.7062530517578125 75.7687530517578125 76.1125030517578125 75.6437530517578125 74.74375152587890625 72.6374969482421875 73.2624969482421875 73.91249847412109375 75 75.16249847412109375 77.27500152587890625 80.40625 85.2312469482421875 88.46875 93.53749847412109375 97.61875152587890625 101.15000152587890625 102.6999969482421875 104.34375 102.6875 99.86875152587890625 96.7687530517578125
56.4375 55.22499847412109375 54.049999237060546875 52.78125 51.4375 51.27500152587890625 51.59999847412109375 51.68125152587890625 51.0625 52.356250762939453125 53.956249237060546875 58.22499847412109375 61.46875 65.15000152587890625 67.8000030517578125 70.61875152587890625 73.1999969482421875 72.9375 72.1875 72.2375030517578125 71.5812530517578125 70.0812530517578125 68.59375 68.65000152587890625 68.625 68.96875 68.15000152587890625 66.6687469482421875 67.4812469482421875 68.25624847412109375 67.71250152587890625 67.0187530517578125 69.09999847412109375 71.4562530517578125 75.1999969482421875 78.43125152587890625 81.8000030517578125 86.8562469482421875 90.78749847412109375 92.6750030517578125 93.4375 92.72499847412109375 92.13124847412109375 90.28125
52.96250152587890625 51.825000762939453125 49.8125 47.956249237060546875 46.52500152587890625 45.356250762939453125 44.81874847412109375 43.97499847412109375 43.75624847412109375 44.9375 47.118747711181640625 50.21250152587890625 54.02500152587890625 57.25624847412109375 60.037502288818359375 63.27500152587890625 65.0187530517578125 65.4187469482421875 63.793750762939453125 63.30625152587890625 63.112499237060546875 63.2375030517578125 61.77500152587890625 62.012500762939453125 61.549999237060546875 61.268749237060546875 60.71250152587890625 61.52500152587890625 61.268749237060546875 61.15625 60.55625152587890625 60.049999237060546875 60.24375152587890625 63.100002288818359375 65.59999847412109375 67.34375 71.9187469482421875 76.56874847412109375 78.84375 81.88124847412109375 83.0437469482421875 84.4875030517578125 82.7937469482421875 82.13124847412109375
48.34375 47 44.6875 42.918750762939453125 41.293750762939453125 40.112499237060546875 39.21250152587890625 38.518749237060546875 37.793750762939453125 37.893749237060546875 40.93125152587890625 45.012500762939453125 48.49375152587890625 50.731250762939453125 53.787502288818359375 55.84999847412109375 57.456249237060546875 57.125 56.043750762939453125 54.862499237060546875 54.893749237060546875 55.21250152587890625 54.49375152587890625 55.06874847412109375 55.25624847412109375 54.21250152587890625 54.78125 55.59375 54.65000152587890625 54.58750152587890625 54.481250762939453125 53.424999237060546875 54.081249237060546875 55.34999847412109375 57.33750152587890625 59.5 63.5625 68.3312530517578125 70.15625 72.96875 73.84999847412109375 75.4562530517578125 74.31874847412109375 74.53125
44.61875152587890625 43.4375 40.61875152587890625 39.081249237060546875 37.418750762939453125 35.74375152587890625 34.53125 33.424999237060546875 33.28125 33.06874847412109375 37.487499237060546875 41.24375152587890625 42.78749847412109375 45.106250762939453125 48.0625 49.706249237060546875 50.424999237060546875 49.36875152587890625 49.19374847412109375 47.950000762939453125 47.956249237060546875 47.75624847412109375 47.49375152587890625 48.168750762939453125 48.643749237060546875 48.69374847412109375 49.78749847412109375 50.987499237060546875 51.09375 50.5 49.450000762939453125 49.3125 50.325000762939453125 49.774997711181640625 50.53125 52.0625 57.049999237060546875 61.956249237060546875 64.27500152587890625 66.875 65.46250152587890625 65.6374969482421875 65.5124969482421875 65.65000152587890625
