data/historical-monthly-weather-data/wc2.1_cruts4.09_10m_prec_1988-10.asc
ncols        45
nrows        45
xllcorner    -63.500000000000
yllcorner    -7.500000000000
cellsize     0.166666666667
NODATA_value -9999
[rows 0 to 18 of 45, columns 0 to 43 of 45]
117.3000030517578125 110.8625030517578125 108.99375152587890625 109.77500152587890625 109.9187469482421875 110.55625152587890625 109.77500152587890625 109.0625 108.5749969482421875 109.18125152587890625 111.15625 112.49375152587890625 113.1750030517578125 112.3937530517578125 112 111.4812469482421875 110.81874847412109375 108.8562469482421875 107.5625 106.1125030517578125 104.6875 102.78125 101.2375030517578125 100.09375 99.34999847412109375 99.00624847412109375 98.875 99.0749969482421875 99.7687530517578125 100.6062469482421875 101.84375 103.27500152587890625 105.5500030517578125 108.30625152587890625 111.3874969482421875 113.47499847412109375 115.3249969482421875 116.8249969482421875 116.9375 116.6125030517578125 116.19374847412109375 115.46250152587890625 113.65000152587890625 111.11875152587890625
113.63124847412109375 107.4375 107.2062530517578125 109.52500152587890625 112.1437530517578125 112.33750152587890625 111.99375152587890625 112.5437469482421875 113.7687530517578125 114.78125 115.9375 116.15000152587890625 115.8312530517578125 114.90000152587890625 113.93125152587890625 113.2687530517578125 111.65625 110.13124847412109375 108.97499847412109375 108.0124969482421875 106.2062530517578125 104.6374969482421875 103.27500152587890625 102.40000152587890625 101.69374847412109375 100.8125 101.1687469482421875 101.56874847412109375 102.0500030517578125 102.61875152587890625 104.77500152587890625 107.53749847412109375 110.8562469482421875 115.0187530517578125 118.5124969482421875 120.5124969482421875 123.0625 124.75624847412109375 125.00624847412109375 124.4812469482421875 124.1437530517578125 123.5187530517578125 121.75624847412109375 119.0500030517578125
108.1687469482421875 103.30625152587890625 103.69374847412109375 106.94374847412109375 110.3562469482421875 112.0812530517578125 114.0124969482421875 116.84375 119.6750030517578125 121.21875 121.53749847412109375 120.49375152587890625 119.0500030517578125 117.09999847412109375 115.59375 114.30625152587890625 112.9187469482421875 111.375 110.0812530517578125 109.1062469482421875 107.46250152587890625 106.59999847412109375 105.5 104.61875152587890625 103.9187469482421875 103.52500152587890625 103.7062530517578125 104.08750152587890625 103.75624847412109375 105.0124969482421875 107.7937469482421875 110.41249847412109375 114.00624847412109375 118.6750030517578125 122.86875152587890625 125.21250152587890625 127.6062469482421875 130.0437469482421875 130.7937469482421875 130.506256103515625 130.350006103515625 129.712493896484375 128.131256103515625 126.09375
101.875 97.74375152587890625 99.6687469482421875 102.36875152587890625 106.3562469482421875 109.72499847412109375 114.21250152587890625 119.5812530517578125 125.09999847412109375 127.8000030517578125 126.78125 124.0124969482421875 121.125 118.4875030517578125 117.16249847412109375 115.40000152587890625 113.71250152587890625 112.5124969482421875 111.4375 110.6437530517578125 109.4812469482421875 108.24375152587890625 106.7937469482421875 106.3625030517578125 105.78749847412109375 105.28125 105.34999847412109375 105.3125 105.15625 106.53749847412109375 109.4812469482421875 112.84999847412109375 115.94374847412109375 120.09999847412109375 123.99375152587890625 127.91249847412109375 131.2687530517578125 134.149993896484375 135.618743896484375 135.931243896484375 135.149993896484375 134.90625 133.743743896484375 132.40625
100.30625152587890625 94.53749847412109375 94.2375030517578125 96.8312530517578125 101.6999969482421875 106.8125 112.80625152587890625 119.94374847412109375 128.7312469482421875 134.3625030517578125 131.125 125.58750152587890625 122.02500152587890625 119.625 117.90000152587890625 115.90625 114.4187469482421875 112.65000152587890625 111.34999847412109375 110.5625 110.21250152587890625 109.0124969482421875 107.7687530517578125 107.71875 107.33750152587890625 106.9499969482421875 106.31874847412109375 106.5625 106.94374847412109375 107.7375030517578125 110.5124969482421875 113.72499847412109375 117.40000152587890625 121.5812530517578125 126.15000152587890625 129.9187469482421875 133.7937469482421875 137.6999969482421875 139.25 139.868743896484375 139.337493896484375 138.537506103515625 138.15625 137.256256103515625
98.8312530517578125 93.74375152587890625 91.66249847412109375 91.4187469482421875 97.0187530517578125 103.875 110.33750152587890625 117.6437530517578125 126.61875152587890625 134.256256103515625 129.7062530517578125 124.1687469482421875 121.65000152587890625 119.59375 117.9812469482421875 116.9250030517578125 115.2624969482421875 113.43125152587890625 112.3125 111.3937530517578125 111.34999847412109375 110.8312530517578125 110.2062530517578125 109.5124969482421875 109.14374542236328125 108.63124847412109375 107.6125030517578125 106.9812469482421875 107.4875030517578125 107.96250152587890625 110.40625 114.09999847412109375 117.16249847412109375 121.21250152587890625 125.6125030517578125 129.693756103515625 133.806243896484375 138.618743896484375 141.8249969482421875 141.806243896484375 139.381256103515625 138.96875 138.4562530517578125 138.625
99.58750152587890625 94.80625152587890625 92.71875 91.8562469482421875 95.6374969482421875 100.80625152587890625 106.09375 111.03749847412109375 115.78125 118.7624969482421875 119.8000030517578125 119.3000030517578125 119.15000152587890625 118.77500152587890625 117.86875152587890625 117.36875152587890625 116.3125 114.16249847412109375 112.53749847412109375 111.96875 112.6374969482421875 112.84375 112.46875 111.93125152587890625 111.5187530517578125 110.75 109.61875152587890625 108.25 107.44374847412109375 108.25 110.3874969482421875 113.21875 115.84375 119.74375152587890625 124.13124847412109375 127.5187530517578125 131.6125030517578125 136.462493896484375 141.53125 140.0437469482421875 137.1062469482421875 135.5187530517578125 135.4875030517578125 136.712493896484375
101.21250152587890625 96.5749969482421875 95.5625 96.1999969482421875 98.2062530517578125 101.53125 103.28749847412109375 103.11875152587890625 101.5625 103.19374847412109375 108.7624969482421875 112.7062530517578125 115.7624969482421875 117.21875 117.9375 117.84375 117.1999969482421875 115.08750152587890625 113.47499847412109375 113.2375030517578125 114.5812530517578125 115.16249847412109375 115.1750030517578125 114.81874847412109375 114.1687469482421875 112.72499847412109375 110.74375152587890625 108.3249969482421875 106.80625152587890625 106.50624847412109375 108.52500152587890625 111.3625030517578125 113.88124847412109375 117.46875 120.9375 123.72499847412109375 126.25 129.850006103515625 132.2937469482421875 131.4812469482421875 128.837493896484375 126.84375 125.8937530517578125 126.30625152587890625
103.9499969482421875 100.49375152587890625 100.44374847412109375 101.0187530517578125 102.5 104.09375 104.1687469482421875 101.0437469482421875 95.08750152587890625 94.03125 102.03749847412109375 108.55625152587890625 113.69374847412109375 116.31874847412109375 117.78749847412109375 118.49375152587890625 118.3125 117.75 117.53125 117.3249969482421875 118.59999847412109375 119.63124847412109375 118.78749847412109375 118.6125030517578125 116.84999847412109375 114.21875 110.77500152587890625 108.78749847412109375 106.8625030517578125 105.59999847412109375 107.08750152587890625 109.19374847412109375 110.63124847412109375 112.93125152587890625 115.1374969482421875 117.56874847412109375 119.6999969482421875 121.1374969482421875 121.375 120.30625152587890625 117.55625152587890625 114.53125 112.96250152587890625 111.15000152587890625
107.28749847412109375 104.69374847412109375 104.7062530517578125 105.90000152587890625 107.65000152587890625 108.83750152587890625 108.15000152587890625 104.5749969482421875 99.9812469482421875 99.03749847412109375 103.22499847412109375 108.09999847412109375 113.3125 116.75 118.57500457763671875 119.6999969482421875 119.9187469482421875 120.8625030517578125 121.91249847412109375 123.4812469482421875 124.5 124.9812469482421875 123.4187469482421875 121.53749847412109375 117.97499847412109375 114.5437469482421875 111.31874847412109375 108.2375030517578125 106.15625 104.6437530517578125 104.6062469482421875 106.0437469482421875 106.84375 108.5625 110.41249847412109375 111.9250030517578125 112.6374969482421875 112.6875 112.02500152587890625 109.59375 106.2312469482421875 102.46875 98.90625 95.77500152587890625
110.8937530517578125 108.90625 108.9812469482421875 110.27500152587890625 112.25624847412109375 115.1437530517578125 115.03125 110.88124847412109375 107.06874847412109375 106.09375 108 111.1374969482421875 114.53749847412109375 118.06874847412109375 119.8625030517578125 120.69374847412109375 121.6062469482421875 123.7375030517578125 126.3125 129.34375 131.9875030517578125 131.4812469482421875 128.5812530517578125 123.61875152587890625 119.9812469482421875 116.7624969482421875 113.33750152587890625 109.9562530517578125 106.4875030517578125 104.46875 103.8625030517578125 104.30625152587890625 104.5625 105.33750152587890625 105.8625030517578125 106.05625152587890625 105.74375152587890625 104.15000152587890625 102.5 99.33750152587890625 95.3000030517578125 91.0187530517578125 87.28749847412109375 82.74375152587890625
114.5625 112.68125152587890625 113.0124969482421875 114.75624847412109375 117.16249847412109375 120.61875152587890625 121.7937469482421875 117.0124969482421875 113.72499847412109375 112.15625 112.63124847412109375 114.6125030517578125 116.58750152587890625 119.3249969482421875 121.53749847412109375 122.3625030517578125 123.6374969482421875 126.25 129.53125 134.0500030517578125 138.962493896484375 138.287506103515625 134.068756103515625 127.5 121.7062530517578125 116.69374847412109375 112.2687530517578125 109.43125152587890625 106.6875 104.7375030517578125 102.93125152587890625 102.46250152587890625 101.6875 101.65625 101.74375152587890625 100.88124847412109375 99.375 97.3562469482421875 94.5 90.88124847412109375 85.7312469482421875 81.125 77.06874847412109375 72.9875030517578125
117.65625 116.1687469482421875 116.6125030517578125 117.96250152587890625 120.1437530517578125 122.74375152587890625 122.6999969482421875 120.30625152587890625 117.94374847412109375 117.3125 117.52500152587890625 118.0437469482421875 119.30625152587890625 120.09999847412109375 122.05625152587890625 123.78749847412109375 124.80625152587890625 128.068756103515625 131.8312530517578125 136.1750030517578125 142.806243896484375 142.943756103515625 138.1999969482421875 131.0187530517578125 120.84375 114.46250152587890625 112.59375 109.74375152587890625 107.41249847412109375 104.91249847412109375 102.3874969482421875 100.34375 99.19374847412109375 98.08750152587890625 97.49375152587890625 96.25 94.1125030517578125 92.0500030517578125 89.2624969482421875 83.91249847412109375 78.5749969482421875 74.5812530517578125 69.98125457763671875 62.481250762939453125
119.75624847412109375 118.38124847412109375 118.9250030517578125 120.00624847412109375 121.3937530517578125 123.1999969482421875 123.2375030517578125 122.4812469482421875 121.59999847412109375 120.9562530517578125 120.8125 120.5625 120.72499847412109375 121.3249969482421875 121.93125152587890625 123.7937469482421875 124.71250152587890625 127.6062469482421875 130.818756103515625 134.568756103515625 140.287506103515625 141.493743896484375 139.743743896484375 133.9562530517578125 125.8000030517578125 119.7375030517578125 116.1125030517578125 112.11875152587890625 108.59375 104.4562530517578125 100.6999969482421875 98.1750030517578125 96.3125 94.78125 93.8312530517578125 92.5124969482421875 90.5749969482421875 88.97499847412109375 86.28125 81.61875152587890625 75.01250457763671875 68.8000030517578125 63.950000762939453125 59.043750762939453125
119.97499847412109375 119.03125 119.1999969482421875 120.31874847412109375 121.55625152587890625 122.9562530517578125 124.28125 124.4499969482421875 123.5437469482421875 123.1687469482421875 123.11875152587890625 122.3000030517578125 121.8000030517578125 121.9562530517578125 122.08750152587890625 123.66249847412109375 124.02500152587890625 125.68125152587890625 127.68125152587890625 131.1125030517578125 136.6374969482421875 140.1374969482421875 141.649993896484375 139.6750030517578125 135.462493896484375 129.8562469482421875 123.13124847412109375 116.3312530517578125 110.31874847412109375 104.15000152587890625 98.9812469482421875 95.3937530517578125 93.3000030517578125 92.30625152587890625 91.25624847412109375 89.59999847412109375 88.58750152587890625 89.00624847412109375 88.6437530517578125 83.7062530517578125 76.03125 69.55625152587890625 65.00624847412109375 60.668750762939453125
119.0187530517578125 118.15000152587890625 118.71250152587890625 120.0124969482421875 121.28125 123.2375030517578125 124.7375030517578125 125.1999969482421875 124.9250030517578125 124.88124847412109375 124.17499542236328125 122.25624847412109375 121.38124847412109375 121.34375 121.91249847412109375 122.5187530517578125 121.50624847412109375 122.40000152587890625 123.78125 126.375 131.693756103515625 137.756256103515625 143.350006103515625 146.4250030517578125 144.8312530517578125 139.006256103515625 130.5500030517578125 121.34375 112.56874847412109375 103.90000152587890625 97.25624847412109375 92.21875 89.58750152587890625 88.5500030517578125 86.9250030517578125 84.75 86.13124847412109375 87.8562469482421875 89.8125 86.3000030517578125 80.40625 73.93125152587890625 68.20000457763671875 62.712497711181640625
116.6750030517578125 116.2937469482421875 117.79999542236328125 119.71875 121.15625 123.3312530517578125 125.22499847412109375 126.16249847412109375 126.1750030517578125 125.47499847412109375 124.3249969482421875 121.8312530517578125 119.78749847412109375 118.83750152587890625 118.8000030517578125 118.6062469482421875 116.4187469482421875 116.59999847412109375 117.8937530517578125 120.5812530517578125 126.24375152587890625 133.9875030517578125 143.46875 151.3000030517578125 153.649993896484375 145.381256103515625 135.75 123.9499969482421875 112.65000152587890625 102.5 95.27500152587890625 90.65000152587890625 85.97499847412109375 82.53749847412109375 80.1062469482421875 80.49375152587890625 83.125 89.8312530517578125 97.03125 92.28749847412109375 85.7312469482421875 78.65000152587890625 71.30625152587890625 65.67499542236328125
112.9499969482421875 113.24375152587890625 115.6374969482421875 117.99375152587890625 120.0437469482421875 122.88124847412109375 125.1750030517578125 126.21250152587890625 126.22499847412109375 125.6999969482421875 124.5437469482421875 121.00624847412109375 117.86875152587890625 115.34999847412109375 114.16249847412109375 112.7375030517578125 110.31874847412109375 109.63124847412109375 111.1687469482421875 113.4187469482421875 119.2937469482421875 127.5500030517578125 138 147.1687469482421875 151.0187530517578125 145.6875 138.024993896484375 125.1437530517578125 111.7624969482421875 99.6875 91.44374847412109375 86.44374847412109375 83.88124847412109375 82.15625 77.6750030517578125 72.9375 79.90625 88.9187469482421875 94.6125030517578125 93.875 88.40625 81.90625 74.78749847412109375 69.0437469482421875
108.27500152587890625 109.8874969482421875 113.0812530517578125 116.2937469482421875 119.24375152587890625 122.2312469482421875 124.6875 126.25 126.9875030517578125 126.09999847412109375 123.8312530517578125 119.81874847412109375 115.3312530517578125 111.36875152587890625 109.28125 107.88124847412109375 105.40000152587890625 103.9375 105 106.59999847412109375 112.1875 122.1374969482421875 130.1125030517578125 138.431243896484375 142.587493896484375 141.818756103515625 134.7937469482421875 123.375 111.21875 97.7375030517578125 87.4812469482421875 85.53749847412109375 87.4562530517578125 85.2624969482421875 81.36875152587890625 78.40000152587890625 82.1999969482421875 87.65000152587890625 91.83750152587890625 92.3562469482421875 89.21250152587890625 85.6437530517578125 78.40000152587890625 72.5812530517578125
