data/historical-monthly-weather-data/wc2.1_cruts4.09_10m_prec_1977-10.asc
ncols        51
nrows        45
xllcorner    -63.500000000000
yllcorner    -7.500000000000
cellsize     0.166666666667
NODATA_value -9999
[rows 20 to 39 of 45, columns 0 to 43 of 51]
264.556243896484375 274.04376220703125 284.118743896484375 293.337493896484375 301.243743896484375 305.774993896484375 309.306243896484375 309.03125 302.149993896484375 290.024993896484375 275.681243896484375 261.91876220703125 249.024993896484375 235.556243896484375 227.7375030517578125 221.006256103515625 213.556243896484375 208.25 208.0437469482421875 206.6062469482421875 205.3874969482421875 205.9375 207.125 210.537506103515625 212.587493896484375 209.9812469482421875 202.149993896484375 188.493743896484375 174.7687530517578125 163.350006103515625 155.03125 153.0625 154.943756103515625 159.2312469482421875 163.8562469482421875 156.53125 148.212493896484375 144.0812530517578125 140.5124969482421875 136.96875 132.5500030517578125 126.25 117.40000152587890625 108.74375152587890625
259.818756103515625 273.625 286.98126220703125 299.15625 310.337493896484375 317.368743896484375 322.15625 324.118743896484375 319.212493896484375 305.850006103515625 288.66876220703125 272.21875 257.21875 244.399993896484375 235.056243896484375 228.125 222.243743896484375 216.837493896484375 214.318756103515625 212.587493896484375 208.087493896484375 206.5812530517578125 207.2312469482421875 208.131256103515625 207.193756103515625 204.21875 199.743743896484375 191.0187530517578125 182.587493896484375 174.743743896484375 168.2937469482421875 165.4875030517578125 166.600006103515625 170.1999969482421875 171.4562530517578125 166.056243896484375 157.568756103515625 150.5749969482421875 145.162506103515625 141 136.193756103515625 129.993743896484375 122.72499847412109375 114.5437469482421875
259.024993896484375 277.568756103515625 293.86248779296875 308.287506103515625 319.850006103515625 327.84375 334.45001220703125 339.59375 338.79998779296875 322.256256103515625 302.162506103515625 282.23126220703125 266.84375 254.7937469482421875 244.787506103515625 237.0124969482421875 230.7937469482421875 225.96875 222.0124969482421875 218.4250030517578125 214.037506103515625 209.78125 207.3625030517578125 206.625 204.0749969482421875 198.59375 196.381256103515625 193.53125 187.7375030517578125 182.662506103515625 179.1062469482421875 177.25 177.125 179.0812530517578125 178.8874969482421875 173.0812530517578125 164.943756103515625 156.274993896484375 150.1374969482421875 147.2375030517578125 143.0625 136.9499969482421875 129.837493896484375 121.5500030517578125
263.78125 285.875 305.91876220703125 319.26251220703125 330.40625 337.725006103515625 342.91876220703125 348.15625 345.98748779296875 330.07501220703125 308.58123779296875 289.51251220703125 273.875 261.306243896484375 252.3625030517578125 244.806243896484375 239.1125030517578125 233.587493896484375 228.53125 223.6875 218.84375 214.6374969482421875 209.5749969482421875 206.59375 201.90625 194.2375030517578125 190.2687530517578125 190.837493896484375 190.493743896484375 188.4812469482421875 186.412506103515625 185 185.225006103515625 186.0187530517578125 185.7312469482421875 181.6125030517578125 174.6125030517578125 166.068756103515625 160.4187469482421875 156.5 152.1437530517578125 146.006256103515625 138.4875030517578125 129.5500030517578125
277.649993896484375 299.35626220703125 320.61248779296875 331.318756103515625 341.131256103515625 346.337493896484375 348.98126220703125 350.04998779296875 345.01251220703125 332.462493896484375 315.412506103515625 297.4375 282.15625 269.34375 260.4375 253.899993896484375 247.9562530517578125 241.9375 236.037506103515625 230.631256103515625 224.806243896484375 218.162506103515625 213.15625 208.375 203.006256103515625 197.649993896484375 194.1125030517578125 194.006256103515625 194.2062530517578125 193.0500030517578125 191.368743896484375 189.243743896484375 190.875 191.649993896484375 192.037506103515625 188.337493896484375 184.1374969482421875 179.1999969482421875 173.193756103515625 169.162506103515625 164.3312530517578125 157.4499969482421875 149.2062530517578125 140.7624969482421875
295.57501220703125 314.037506103515625 328.5625 340.98748779296875 349.35626220703125 352.087493896484375 352.399993896484375 350.88751220703125 345.59375 335.84375 319.318756103515625 303.85626220703125 288.712493896484375 275.806243896484375 268.524993896484375 262.318756103515625 257.100006103515625 250.09375 243.818756103515625 237.649993896484375 231.181243896484375 223.59375 217.5500030517578125 212.318756103515625 207.1062469482421875 202.3937530517578125 200.1062469482421875 198.806243896484375 198.212493896484375 197.243743896484375 194.212493896484375 193.375 195.9562530517578125 197.125 198.8000030517578125 196.568756103515625 194.125 191.868743896484375 187.068756103515625 182.9875030517578125 178.2624969482421875 171.149993896484375 162.15625 153.46875
317.256256103515625 328.23126220703125 338.618743896484375 347.306243896484375 353.11248779296875 355.08123779296875 353.70001220703125 350.92498779296875 343.743743896484375 332.98748779296875 321.17498779296875 307.04376220703125 292.75 280.243743896484375 272.91876220703125 267.912506103515625 261.88751220703125 255.7062530517578125 248.96875 242.3249969482421875 235.5187530517578125 227.443756103515625 220.46875 216.725006103515625 210.8562469482421875 206.181243896484375 203.524993896484375 201.787506103515625 201.0187530517578125 199.431243896484375 197.7687530517578125 195.7624969482421875 199.725006103515625 202.806243896484375 204.9187469482421875 204.756256103515625 204.306243896484375 203.7375030517578125 200.8249969482421875 198.6687469482421875 194.899993896484375 188.3125 179.6062469482421875 170.2937469482421875
338.649993896484375 345.006256103515625 350.54998779296875 355.337493896484375 357.725006103515625 357.600006103515625 355.95623779296875 351.09375 342.86248779296875 333.375 321.6875 308.4375 295.73126220703125 282.600006103515625 276.42498779296875 271.881256103515625 267.28125 259.90625 253.649993896484375 247.875 239.78125 231.181243896484375 224.84375 219.743743896484375 213.9562530517578125 209.5437469482421875 207.274993896484375 205.524993896484375 203.1125030517578125 201.1687469482421875 198.75 197.5500030517578125 202.625 207.0625 211.84375 212.662506103515625 213.2312469482421875 215.649993896484375 214.100006103515625 214.2624969482421875 214.28125 207.306243896484375 196.681243896484375 188.524993896484375
358.587493896484375 361.625 361.568756103515625 362.88751220703125 362.25 358.962493896484375 354.756256103515625 349.76873779296875 341.84375 333.70001220703125 323.76251220703125 311.01251220703125 297.899993896484375 284.78125 279.70001220703125 275.46875 271.662506103515625 264.51873779296875 257.868743896484375 252.037506103515625 243.149993896484375 234.681243896484375 227.743743896484375 222.1374969482421875 216.256256103515625 212.1875 209.743743896484375 207.5187530517578125 206.03125 203.2624969482421875 199.8562469482421875 198.743743896484375 204.881256103515625 210.868743896484375 217.0437469482421875 219.837493896484375 222.03125 225.0437469482421875 224.21875 225.693756103515625 228.3625030517578125 221.5812530517578125 211.3249969482421875 206.1999969482421875
366.29376220703125 367.0625 364.181243896484375 360.962493896484375 359.006256103515625 353.587493896484375 349.693756103515625 345.9375 339.79998779296875 331.29376220703125 323.475006103515625 310.89373779296875 299.36248779296875 287.287506103515625 281.462493896484375 277.524993896484375 271.98748779296875 266.225006103515625 259.318756103515625 251.8874969482421875 243.75 235.46875 227.7937469482421875 221.412506103515625 216.21875 213.056243896484375 210.274993896484375 207.5 204.9375 202.8125 200.993743896484375 200.493743896484375 206.9499969482421875 214.3625030517578125 220.931243896484375 224.756256103515625 227.868743896484375 232.506256103515625 230.256256103515625 230.5625 233.1687469482421875 231.875 226.0437469482421875 224.8312530517578125
370.64373779296875 368.83123779296875 364.60626220703125 357.60626220703125 354.306243896484375 350.90625 346.76251220703125 343.16876220703125 336.6875 328.73126220703125 322.45001220703125 311.92498779296875 302.118743896484375 290.78125 283.34375 278.5 273.32501220703125 266.48748779296875 259.462493896484375 252.524993896484375 243.4812469482421875 235.225006103515625 227.5187530517578125 220.9875030517578125 215.8937530517578125 212.037506103515625 209.131256103515625 206.1687469482421875 203.2937469482421875 201.8562469482421875 201.618743896484375 202.162506103515625 209.125 217.431243896484375 224.868743896484375 228.6875 233.274993896484375 238.9187469482421875 235.9562530517578125 230.693756103515625 234.462493896484375 238.8312530517578125 239.712493896484375 239.5500030517578125
369.837493896484375 366.506256103515625 359.443756103515625 353.743743896484375 351.931243896484375 345.83123779296875 341.506256103515625 338.318756103515625 332.34375 325.71875 319.850006103515625 311.5 301.76251220703125 292.01873779296875 285.5625 279.57501220703125 272.181243896484375 264.16876220703125 258.649993896484375 251.7874908447265625 242.53125 233.90625 226.2624969482421875 219.431243896484375 214.587493896484375 210.2937469482421875 207.1125030517578125 204.100006103515625 201.0250091552734375 201.0812530517578125 201.837493896484375 202.899993896484375 210.631256103515625 220.131256103515625 227.412506103515625 232.5749969482421875 238.381256103515625 244.600006103515625 240.78125 237.993743896484375 243.756256103515625 250.5437469482421875 253.375 256.26873779296875
356.40625 352.41876220703125 346.0625 341.98748779296875 338.556243896484375 332.58123779296875 327.524993896484375 323.48748779296875 318.5625 314.587493896484375 315.212493896484375 307.59375 300.962493896484375 294.07501220703125 286.07501220703125 277.45001220703125 267.61248779296875 260.01873779296875 253.943756103515625 247.318756103515625 238.1750030517578125 229.625 221.649993896484375 215.899993896484375 211.0500030517578125 206.837493896484375 203.625 200.100006103515625 197.3312530517578125 199.337493896484375 201.28125 203.774993896484375 210.306243896484375 220.162506103515625 229.7062530517578125 237.46875 243.5437469482421875 248.681243896484375 247.975006103515625 251.8625030517578125 259.15625 265.60626220703125 270.600006103515625 274.76251220703125
338.081268310546875 335.33123779296875 331.256256103515625 328.14373779296875 323.09375 317.600006103515625 312.193756103515625 308.100006103515625 303.09375 301.63751220703125 302.743743896484375 301.96875 300.76873779296875 293.318756103515625 284.899993896484375 273.899993896484375 262.53125 255.256256103515625 247.9499969482421875 242.149993896484375 233.0749969482421875 224.381256103515625 216.649993896484375 210.3874969482421875 206.5 202.618743896484375 198.8000030517578125 195.2375030517578125 193.068756103515625 196.225006103515625 200.243743896484375 204.6125030517578125 212.5437469482421875 221.2312469482421875 232.03125 240.46875 247 253.0749969482421875 256.95623779296875 264.274993896484375 271.493743896484375 279.068756103515625 287.48748779296875 294.306243896484375
318.91876220703125 317.88751220703125 313.681243896484375 311.493743896484375 306.96875 301.506256103515625 295.756256103515625 292 286.118743896484375 285.774993896484375 290.256256103515625 293.818756103515625 297.03125 294.006256103515625 281.75 268.90625 256.45001220703125 248.8937530517578125 242.087493896484375 235.3312530517578125 227.0124969482421875 218.1374969482421875 210.6062469482421875 204.443756103515625 200.7624969482421875 197.243743896484375 193.9250030517578125 191.0437469482421875 189.09375 193.1125030517578125 198.212493896484375 204.46875 212.993743896484375 222.962493896484375 232.9187469482421875 240.837493896484375 248.0437469482421875 257.46875 264.193756103515625 272.475006103515625 281.306243896484375 288.88751220703125 298.9375 307.225006103515625
295.524993896484375 294.712493896484375 292.381256103515625 289.193756103515625 285.48126220703125 280.925018310546875 274.806243896484375 269.962493896484375 263.756256103515625 261.931243896484375 268.493743896484375 275.63751220703125 283.118743896484375 282.556243896484375 272.193756103515625 259.53125 246.9875030517578125 240.28125 234.068756103515625 227.350006103515625 219.90625 212.1999969482421875 203.975006103515625 198.600006103515625 194.9562530517578125 191.2874908447265625 188.131256103515625 185.71875 184.2062530517578125 189.5187530517578125 195.4187469482421875 202.28125 211.0187530517578125 221.7937469482421875 230.787506103515625 237.9375 248.3937530517578125 257.21875 264.79998779296875 273.256256103515625 283.07501220703125 291.337493896484375 298.131256103515625 307.274993896484375
271.931243896484375 271.53125 269.6875 267.21875 264.20001220703125 259.54376220703125 253.693756103515625 248.306243896484375 241.0187530517578125 235.649993896484375 244.6750030517578125 259.71875 266.82501220703125 266.4375 258.91876220703125 248.2375030517578125 236.306243896484375 230.368743896484375 224.181243896484375 217.6374969482421875 210.84375 203.6374969482421875 196.943756103515625 191.6437530517578125 187.912506103515625 184.7937469482421875 181.9250030517578125 180.024993896484375 179.5625 185.4562530517578125 192.59375 199.318756103515625 209.5187530517578125 220.2624969482421875 228.0500030517578125 237.3000030517578125 247.193756103515625 257.29998779296875 264.9375 272.70001220703125 281.95001220703125 287.931243896484375 295.831268310546875 305.537506103515625
249.8937530517578125 249.90625 248.1687469482421875 246.3125 244.1750030517578125 240.1062469482421875 236.431243896484375 231.756256103515625 225.618743896484375 218.256256103515625 234.0437469482421875 249.4187469482421875 253.5437469482421875 253.475006103515625 246.34375 236.618743896484375 225.4375 219.837493896484375 214.4499969482421875 207.9499969482421875 201.4250030517578125 194.212493896484375 188.193756103515625 183.3000030517578125 180.6062469482421875 178.09375 175.462493896484375 174.1875 174.3000030517578125 181.1999969482421875 188.162506103515625 196.181243896484375 206.6687469482421875 216.6875 225.712493896484375 233.962493896484375 244.8625030517578125 254.1750030517578125 263.35626220703125 271.899993896484375 278.149993896484375 285.15625 290.899993896484375 298.462493896484375
235.2062530517578125 234.5625 233.3562469482421875 231.506256103515625 229.287506103515625 225.743743896484375 222.712493896484375 221.3562469482421875 219.381256103515625 224.381256103515625 240.0437469482421875 242.618743896484375 241.09375 239.399993896484375 234.1999969482421875 226.631256103515625 217.5124969482421875 212.0625 206.0250091552734375 200.375 193.162506103515625 186.3125 181.03125 176.806243896484375 173.84375 172.3937530517578125 171.3312530517578125 171.28125 171.850006103515625 178.21875 185.9375 193.381256103515625 202.350006103515625 211.3249969482421875 221.4499969482421875 230.806243896484375 239.21875 248.2312469482421875 256.587493896484375 261.26873779296875 267.76251220703125 273.5625 277.506256103515625 283.606231689453125
222.274993896484375 221.225006103515625 220.09375 218.475006103515625 215.875 213.65625 210.9562530517578125 211.412506103515625 212.225006103515625 217.6062469482421875 224.943756103515625 228.21875 228.181243896484375 226.181243896484375 222.818756103515625 216.78125 210.0437469482421875 205.0187530517578125 198.6062469482421875 192.0749969482421875 185.0812530517578125 178.368743896484375 173.087493896484375 169.5124969482421875 168.03125 166.943756103515625 166.9812469482421875 168.3000030517578125 169.9375 176.024993896484375 182.6125030517578125 190.3562469482421875 200.2624969482421875 208.6374969482421875 218.475006103515625 226.056243896484375 232.774993896484375 240.5437469482421875 248.149993896484375 250.399993896484375 254.693756103515625 259.868743896484375 262.64373779296875 267.01251220703125
