data/historical-monthly-weather-data/wc2.1_cruts4.09_10m_prec_2019-08.asc
ncols        51
nrows        45
xllcorner    -63.500000000000
yllcorner    -7.500000000000
cellsize     0.166666666667
NODATA_value -9999
[rows 20 to 39 of 45, columns 0 to 42 of 51]
78.95624542236328125 82.6125030517578125 84.9875030517578125 86.4875030517578125 85.77500152587890625 85.61875152587890625 85.4875030517578125 84.55625152587890625 83.71875 80.9499969482421875 78.0187530517578125 74.1750030517578125 66.6125030517578125 59.043750762939453125 52.69374847412109375 47.21250152587890625 41.825000762939453125 38.856250762939453125 40.168750762939453125 41.88124847412109375 45.90000152587890625 51.174999237060546875 57.33750152587890625 64.8000030517578125 72.33750152587890625 74.38124847412109375 72.36875152587890625 71.1125030517578125 69.71875 68.4875030517578125 69.16249847412109375 73.84375 76.58750152587890625 80.34999847412109375 87.00624847412109375 89.50624847412109375 91.9562530517578125 91.75624847412109375 85.8874969482421875 78.68125152587890625 69.21875 62.325000762939453125 56.6875
77.52500152587890625 80.2375030517578125 82.96875 85.44374847412109375 85.90000152587890625 85 85.68125152587890625 84.0500030517578125 83.99375152587890625 81.4875030517578125 80.3937530517578125 79.2062530517578125 75.97499847412109375 68.7624969482421875 61.15625 53.09999847412109375 48.84999847412109375 45.987499237060546875 45.99375152587890625 47.38124847412109375 48.606250762939453125 52.768749237060546875 58.862499237060546875 65.59999847412109375 71.2375030517578125 74.5812530517578125 78.3249969482421875 76.6875 76.2687530517578125 74.91249847412109375 74.8249969482421875 76.44374847412109375 78.21875 81.4250030517578125 83.65000152587890625 86.3625030517578125 90.56874847412109375 92.5437469482421875 87.65625 79.90625 70.84999847412109375 63.6875 56.96250152587890625
75.875 81.2062530517578125 84.6999969482421875 85.9562530517578125 86.7937469482421875 86.09999847412109375 84.42499542236328125 82.47499847412109375 83.8000030517578125 84.59999847412109375 86.03749847412109375 87.125 86.97499847412109375 80.5812530517578125 70.74375152587890625 61.52500152587890625 54.875 51.799999237060546875 51.03749847412109375 51.21250152587890625 52.68125152587890625 56.456249237060546875 61.44374847412109375 64.71875 71.5124969482421875 77.15000152587890625 80.63124847412109375 81.73125457763671875 80.21250152587890625 77.1374969482421875 76.4187469482421875 78.05625152587890625 79.0749969482421875 79.59999847412109375 79.97499847412109375 79.25624847412109375 83.71875 90.15625 87.9875030517578125 79.9812469482421875 72.0625 64.1999969482421875 57.456249237060546875
74.52500152587890625 80.53749847412109375 84.8249969482421875 84.40000152587890625 84.40000152587890625 84.25624847412109375 84.27500152587890625 84.1750030517578125 83.2624969482421875 85.56874847412109375 88.21875 93.25 95.3562469482421875 88.3562469482421875 78.375 69.00624847412109375 62.15625 58.22499847412109375 56.41249847412109375 56.38124847412109375 57.674999237060546875 60.612499237060546875 63.65625 67.9812469482421875 73.03749847412109375 76.77500152587890625 81.79375457763671875 81.0500030517578125 80.6875 79.13124847412109375 78.90000152587890625 79.47499847412109375 80.0812530517578125 78.33750152587890625 77.50624847412109375 75.46250152587890625 78.90000152587890625 85.6999969482421875 85.0187530517578125 78.34999847412109375 70.96875 63.96250152587890625 57.24375152587890625
74.5187530517578125 79.74375152587890625 83.46250152587890625 85 85.59375 84.9250030517578125 84.1437530517578125 84.3874969482421875 85.2062530517578125 87.69374847412109375 89.52500152587890625 92.75624847412109375 94.5124969482421875 89.8125 81.8937530517578125 74.30625152587890625 68.08750152587890625 63.71875 61.3125 60.856250762939453125 62.049999237060546875 63.868747711181640625 66.3625030517578125 70.03125 73.13124847412109375 77.74375152587890625 79.69374847412109375 79.6875 79.6875 79.27500152587890625 78.81874847412109375 78.9250030517578125 79.28125 79.0187530517578125 77.7062530517578125 75.65625 78.40625 80.8125 79.8937530517578125 75.61875152587890625 69.4875030517578125 63.63124847412109375 57.575000762939453125
76.3874969482421875 80.8312530517578125 82.1687469482421875 84.8249969482421875 84.40625 83.93125152587890625 83.47499847412109375 84.7375030517578125 84.4375 85.59999847412109375 87.7312469482421875 90.16249847412109375 91.21875 87.1999969482421875 82.3562469482421875 75.9499969482421875 71.0500030517578125 67.6062469482421875 64.5625 64.41249847412109375 65.66249847412109375 66.59999847412109375 69.15000152587890625 70.94374847412109375 73.1437530517578125 76.3249969482421875 78.4499969482421875 78.625 79.2624969482421875 79.6062469482421875 78.99375152587890625 79.21875 78.625 78.00624847412109375 76.75 76.65625 77.8625030517578125 77.8249969482421875 77.1125030517578125 72.52500152587890625 67.8125 62.59375 57.674999237060546875
78.1125030517578125 80.55625152587890625 82.4499969482421875 83.9187469482421875 83.8625030517578125 83.40000152587890625 84.03749847412109375 83.83750152587890625 82.63124847412109375 84.78125 86.9250030517578125 86.66249847412109375 86.4562530517578125 83.7937469482421875 80.7687530517578125 76 72.49375152587890625 69.2375030517578125 67.33750152587890625 65.9562530517578125 65.88124847412109375 67.40625 68.78125 71.3562469482421875 73.1125030517578125 73.96250152587890625 76.7062530517578125 77.3000030517578125 77.3937530517578125 77.09375 77.6750030517578125 77.03749847412109375 77.38124847412109375 77.18125152587890625 75.6437530517578125 75.77500152587890625 75.3000030517578125 75.4562530517578125 73.31874847412109375 69.30625152587890625 65.16249847412109375 60.99375152587890625 58.125
81.16249847412109375 80.02500152587890625 81.78125 83.15000152587890625 83.75624847412109375 82.4562530517578125 82.74375152587890625 82.80625152587890625 82.49375152587890625 83.5500030517578125 83.375 82.46250152587890625 81.90000152587890625 80.6875 77.6875 74.74375152587890625 72.8000030517578125 70.2312469482421875 68.65625 67.1374969482421875 67.15000152587890625 66.65000152587890625 68.9499969482421875 70.83124542236328125 71.71875 71.59375 74.02500152587890625 75.3625030517578125 76.0124969482421875 75.9875030517578125 75.5500030517578125 74.71875 75.21875 74.53125 74.9562530517578125 74.1062469482421875 72.86875152587890625 72.5812530517578125 71.18125152587890625 68.31874847412109375 64.38124847412109375 61.487499237060546875 58.987499237060546875
81.51874542236328125 81.71250152587890625 81.7937469482421875 82.71875 81.4812469482421875 80.4875030517578125 79.75624847412109375 78.8625030517578125 80.4812469482421875 80.19374847412109375 79.8874969482421875 78.5625 77.6437530517578125 77.0124969482421875 75.24375152587890625 73.25 72.59375 70.96250152587890625 69.55625152587890625 68.50624847412109375 68.06874847412109375 67.44374847412109375 68.6875 69.30625152587890625 70.3562469482421875 69.5749969482421875 71.97499847412109375 72.94374847412109375 73.3249969482421875 73.28749847412109375 72.63124847412109375 72.3937530517578125 71.875 70.99375152587890625 71.8125 72.6999969482421875 72.4875030517578125 72.3874969482421875 71.16249847412109375 67.8312530517578125 63.09375 60.84999847412109375 59.549999237060546875
81.2687530517578125 81.6374969482421875 80.9812469482421875 79.5187530517578125 78.65000152587890625 77.9250030517578125 76.6875 77 77.13124847412109375 76.27500152587890625 76.3000030517578125 75.63124847412109375 74.63124847412109375 73.61875152587890625 72.41249847412109375 70.9562530517578125 69.77500152587890625 69.78749847412109375 70.0500030517578125 67.8312530517578125 67.0187530517578125 67.3249969482421875 68.3937530517578125 68.3625030517578125 68.3125 68.8874969482421875 69.49375152587890625 70.06874847412109375 69.05625152587890625 68.75 68.6999969482421875 69.0437469482421875 68.68125152587890625 68.6374969482421875 69.63124847412109375 69.9375 72.13124847412109375 73.09999847412109375 71.40625 70.22499847412109375 67.5 64.7312469482421875 61.47499847412109375
80.625 79.81874847412109375 77.41249847412109375 76.78749847412109375 77.6125030517578125 76.0749969482421875 75.15000152587890625 73.9562530517578125 73.2937469482421875 72.43125152587890625 71.77500152587890625 72.61875152587890625 72.96875 72 69.69374847412109375 68.4187469482421875 68.625 68.88124847412109375 69.65000152587890625 68.4375 67.1875 65.52500152587890625 65.8937530517578125 65.84999847412109375 65.56874847412109375 66.4250030517578125 65.8937530517578125 66.63124847412109375 66.3874969482421875 66.34999847412109375 66.6437530517578125 66.34375 65.6687469482421875 66.0500030517578125 68.25 68.6687469482421875 70.8937530517578125 72.5500030517578125 73.1062469482421875 73.9375 71.6750030517578125 66.53749847412109375 62.331249237060546875
79.1999969482421875 78.25 75.5187530517578125 74.2937469482421875 75.15625 73.625 72.1125030517578125 70.0124969482421875 69.58750152587890625 69.125 68.52500152587890625 68.86875152587890625 68.4812469482421875 68.46875 67.2312469482421875 67.8125 67.4187469482421875 67.2687530517578125 67.0625 66.59375 65.73749542236328125 65.56874847412109375 64.44374847412109375 62.875 62.924999237060546875 63.362499237060546875 62.88124847412109375 63.53749847412109375 62.96250152587890625 62.58750152587890625 63.362499237060546875 62.825000762939453125 62.643749237060546875 63.71875 64.15000152587890625 64.7312469482421875 67.2937469482421875 69.81874847412109375 71.4250030517578125 72.77500152587890625 71.06874847412109375 66.1999969482421875 63.237499237060546875
75.0124969482421875 73.41249847412109375 71.47499847412109375 70.84375 70.1062469482421875 68.3625030517578125 67.7312469482421875 66.47499847412109375 65.38124847412109375 65.5187530517578125 66.4812469482421875 65.6999969482421875 65.08750152587890625 65.94374847412109375 65 65.6875 65.3562469482421875 65.625 65.1125030517578125 64.4875030517578125 63.53125 62.78749847412109375 61.96875 62 61.875 61.143749237060546875 60.799999237060546875 59.518749237060546875 59.34999847412109375 58.74375152587890625 59.481250762939453125 58.887500762939453125 58.731250762939453125 59.25624847412109375 59.84999847412109375 60.50624847412109375 62.81874847412109375 64.81874847412109375 66.45000457763671875 67.88124847412109375 66.40000152587890625 63.325000762939453125 60.768749237060546875
70.56874847412109375 69.8562469482421875 67.96250152587890625 68.02500152587890625 65.06874847412109375 64.1687469482421875 64.21875 63.206249237060546875 62.012500762939453125 61.543750762939453125 61.731250762939453125 62.03125 62.68125152587890625 61.52500152587890625 61.83750152587890625 61.700000762939453125 62.41249847412109375 62.043750762939453125 61.28125 61.262500762939453125 60.762500762939453125 60.112499237060546875 59.80625152587890625 59.174999237060546875 59.53749847412109375 59.24375152587890625 58.47499847412109375 56.75624847412109375 57.06874847412109375 56.8125 56.799999237060546875 55.84375 54.831249237060546875 54.41249847412109375 55.3125 56 57.956249237060546875 59.375 60.99375152587890625 61.4812469482421875 61.97499847412109375 60.356250762939453125 58.049999237060546875
67.18125152587890625 65.96250152587890625 64.66249847412109375 63.206249237060546875 61.581249237060546875 60.78125 60.46250152587890625 59.77500152587890625 57.6875 57.700000762939453125 57.793750762939453125 59.012500762939453125 58.875 59.262500762939453125 59.450000762939453125 59.90000152587890625 60.331249237060546875 59.71875 58.93125152587890625 58.875 58.61875152587890625 57.731250762939453125 56.762500762939453125 56.762500762939453125 56.61875152587890625 56.77500152587890625 55.84999847412109375 54.34999847412109375 54.706249237060546875 54.5625 53.34375 51.793750762939453125 50.80625152587890625 49.918750762939453125 50.19374847412109375 50.799999237060546875 51.581249237060546875 53.50624847412109375 55.33750152587890625 55.987499237060546875 55.956249237060546875 54.956249237060546875 54.018749237060546875
64.125 63.21250152587890625 61.40625 59.75 58.53125 56.96875 56.09375 54.74375152587890625 53.450000762939453125 53.77500152587890625 55.012500762939453125 55.631252288818359375 56.69374847412109375 57.174999237060546875 57.68125152587890625 58.68125152587890625 58.47499847412109375 58.549999237060546875 57.06874847412109375 56.63124847412109375 56.69374847412109375 57.043750762939453125 55.88124847412109375 55.83750152587890625 55.06874847412109375 54.4375 53.22499847412109375 53.24375152587890625 52.299999237060546875 51.3125 49.91249847412109375 48.38124847412109375 45.96250152587890625 45.53125 45.075000762939453125 44.637500762939453125 46.16249847412109375 47.793750762939453125 48.56874847412109375 49.90000152587890625 50.081249237060546875 50.450000762939453125 48.96250152587890625
59.518749237060546875 58.612499237060546875 56.875 55.84375 54.856250762939453125 53.77500152587890625 52.918750762939453125 52.16249847412109375 50.46875 49.8125 52.69374847412109375 55.268749237060546875 56.66249847412109375 56.575000762939453125 57.512500762939453125 57.387500762939453125 57.112499237060546875 56.625 55.700000762939453125 54.606250762939453125 54.75624847412109375 55.200000762939453125 54.50624847412109375 54.575000762939453125 54.16249847412109375 52.487499237060546875 51.84999847412109375 51.362499237060546875 49.38124847412109375 48.206249237060546875 47.09375 44.956249237060546875 42.893749237060546875 41.33750152587890625 40.581249237060546875 40.375 41.543750762939453125 43.21875 43.6875 44.856250762939453125 44.862499237060546875 45.393749237060546875 44.299999237060546875
56.03749847412109375 55.487499237060546875 53.47499847412109375 53.25624847412109375 52.65000152587890625 51.299999237060546875 50.424999237060546875 49.49375152587890625 48.94374847412109375 48.1875 53.856250762939453125 56.77500152587890625 56.350002288818359375 56.950000762939453125 57.99375152587890625 57.424999237060546875 56.22499847412109375 54.93125152587890625 54.956249237060546875 53.762500762939453125 53.74375152587890625 53.43125152587890625 52.987499237060546875 52.956249237060546875 52.606250762939453125 51.706249237060546875 51.09999847412109375 50.543750762939453125 49.03749847412109375 47.112499237060546875 44.875 43.3125 41.50624847412109375 38.512500762939453125 36.893749237060546875 36.262500762939453125 38.05625152587890625 39.80625152587890625 40.5625 41.581249237060546875 40.15000152587890625 39.86875152587890625 39.46250152587890625
53.450000762939453125 52.393749237060546875 51.299999237060546875 50.424999237060546875 50.387500762939453125 49.40000152587890625 48.84999847412109375 48.24375152587890625 48.99375152587890625 52.53125 58.52500152587890625 57.81874847412109375 55.768749237060546875 56.012500762939453125 56.09375 55.78749847412109375 55.75624847412109375 55.18125152587890625 53.606250762939453125 54.081249237060546875 53.40000152587890625 52.487499237060546875 52.28125 51.731250762939453125 51.3125 50.268749237060546875 49.825000762939453125 49.78125 48.50624847412109375 46.268749237060546875 44.081249237060546875 42.481250762939453125 40.456249237060546875 36.81874847412109375 35.081249237060546875 35.612499237060546875 36.387500762939453125 37.612499237060546875 38.55625152587890625 37.862499237060546875 36.86875152587890625 36.424999237060546875 35.799999237060546875
50.49375152587890625 50.237499237060546875 49.0625 48.293750762939453125 47.66249847412109375 47.16249847412109375 46.1875 46.34375 48.03749847412109375 51.46250152587890625 54.40000152587890625 55.768749237060546875 55.43125152587890625 55.012500762939453125 55.36875152587890625 55.825000762939453125 55.043750762939453125 54.049999237060546875 52.68125152587890625 53.75624847412109375 53.74375152587890625 51.918750762939453125 51.606250762939453125 50.887500762939453125 50.34999847412109375 49.36875152587890625 48.86875152587890625 48.4375 46.700000762939453125 45.41249847412109375 43.78749847412109375 42.943752288818359375 40.418750762939453125 37.293750762939453125 36.143749237060546875 35.93125152587890625 35.456249237060546875 36.5 36.71250152587890625 35.02500152587890625 33.78749847412109375 33.512500762939453125 32.875
