data/historical-monthly-weather-data/wc2.1_cruts4.09_10m_prec_1988-11.asc
ncols        51
nrows        45
xllcorner    -63.500000000000
yllcorner    -7.500000000000
cellsize     0.166666666667
NODATA_value -9999
[rows 0 to 19 of 45, columns 0 to 43 of 51]
275.4375 277.60626220703125 269.39373779296875 266.243743896484375 262.15625 257.693756103515625 251.09375 244.5625 238.5 231.1687469482421875 223.84375 214.243743896484375 205.0500030517578125 192.9812469482421875 182.8000030517578125 172.21875 162.443756103515625 152.2062530517578125 142.84375 134.9250030517578125 129.087493896484375 123.6750030517578125 119.1875 114.7687530517578125 111.2312469482421875 108.46875 107.875 107.5437469482421875 107.2375030517578125 109.02500152587890625 111.5812530517578125 115.03749847412109375 118.9499969482421875 123.8625030517578125 128.556243896484375 134.1687469482421875 140.2937469482421875 145.6999969482421875 148.912506103515625 151.9812469482421875 153.506256103515625 154.1999969482421875 152.868743896484375 151.5437469482421875
283.64373779296875 284.85626220703125 281.33123779296875 280.63751220703125 281.38751220703125 277.337493896484375 270.462493896484375 266.637481689453125 260.54376220703125 252.25 243.8562469482421875 231.943756103515625 219.568756103515625 207.0875091552734375 194.375 183.506256103515625 171.568756103515625 160.7937469482421875 150.212493896484375 141.3249969482421875 135 129.350006103515625 124.84375 121.33750152587890625 116.78749847412109375 113.4562530517578125 112.5437469482421875 111.38124847412109375 110.80625152587890625 113.1687469482421875 116.59999847412109375 120.9250030517578125 124.5500030517578125 130.9562530517578125 137 143.850006103515625 151.4499969482421875 158.368743896484375 161.8874969482421875 165.3562469482421875 168.15625 168.21875 167.4875030517578125 164.4812469482421875
286.868743896484375 289.243743896484375 287.056243896484375 286.48126220703125 289.11248779296875 286.23126220703125 284.993743896484375 282.774993896484375 278.993743896484375 271.48126220703125 261.20623779296875 247.28125 233.65625 219.475006103515625 205.3000030517578125 192.274993896484375 180.2687530517578125 169.912506103515625 159.1062469482421875 150.2375030517578125 143.90625 138.0749969482421875 133.337493896484375 129.59375 125 120.81874847412109375 118.9875030517578125 117.3312530517578125 115.6062469482421875 117.36875152587890625 121.41249847412109375 125.43125152587890625 131.6125030517578125 138.350006103515625 145.8874969482421875 153.399993896484375 162 171.806243896484375 176.6875 181.6374969482421875 185.056243896484375 184.1875 182.90625 180.375
282.943756103515625 284.98748779296875 287.73748779296875 288.256256103515625 292.75 292.51251220703125 293.03125 295.6875 295.875 290.73748779296875 279.01251220703125 262.350006103515625 246.5749969482421875 230.787506103515625 215.662506103515625 201.7937469482421875 189.5187530517578125 178.78125 168.9499969482421875 161.28125 155.037506103515625 148.712493896484375 142.6437530517578125 137.7937469482421875 132.8625030517578125 128.368743896484375 125.69374847412109375 121.96875 119.94374847412109375 122.2687530517578125 125.84375 130.4124908447265625 136.3249969482421875 143.9812469482421875 152.3874969482421875 163.212493896484375 174.431243896484375 185.462493896484375 192.21875 198.118743896484375 201.0124969482421875 201.368743896484375 198.381256103515625 195.006256103515625
286.59375 284.625 279.53125 284.037506103515625 293.306243896484375 296.20001220703125 299.25 305.587493896484375 310.6875 309.8125 293.90625 272.60626220703125 255.431243896484375 240.162506103515625 224.712493896484375 211.03125 198 188.537506103515625 179.21875 170.649993896484375 165.600006103515625 158.9375 152.587493896484375 147.7937469482421875 140.875 135.3312530517578125 129.96875 126.5625 124.4875030517578125 125.5625 128.818756103515625 133.3874969482421875 140.4812469482421875 149.4875030517578125 159.5187530517578125 171.9499969482421875 185.368743896484375 198.9812469482421875 208.2937469482421875 213.3874969482421875 217.8562469482421875 216.3937530517578125 213.625 210.11248779296875
287.024993896484375 286.29376220703125 281.475006103515625 277.26873779296875 288.51251220703125 297.081268310546875 302.26251220703125 307.037506103515625 311.36248779296875 312.412506103515625 295.318756103515625 274.5 258.837493896484375 244.21875 229.2062530517578125 215.5812530517578125 203.9562530517578125 195.7687530517578125 188.625 180.3625030517578125 174.337493896484375 168.131256103515625 161.40625 154.5124969482421875 147.9812469482421875 141.087493896484375 135.3125 130.662506103515625 127.6437530517578125 128.1999969482421875 130.162506103515625 135.8874969482421875 143.256256103515625 153.399993896484375 164.006256103515625 178.3562469482421875 193.4375 209.1062469482421875 220.912506103515625 228.087493896484375 229.149993896484375 227.9875030517578125 225.006256103515625 222.118743896484375
290.26251220703125 293.037506103515625 288.681243896484375 284.350006103515625 289.118743896484375 292.45001220703125 296.681243896484375 299.45001220703125 297.39373779296875 290.556243896484375 282.58123779296875 269.03125 257.46875 245.1437530517578125 232.868743896484375 221.2062530517578125 210.462493896484375 203.3125 196.100006103515625 191.09375 184.662506103515625 177.662506103515625 170.4562530517578125 162.306243896484375 154.6437530517578125 147.75 140.662506103515625 134.5 129.1812591552734375 129.506256103515625 131.8625030517578125 136.5124969482421875 144.9562530517578125 156.006256103515625 168.34375 182.774993896484375 198.21875 215.78125 232.4312591552734375 239.5437469482421875 239.537506103515625 237.493743896484375 234.6875 231.34375
296.73748779296875 299.318756103515625 297.14373779296875 297.64373779296875 301.45001220703125 299.45001220703125 293.506256103515625 284.431243896484375 273.35626220703125 267.09375 267.337493896484375 261.774993896484375 254.1750030517578125 244.7687530517578125 235.1687469482421875 226.256256103515625 216.8125 210.568756103515625 205.28125 200.337493896484375 195.59375 188.78125 179.899993896484375 170.7687530517578125 163.024993896484375 153.0812530517578125 144.506256103515625 136.681243896484375 131.03125 129.975006103515625 131.6437530517578125 136.868743896484375 146 157.1875 170.1750030517578125 184.3249969482421875 201.03125 217.5437469482421875 230.75 238.6374969482421875 241.212493896484375 239.9812469482421875 237.462493896484375 233.8562469482421875
302.993743896484375 307.73748779296875 308.45001220703125 309.61248779296875 311.774993896484375 307.20001220703125 298.76873779296875 286.256256103515625 265.76873779296875 253.431243896484375 256.65625 254.5812530517578125 250.0437469482421875 242.75 236.712493896484375 230.3249969482421875 223.493743896484375 219.0124969482421875 216.993743896484375 212.212493896484375 204.6687469482421875 197.5875091552734375 187.462493896484375 179.4375 169.5749969482421875 158.181243896484375 147.774993896484375 139.5187530517578125 133.0187530517578125 129.975006103515625 131.5625 137.212493896484375 145.193756103515625 155.2937469482421875 167.0124969482421875 181.4562530517578125 197.0625 212.212493896484375 223.756256103515625 233.243743896484375 237.412506103515625 236.0812530517578125 235.21875 232.59375
310.350006103515625 314.73126220703125 316.32501220703125 318.65625 321.556243896484375 317.787506103515625 307.600006103515625 293.21875 275.931243896484375 264.51873779296875 259.8125 252.7624969482421875 248.21875 241.40625 237.568756103515625 234.4187469482421875 230.6750030517578125 228.818756103515625 227.4375 225.3937530517578125 217.631256103515625 208.537506103515625 196.618743896484375 186.7624969482421875 174.649993896484375 162.90625 152.743743896484375 142.8375091552734375 134.90625 130.2062530517578125 131 135.875 143.6062469482421875 153.556243896484375 164.8249969482421875 178.6875 193.8562469482421875 207 218.21875 227.787506103515625 234.056243896484375 233.962493896484375 232.0749969482421875 228.1687469482421875
318.29376220703125 323.29376220703125 324.368743896484375 326.806243896484375 329.67498779296875 329.04376220703125 320.17498779296875 304.01251220703125 286.66876220703125 273.537506103515625 266.0625 256.76251220703125 248.787506103515625 241.2937469482421875 238.5124969482421875 237.03125 236.381256103515625 236.681243896484375 237.443756103515625 238.2937469482421875 235.0124969482421875 223.6374969482421875 208.024993896484375 192.087493896484375 180.3125 169.8249969482421875 159.2312469482421875 149 139.212493896484375 133.5437469482421875 133.4812469482421875 137.0062408447265625 144.6374969482421875 153.6750030517578125 163.287506103515625 175.274993896484375 188.3249969482421875 201.0625 214.056243896484375 224.2687530517578125 230.743743896484375 231.537506103515625 230.5437469482421875 227.412506103515625
323.524993896484375 328.412506103515625 329.54376220703125 333.5625 336.712493896484375 336.131256103515625 329.35626220703125 312.78125 294.86248779296875 280.475006103515625 269.868743896484375 261.11248779296875 250.8000030517578125 243.3562469482421875 240.96875 239.818756103515625 240.1125030517578125 241.131256103515625 244.25 248.993743896484375 248.9499969482421875 237.399993896484375 218.8562469482421875 199.837493896484375 185.337493896484375 173.71875 162.75 152.962493896484375 144.975006103515625 139.2312469482421875 136.9187469482421875 137.931243896484375 143.7062530517578125 151.162506103515625 160.2624969482421875 171.368743896484375 182.9562530517578125 195.524993896484375 207.756256103515625 218.9375 227.5749969482421875 228.4250030517578125 227.6875 225.149993896484375
327.693756103515625 333.493743896484375 334.90625 336.82501220703125 338.17498779296875 336.162506103515625 328.125 314.681243896484375 297.850006103515625 284.01251220703125 272.03125 264.39373779296875 255.3312530517578125 244.1062469482421875 240.3312530517578125 239.5625 240.506256103515625 244.368743896484375 248.90625 254.193756103515625 256.625 245.5812530517578125 225.649993896484375 207.6062469482421875 190.3000030517578125 176.5625 167.6374969482421875 158.118743896484375 150.462493896484375 144.6062469482421875 140.9187469482421875 139.7312469482421875 142.9499969482421875 148.524993896484375 156.28125 166.3937530517578125 177.3312530517578125 188.9375 202.443756103515625 212.8249969482421875 223.506256103515625 226.0124969482421875 222.8312530517578125 211.3249969482421875
331.32501220703125 335.04998779296875 336.04376220703125 336.88751220703125 337.631256103515625 332.487518310546875 324.631256103515625 314.01873779296875 300.04376220703125 285.45001220703125 272.725006103515625 262.79998779296875 254.5625 244.899993896484375 236.681243896484375 235.6374969482421875 237.5749969482421875 241.600006103515625 246.181243896484375 250.243743896484375 250.381256103515625 241.318756103515625 225.931243896484375 210.149993896484375 195.3874969482421875 182.78125 174.6125030517578125 165.4812469482421875 156.875 149.7375030517578125 144.9562530517578125 141.837493896484375 142.818756103515625 146.15625 153.2062530517578125 163.149993896484375 173.3874969482421875 186.34375 198.40625 211.03125 219.59375 215.78125 209.9875030517578125 206.756256103515625
333.28125 336.443756103515625 337.20001220703125 337.600006103515625 337.29376220703125 331.212493896484375 324.26873779296875 314.54376220703125 300.568756103515625 286.01251220703125 272.631256103515625 262.65625 253.2062530517578125 243.0812530517578125 231.256256103515625 228.693756103515625 231.556243896484375 236.2062530517578125 241.09375 244.568756103515625 243.2687530517578125 236.006256103515625 224.600006103515625 213.193756103515625 202.712493896484375 192.4562530517578125 183.4562530517578125 173.6687469482421875 164.28125 155.118743896484375 148.15625 142.8937530517578125 143.131256103515625 145.431243896484375 150.2937469482421875 159.1999969482421875 170.8874969482421875 185.4375 198.2687530517578125 206.399993896484375 208.881256103515625 208.6875 209.7312469482421875 210.3000030517578125
333.368743896484375 335.92498779296875 337.46875 337.412506103515625 336.850006103515625 331.318756103515625 323.024993896484375 313.537506103515625 301.662506103515625 289.118743896484375 274.975006103515625 264.5 254.65625 242.475006103515625 228.7687530517578125 220.274993896484375 225.875 233.181243896484375 237.774993896484375 240.6062469482421875 239.868743896484375 234.3000030517578125 224.931243896484375 216.6062469482421875 209.118743896484375 202.600006103515625 194.78125 184.2624969482421875 172.0625 160.21875 151.162506103515625 144.681243896484375 143.375 145.475006103515625 147.8874969482421875 158.1999969482421875 171.3937530517578125 181.2937469482421875 191.443756103515625 197.8874969482421875 203.6062469482421875 207.28125 209.6875 206.53125
333.04998779296875 336.90625 337.28125 337.118743896484375 337.23126220703125 331.399993896484375 324.54376220703125 315.056243896484375 304.131256103515625 291.57501220703125 278.71875 268.774993896484375 258.29998779296875 246.431243896484375 233.4499969482421875 225.181243896484375 224.412506103515625 229.806243896484375 235.7062530517578125 239.431243896484375 238.7937469482421875 234.006256103515625 226.0749969482421875 218.868743896484375 214.2062530517578125 212.125 207.5812530517578125 194.3312530517578125 178.006256103515625 164.3625030517578125 154.412506103515625 148.8000030517578125 146.1374969482421875 146.618743896484375 153.5124969482421875 166.600006103515625 175.6999969482421875 186.462493896484375 196.5187530517578125 199.9187469482421875 205.631256103515625 209.9499969482421875 208.475006103515625 208.568756103515625
333.056243896484375 337.17498779296875 339.09375 340.14373779296875 339.89373779296875 336.73748779296875 331.23126220703125 322.375 311.51251220703125 298.57501220703125 285.32501220703125 275.274993896484375 263.162506103515625 252.5124969482421875 242.162506103515625 234.037506103515625 230.125 228.0500030517578125 235.537506103515625 239.931243896484375 240.9812469482421875 234.7624969482421875 226.75 222.0437469482421875 219.8937530517578125 219.1125030517578125 219.068756103515625 202.5124969482421875 181.743743896484375 164.1062469482421875 152.4375 146.2624969482421875 148.59375 155.881256103515625 164.5 170.4375 180.9562530517578125 191.756256103515625 196.993743896484375 205.618743896484375 210.0500030517578125 212.256256103515625 211.9562530517578125 211.59375
332.21875 338.20001220703125 340.76251220703125 342.89373779296875 344.48126220703125 342.11248779296875 337.162506103515625 330.64373779296875 320.76873779296875 309.08123779296875 294.787506103515625 283.5625 271.3125 260.88751220703125 249.787506103515625 242.1062469482421875 237.3125 232.306243896484375 234.587493896484375 239.350006103515625 243.3249969482421875 241.2624969482421875 227.28125 223.912506103515625 223.1374969482421875 222.087493896484375 218.100006103515625 203.5625 184.3625030517578125 164.5812530517578125 149.9187469482421875 147.46875 156.881256103515625 164.056243896484375 169.8000030517578125 179.09375 187.837493896484375 196.493743896484375 204.2375030517578125 211.28125 215.7375030517578125 220.068756103515625 217.5500030517578125 215.462493896484375
330.1875 337.51873779296875 340.475006103515625 344 346.78125 346.5 343.8125 338.70623779296875 330.5 320.274993896484375 307.943756103515625 297.087493896484375 284.70623779296875 271.625 260.243743896484375 250.21875 240.71875 238.556243896484375 238.6062469482421875 241.21875 240.9250030517578125 234.8874969482421875 228.243743896484375 225.3125 222.993743896484375 218.3312530517578125 211.2687530517578125 201.787506103515625 185.0749969482421875 166.28125 154.2062530517578125 155.899993896484375 163.2375030517578125 172.0625 179.7375030517578125 187.6437530517578125 196.5749969482421875 205.806243896484375 212.162506103515625 217.4187469482421875 221.725006103515625 224.399993896484375 222.34375 220.881256103515625
