data/historical-monthly-weather-data/wc2.1_cruts4.09_10m_prec_1997-02.asc
ncols        45
nrows        45
xllcorner    -63.500000000000
yllcorner    -7.500000000000
cellsize     0.166666666667
NODATA_value -9999
[rows 20 to 39 of 45, columns 0 to 44 of 45]
297.806243896484375 301.806243896484375 308.649993896484375 316.5 327.73126220703125 338.537506103515625 350.318756103515625 361.912506103515625 371.51873779296875 379.337493896484375 385.92498779296875 397.90625 411.993743896484375 424.443756103515625 411.07501220703125 386.256256103515625 365.10626220703125 347.88751220703125 340 332.899993896484375 325.70001220703125 317.15625 307.54998779296875 300.524993896484375 294.46875 289.787506103515625 288.61248779296875 287.76873779296875 287.9375 287.818756103515625 281.443756103515625 268.625 246.118743896484375 219.8625030517578125 196.2687530517578125 204.6437530517578125 224 237.6687469482421875 243.8125 243.431243896484375 238.287506103515625 233.818756103515625 230.225006103515625 226.65625 224.8874969482421875
286.91876220703125 292.86248779296875 301.3125 312.375 323.787506103515625 335.96875 348.57501220703125 361.018768310546875 370.712493896484375 375.76251220703125 378 382.412506103515625 387.76251220703125 391 386.756256103515625 373.993743896484375 359.98126220703125 346.649993896484375 337.256256103515625 329.875 319.53125 310.45623779296875 303.8125 296.42498779296875 290.756256103515625 287.381256103515625 287.649993896484375 287.70001220703125 289.118743896484375 290.66876220703125 287.66876220703125 276.087493896484375 256.225006103515625 235.9499969482421875 221.431243896484375 224.5437469482421875 236.4375 244.65625 246.381256103515625 243.4875030517578125 238.350006103515625 234.3000030517578125 230.118743896484375 225.8000030517578125 224.056243896484375
280.26873779296875 288.23748779296875 296.600006103515625 308.34375 320.07501220703125 334.04998779296875 345.631256103515625 358.993743896484375 369.475006103515625 370.131256103515625 366.57501220703125 363.25 360.350006103515625 361.09375 363.40625 359.487518310546875 351.25 341.66876220703125 332.25 322.95623779296875 313.09375 303.412506103515625 295.78125 288.443756103515625 284.32501220703125 282.70001220703125 283.725006103515625 285.162506103515625 288.475006103515625 292.29376220703125 293.037506103515625 287.90625 270.54998779296875 255.6374969482421875 249.34375 252.087493896484375 256.256256103515625 256.943756103515625 253.068756103515625 245.5500030517578125 238.625 234.0687408447265625 229.4375 224.975006103515625 223.34375
276.993743896484375 284.506256103515625 293.243743896484375 303.21875 315.11248779296875 328.98748779296875 341.9375 353.42498779296875 362.368743896484375 360.412506103515625 355.09375 348.8125 338.868743896484375 341.837493896484375 347.381256103515625 346.90625 342.25 335.86248779296875 327.32501220703125 317.67498779296875 306.5625 295.899993896484375 287.14373779296875 280.33123779296875 277.25 274.98126220703125 278.23126220703125 281.774993896484375 285.4375 290.9375 293.975006103515625 291.5625 279.6875 270.28125 268.29376220703125 272.287506103515625 272.20623779296875 265.1875 256.42498779296875 246.6125030517578125 238.537506103515625 232.962493896484375 228.3874969482421875 224.649993896484375 224.5
278.881256103515625 283.98748779296875 291.57501220703125 301.618743896484375 314.087493896484375 325.23126220703125 336.79998779296875 346.53125 351.318756103515625 350.787506103515625 346.712493896484375 341.4375 336.51873779296875 336.51251220703125 338.375 339.11248779296875 337.28125 331.66876220703125 323.71875 313.931243896484375 302.20001220703125 289.381256103515625 278.25 270.618743896484375 267.368743896484375 269.587493896484375 272.8125 277.91876220703125 281.881256103515625 286.9375 289.4375 287.912506103515625 281.91876220703125 276.95001220703125 275.75 275.037506103515625 272.23748779296875 264.23126220703125 254.6999969482421875 244.90625 236.6374969482421875 231.0187530517578125 227.024993896484375 224.837493896484375 224.399993896484375
287.76251220703125 291.024993896484375 295.61248779296875 303.95001220703125 314.4375 324.212493896484375 332.587493896484375 340.20001220703125 343.681243896484375 343.806243896484375 341.274993896484375 338.66876220703125 336.993743896484375 335.350006103515625 336.39373779296875 336 334.4375 329.15625 322.48126220703125 312.681243896484375 299.368743896484375 283.837493896484375 269.59375 259.443756103515625 259.681243896484375 264.09375 270.45623779296875 274.5 278.63751220703125 282.08123779296875 283.774993896484375 283.25 279.98748779296875 277.225006103515625 275.774993896484375 272.53125 267.787506103515625 260.42498779296875 250.131256103515625 241 233.225006103515625 228.1999969482421875 224.1687469482421875 222.5625 224.4250030517578125
299.0625 300.09375 302.53125 309.381256103515625 316.318756103515625 322.67498779296875 329.60626220703125 334.03125 337.493743896484375 339.6875 340.056243896484375 339.475006103515625 339.78125 339.862518310546875 339.73126220703125 339.743743896484375 337.40625 331.993743896484375 324.306243896484375 313.600006103515625 299.006256103515625 282.92498779296875 265.850006103515625 253.9812469482421875 257.70001220703125 263.10626220703125 268.881256103515625 272.90625 275.61248779296875 278.46875 280.38751220703125 279.024993896484375 276.51251220703125 276.068756103515625 272.91876220703125 268.774993896484375 263.25 255.087493896484375 245.912506103515625 236.84375 228.975006103515625 224.006256103515625 220.1687469482421875 218.59375 222.975006103515625
311.25 309.225006103515625 310.67498779296875 314.38751220703125 318.0625 321.26873779296875 326.65625 331.51873779296875 334.90625 338.41876220703125 339.693756103515625 340.79376220703125 342.162506103515625 343.29376220703125 343.66876220703125 343.881256103515625 341.20001220703125 337 328.524993896484375 318.20623779296875 304.412506103515625 288.61248779296875 275.318756103515625 265.08123779296875 263.63751220703125 266.76251220703125 270.631256103515625 273.493743896484375 274.92498779296875 277.193756103515625 278.4375 277.881256103515625 276.70623779296875 273.73126220703125 269.79998779296875 265.024993896484375 257.76873779296875 250.399993896484375 241.1437530517578125 231.837493896484375 224.087493896484375 220.100006103515625 216.743743896484375 216.3937530517578125 222.8312530517578125
321.381256103515625 318.20623779296875 317.131256103515625 318.46875 320.32501220703125 321.743743896484375 325.375 328.837493896484375 333.17498779296875 337.631256103515625 340.125 342.20001220703125 344.131256103515625 347.54376220703125 348.75 350.125 349.07501220703125 343.506256103515625 336.6875 326.006256103515625 313.193756103515625 298.25 287.57501220703125 278.42498779296875 273.29376220703125 272.600006103515625 274.79998779296875 275.9375 277.318756103515625 278.58123779296875 278.162506103515625 277.875 275.15625 271.59375 267.725006103515625 261.193756103515625 254.381256103515625 246.8874969482421875 238.8625030517578125 228.8000030517578125 219.25 215.1062469482421875 214.3125 216.8937530517578125 224.78125
329.34375 324.100006103515625 321.70623779296875 320.76251220703125 322 323.125 325.256256103515625 328.04376220703125 331.66876220703125 336.800018310546875 340.681243896484375 344.568756103515625 348.01251220703125 352.649993896484375 355.243743896484375 355.76873779296875 356.32501220703125 354.04376220703125 348.16876220703125 337.15625 323.568756103515625 310.39373779296875 300.28125 290.21875 283.087493896484375 280.125 280.100006103515625 279.368743896484375 279.274993896484375 279.225006103515625 279.456268310546875 278.96875 274.95001220703125 271.100006103515625 266.09375 259.61248779296875 251.6437530517578125 244.5062408447265625 235.5812530517578125 225.975006103515625 219.493743896484375 217.5625 217.0187530517578125 220.6687469482421875 224.6374969482421875
334.01251220703125 328.13751220703125 323.412506103515625 321.70623779296875 321.04998779296875 322.631256103515625 324.587493896484375 327.54376220703125 331.356231689453125 336.11248779296875 342.63751220703125 348.412506103515625 353.98748779296875 357.881256103515625 360.162506103515625 362.58123779296875 364.381256103515625 363.76873779296875 360.26873779296875 349.337493896484375 335.23126220703125 321.45623779296875 310.58123779296875 299.806243896484375 291.568756103515625 287.193756103515625 285.243743896484375 283.493743896484375 282.006256103515625 281.20623779296875 280.88751220703125 280.243743896484375 276.837493896484375 272.65625 267.41876220703125 258.88751220703125 250.78125 243.84375 234.8625030517578125 225.100006103515625 219.78125 220.5124969482421875 221.443756103515625 222.9812469482421875 226.75
333.368743896484375 327.71875 323.09375 321.068756103515625 319.287506103515625 320.243743896484375 322.79998779296875 324.681243896484375 328.67498779296875 335.21875 342.337493896484375 349.84375 357.125 363.1875 366.068756103515625 369.850006103515625 369.34375 368.024993896484375 364.524993896484375 356.412506103515625 343.48748779296875 331.01873779296875 319.14373779296875 308.381256103515625 300.0625 294.07501220703125 290.36248779296875 287.431243896484375 285.056243896484375 284.60626220703125 284.024993896484375 282.58123779296875 278.8125 273.931243896484375 268.54998779296875 259.712493896484375 251.3000030517578125 243.2375030517578125 234.1999969482421875 227.412506103515625 224.5187530517578125 225.9250030517578125 227.287506103515625 229.7624969482421875 234.5187530517578125
327.162506103515625 322.875 319.756256103515625 317.625 315.318756103515625 316.32501220703125 317.76873779296875 320.20623779296875 325.33123779296875 332.912506103515625 342.837493896484375 351.3125 361.32501220703125 369.54998779296875 372.92498779296875 374.3125 373.07501220703125 371.993743896484375 366.67498779296875 359.462493896484375 348.881256103515625 336.95623779296875 325.90625 315.16876220703125 307.26873779296875 301.11248779296875 296.10626220703125 292.837493896484375 289.600006103515625 288.09375 287.631256103515625 285.506256103515625 280.806243896484375 276.33123779296875 271.243743896484375 262.975006103515625 253.931243896484375 244.4499969482421875 236.587493896484375 233.506256103515625 231.5124969482421875 233.1875 235.912506103515625 239.9187469482421875 249
320.89373779296875 316.818756103515625 314.287506103515625 313.26251220703125 311.20623779296875 311.29376220703125 312.725006103515625 315.475006103515625 319.231231689453125 327.443756103515625 339.037506103515625 351.45001220703125 365.10626220703125 374.67498779296875 378.162506103515625 378.9375 377.0625 374.51873779296875 368.91876220703125 361.943756103515625 351.524993896484375 340.09375 330.42498779296875 320.26873779296875 312.98748779296875 306.98126220703125 301.475006103515625 296.818756103515625 293.368743896484375 292.23748779296875 291.54998779296875 289.337493896484375 285.212493896484375 280.08123779296875 273.70001220703125 265.568756103515625 255.975006103515625 246.5437469482421875 240.837493896484375 238.6125030517578125 236.868743896484375 239.3625030517578125 244.4187469482421875 249.8125 259.8125
314.125 311.5625 309.79376220703125 307.79376220703125 306.774993896484375 306.88751220703125 306.79376220703125 308.29998779296875 310.92498779296875 318.61248779296875 333.100006103515625 351.131256103515625 369.38751220703125 381.35626220703125 383.73748779296875 383.399993896484375 379.725006103515625 375.587493896484375 370.712493896484375 362.912506103515625 354.056243896484375 342.48126220703125 332.78125 322.743743896484375 316.649993896484375 310.42498779296875 305.274993896484375 300.75 296.91876220703125 296.056243896484375 294.58123779296875 293.66876220703125 289.131256103515625 284.056243896484375 277.29998779296875 267.899993896484375 257.5 250.1125030517578125 246.0749969482421875 242.943756103515625 241.7624969482421875 243.712493896484375 248.5500030517578125 254.225006103515625 262.60626220703125
307.21875 306.037506103515625 304.54998779296875 302.306243896484375 300.73748779296875 301.006256103515625 300.01251220703125 299.5625 300.181243896484375 306.61248779296875 323.08123779296875 345.25 367.993743896484375 383.087493896484375 385.67498779296875 384.899993896484375 381.95623779296875 376.756256103515625 369.11248779296875 362 352.76251220703125 342.86248779296875 332.625 324.274993896484375 317.67498779296875 312.212493896484375 307.39373779296875 304.412506103515625 300.787506103515625 299.431243896484375 298.79998779296875 297.96875 294.0625 289.118743896484375 281.39373779296875 271.443756103515625 263.57501220703125 255.03125 250.618743896484375 248.6687469482421875 248.350006103515625 249.1687469482421875 251.962493896484375 257.25 263.125
301.681243896484375 301.274993896484375 299.381256103515625 299.25 297.587493896484375 297.068756103515625 295.350006103515625 293.29376220703125 291.04376220703125 290.1875 312.08123779296875 343.912506103515625 366.868743896484375 380.75 385.162506103515625 384.568756103515625 381.85626220703125 375.818756103515625 368.82501220703125 359.98748779296875 350.125 339.79998779296875 330.274993896484375 322.79998779296875 316.75 312.60626220703125 308.54998779296875 305.662506103515625 303.399993896484375 302.3125 301.91876220703125 301.118743896484375 298.15625 293.381256103515625 286.4375 278.25 269.024993896484375 260.493743896484375 256.274993896484375 253.587493896484375 251.9499969482421875 252.600006103515625 254.6750030517578125 258.493743896484375 263.04376220703125
296.6875 297.04376220703125 296.056243896484375 295.868743896484375 295.48748779296875 294.64373779296875 293.39373779296875 291.88751220703125 291.65625 288.756256103515625 322.037506103515625 355.756256103515625 371.587493896484375 380.712493896484375 384.399993896484375 383.774993896484375 379.32501220703125 373.193756103515625 364.431243896484375 354.318756103515625 344.8125 334.26873779296875 325.91876220703125 319.318756103515625 314.84375 311.8125 308.3125 306.587493896484375 305.17498779296875 305.4375 304.14373779296875 303.837493896484375 301.09375 297.23126220703125 290.40625 283.0625 274.212493896484375 266.16876220703125 261.818756103515625 258.28125 255.318756103515625 255.412506103515625 255.7312469482421875 257.63751220703125 261.587493896484375
295.693756103515625 294.45001220703125 292.993743896484375 293.943756103515625 293.368743896484375 293.649993896484375 295.118743896484375 297.5625 304.212493896484375 322.943756103515625 359.60626220703125 370.41876220703125 375.100006103515625 380.01873779296875 382.29376220703125 379.76873779296875 375.681243896484375 368.09375 357.8125 347.4375 336.61248779296875 326.306243896484375 319.59375 313.493743896484375 310 309.11248779296875 307.024993896484375 306.493743896484375 306.649993896484375 306.975006103515625 307.40625 306.66876220703125 303.899993896484375 300.63751220703125 296.962493896484375 289.85626220703125 280.84375 273.76873779296875 268.54376220703125 262.931243896484375 259.662506103515625 258.57501220703125 258.574981689453125 259.6875 263.01251220703125
295.45001220703125 292.95623779296875 291.662506103515625 291.48126220703125 291.399993896484375 293.318756103515625 295.92498779296875 302.60626220703125 313.48126220703125 332.83123779296875 354.95001220703125 367.149993896484375 374.149993896484375 378.162506103515625 379.04998779296875 377.16876220703125 372.725006103515625 363.95001220703125 352.16876220703125 341.45623779296875 327.91876220703125 317.306243896484375 310.149993896484375 305.29376220703125 304.73748779296875 305.03125 304.96875 306.006256103515625 307.774993896484375 308.48126220703125 308.318756103515625 309.79376220703125 309.931243896484375 306.993743896484375 302.48126220703125 296.04998779296875 287.23126220703125 279.306243896484375 274.106231689453125 267.34375 262.943756103515625 261.681243896484375 260.95623779296875 260.46875 263.79998779296875
