data/historical-monthly-weather-data/wc2.1_cruts4.09_10m_prec_2002-10.asc
ncols        45
nrows        45
xllcorner    -63.500000000000
yllcorner    -7.500000000000
cellsize     0.166666666667
NODATA_value -9999
[rows 19 to 37 of 45, columns 0 to 43 of 45]
192.8562469482421875 198.2062530517578125 205.056243896484375 212.1437530517578125 218.962493896484375 225.274993896484375 230.193756103515625 232.7937469482421875 231.087493896484375 226.787506103515625 219.806243896484375 213.0187530517578125 206.2624969482421875 199.756256103515625 196.712493896484375 195.1437530517578125 190.7937469482421875 189.243743896484375 189.0749969482421875 189.7687530517578125 183.34375 180.087493896484375 181.1875 181.787506103515625 177.9250030517578125 168.431243896484375 155.3125 140.5749969482421875 122.4875030517578125 106.0625 94.61875152587890625 92.75 91.5749969482421875 90.0187530517578125 86.91249847412109375 79.875 74.6687469482421875 71.1437530517578125 66.61875152587890625 60.825000762939453125 54.59999847412109375 50.09999847412109375 44.4375 39.475002288818359375
184.6437530517578125 192.6937408447265625 202.6750030517578125 212.3937530517578125 221.462493896484375 228.725006103515625 235.4187469482421875 239.3249969482421875 238.1687469482421875 232.7375030517578125 225.056243896484375 216.318756103515625 207.8499908447265625 198.756256103515625 194.881256103515625 191.8625030517578125 188.006256103515625 185.8249969482421875 188.162506103515625 188.725006103515625 185.6374969482421875 183.40625 181.306243896484375 179.243743896484375 175.506256103515625 167.881256103515625 156.0812530517578125 140.337493896484375 125.55625152587890625 114.7937469482421875 106.7312469482421875 102.9499969482421875 100.68125152587890625 99.6437530517578125 98.59999847412109375 90.1125030517578125 81.2312469482421875 74.8125 68.47499847412109375 62.13124847412109375 55.81874847412109375 51.18125152587890625 46.03749847412109375 41.47499847412109375
176.9562530517578125 187.8812408447265625 200.1062469482421875 212.0187530517578125 223.5625 232.774993896484375 240.6062469482421875 246.412506103515625 247.006256103515625 240.90625 231.306243896484375 220.875 211.118743896484375 202.975006103515625 198.006256103515625 195 192.71875 191.09375 192 192.9562530517578125 187.7312469482421875 184.524993896484375 182.818756103515625 178.8312530517578125 172.8249969482421875 165.0749969482421875 155.8625030517578125 143.6125030517578125 132.3625030517578125 123.93125152587890625 116.9499969482421875 112.34375 108.9375 106.84999847412109375 103.22499847412109375 95.43125152587890625 86.0625 77.8125 70.375 63.66249847412109375 57.09999847412109375 52.38124847412109375 47.700000762939453125 43.18125152587890625
172.1999969482421875 186.068756103515625 200.2937469482421875 213.8625030517578125 225.7687530517578125 235.8125 245.149993896484375 253.568756103515625 257.5 249.318756103515625 237.875 225.1687469482421875 215.59375 208.5187530517578125 203.2937469482421875 199.756256103515625 197.4562530517578125 196.9812469482421875 197.2937469482421875 197.287506103515625 192.96875 188.1687469482421875 184.493743896484375 179.3249969482421875 172.09375 162.412506103515625 154.9250030517578125 146.975006103515625 137.399993896484375 130.774993896484375 125.6750030517578125 121.4562530517578125 116.59375 112.83750152587890625 107.7312469482421875 99.28125 89.7624969482421875 80.30625152587890625 72.36875152587890625 66.09999847412109375 59.674999237060546875 54.799999237060546875 49.99375152587890625 45.325000762939453125
170.7687530517578125 186.6374969482421875 203.318756103515625 216.225006103515625 227.975006103515625 237.787506103515625 246.3499908447265625 255.1374969482421875 258.375 251.181243896484375 239.212493896484375 227.912506103515625 218.8312530517578125 211.9562530517578125 207.962493896484375 204.90625 203.40625 203.0124969482421875 203.09375 202.649993896484375 198.625 194.5437469482421875 189.1125030517578125 182.068756103515625 173.0124969482421875 161.5187530517578125 152.475006103515625 147.0500030517578125 141.28125 136.631256103515625 132.3625030517578125 128.149993896484375 122.8874969482421875 117.77500152587890625 112.03749847412109375 103.90000152587890625 94.3125 84.3312530517578125 76.3625030517578125 69.3874969482421875 62.643749237060546875 57.706249237060546875 52.72499847412109375 47.81874847412109375
175.056243896484375 190.3937530517578125 207.837493896484375 219.149993896484375 230.15625 238.7062530517578125 245.7624969482421875 251.8000030517578125 253.212493896484375 248.9499969482421875 240.931243896484375 231.212493896484375 223.149993896484375 216.725006103515625 213.1687469482421875 211.3249969482421875 210 209.912506103515625 210.037506103515625 209.850006103515625 205.600006103515625 199.993743896484375 195.2062530517578125 186.568756103515625 176.8874969482421875 167.181243896484375 158.1437530517578125 151.7624969482421875 146.03125 141.8000030517578125 137.5625 132.537506103515625 127.6875 121.94374847412109375 116.0500030517578125 107.42499542236328125 98.6750030517578125 89.86875152587890625 81.3625030517578125 73.96250152587890625 66.74375152587890625 61.44374847412109375 56.15625 51.46250152587890625
181.556243896484375 194.506256103515625 207.618743896484375 220.125 230.350006103515625 237.4812469482421875 243.212493896484375 247.725006103515625 249.287506103515625 247.506256103515625 240.412506103515625 233.337493896484375 226.118743896484375 220.306243896484375 218.475006103515625 217.256256103515625 216.96875 216.75 217.3125 217.193756103515625 213.1062469482421875 207.399993896484375 202.2937469482421875 193.243743896484375 183.5500030517578125 174.2312469482421875 165.774993896484375 157.975006103515625 151.212493896484375 146.8625030517578125 141.3937530517578125 136.993743896484375 132.15625 125.99375152587890625 120.2375030517578125 111.69374847412109375 103.11875152587890625 95.00624847412109375 86.6875 78.91875457763671875 71.40625 65.97499847412109375 60.43125152587890625 55.72499847412109375
189.368743896484375 196.8625030517578125 207.2937469482421875 217.4499969482421875 226.100006103515625 233.1750030517578125 238.3562469482421875 242.5437469482421875 243.40625 241.5625 238.6875 233.524993896484375 227.9187469482421875 223.2937469482421875 221.78125 221.8125 221.1374969482421875 222.0187530517578125 222.5625 222.4499969482421875 219.0749969482421875 213.9375 208.8625030517578125 201.243743896484375 190.818756103515625 181.34375 172.1687469482421875 163.5812530517578125 156.256256103515625 151.0625 146.225006103515625 140.524993896484375 135.6999969482421875 129.84375 123.4562530517578125 115.375 107.15625 99.2312469482421875 91.49375152587890625 84.25624847412109375 76.8625030517578125 71.96875 66.90625 62.27500152587890625
196.493743896484375 200.3249969482421875 207.774993896484375 215.587493896484375 222.25 228.462493896484375 234.0500030517578125 237.4812469482421875 238.274993896484375 238.024993896484375 236.0124969482421875 232.3937530517578125 228.975006103515625 224.7687530517578125 224.5625 225.243743896484375 226.0187530517578125 226.2062530517578125 227.46875 228.5812530517578125 225.125 220.681243896484375 217.162506103515625 208.3249969482421875 197.8249969482421875 188.4375 179.1750030517578125 170.125 161.006256103515625 155.1374969482421875 149.3312530517578125 143.75 138.6999969482421875 132.7062530517578125 127.03125 118.7624969482421875 110.36875152587890625 103.2687530517578125 95.86875152587890625 89.3249969482421875 83.2062530517578125 78.5749969482421875 73.3312530517578125 69.5812530517578125
203.0500030517578125 204.15625 208.243743896484375 214 218.8625030517578125 223.53125 227.9250030517578125 231.7687530517578125 233.3312530517578125 234.662506103515625 234.6125030517578125 232.212493896484375 229.40625 226.1062469482421875 227.149993896484375 228.3937530517578125 230.15625 230.850006103515625 232.0500030517578125 233.493743896484375 230.4000091552734375 227.25 224.15625 214.8937530517578125 204.243743896484375 195.09375 185.3125 175.40625 166.625 159.6125030517578125 152.587493896484375 146.5500030517578125 141.28125 135.368743896484375 129.6687469482421875 121.76250457763671875 113.5187530517578125 106.0749969482421875 98.8000030517578125 92.61875152587890625 87.3874969482421875 83.3874969482421875 78.8937530517578125 76.81874847412109375
206.6875 205.743743896484375 207.6062469482421875 209.993743896484375 213.443756103515625 216.662506103515625 221.125 225.712493896484375 228.78125 230.2375030517578125 232.149993896484375 230.475006103515625 229.4812469482421875 227.693756103515625 228.6187591552734375 230.600006103515625 231.3312530517578125 233.318756103515625 234.3125 234.4499969482421875 232.8249969482421875 230.743743896484375 227.725006103515625 217.9875030517578125 208.2624969482421875 200.1437530517578125 189.875 179.287506103515625 169.375 162.162506103515625 155.6374969482421875 149.350006103515625 143.71875 138.1437530517578125 132.1125030517578125 124.09999847412109375 115.6374969482421875 108.38124847412109375 100.2687530517578125 93.53749847412109375 88.36875152587890625 86.94374847412109375 84.7062530517578125 84.6125030517578125
209.087493896484375 205.9875030517578125 206.287506103515625 205.743743896484375 207.625 211.837493896484375 216.024993896484375 220.6125030517578125 223.6999969482421875 225.881256103515625 229.28125 229.625 230.5749969482421875 230.03125 230.2062530517578125 231.9562530517578125 233.53125 234.625 235.53125 236.193756103515625 234.5187530517578125 233.2687530517578125 231.006256103515625 221.4812469482421875 212.1374969482421875 203.618743896484375 193.1875 182.243743896484375 171.8312530517578125 164.4312591552734375 158.3249969482421875 152.068756103515625 146.25 140.7687530517578125 134.712493896484375 125.9499969482421875 117.59999847412109375 110.25624847412109375 101.6437530517578125 92.65625 88.11875152587890625 89.31874847412109375 90.1687469482421875 91.0124969482421875
209.5124969482421875 204.8937530517578125 202.78125 202.1062469482421875 204.0812530517578125 206.381256103515625 210.162506103515625 214.756256103515625 218.28125 221.59375 225.5124969482421875 227.8625030517578125 229.381256103515625 230.6750030517578125 232.1374969482421875 233.5124969482421875 233.7375030517578125 233.8000030517578125 235.962493896484375 236.756256103515625 235.5187530517578125 234.6750030517578125 233.125 223.6750030517578125 214.9250030517578125 206.287506103515625 195.5749969482421875 184.600006103515625 173.8312530517578125 166.8937530517578125 160.774993896484375 154.225006103515625 148.4562530517578125 143.2937469482421875 136.6687469482421875 128.024993896484375 119.69374847412109375 112.15000152587890625 103.0749969482421875 95.1374969482421875 91.46250152587890625 93.99375152587890625 96.0812530517578125 98.55625152587890625
208.4812469482421875 203.256256103515625 200.3937530517578125 199.4250030517578125 199.28125 200.5812530517578125 202.8625030517578125 205.8874969482421875 209.4562530517578125 213.9375 221.868743896484375 224.7375030517578125 228.6687469482421875 232.381256103515625 233.1374969482421875 232.9499969482421875 231.5749969482421875 231.912506103515625 233.375 234.1687469482421875 232.7937469482421875 231.818756103515625 229.8125 221.90625 213.7375030517578125 205.6750030517578125 195.3562469482421875 184.337493896484375 174.1437530517578125 168.4562530517578125 162.84375 156.931243896484375 150.068756103515625 145.024993896484375 139.6374969482421875 132.225006103515625 123.75 115.5625 108.2687530517578125 103.52500152587890625 100.90000152587890625 103.25624847412109375 106.01250457763671875 108.8125
205.556243896484375 200.9562530517578125 198.2375030517578125 196.506256103515625 194.125 194.475006103515625 195.34375 197.193756103515625 199.9375 205.3874969482421875 212.96875 220.5437469482421875 228.53125 231.90625 232.8625030517578125 231.3312530517578125 229.149993896484375 229.6374969482421875 229.743743896484375 231.0124969482421875 229.3312530517578125 227.8125 225.7687530517578125 217.84375 211.21875 204.1062469482421875 193.75 183.243743896484375 174.0187530517578125 168.9562530517578125 164.59375 159.806243896484375 153.71875 147.6750030517578125 142.931243896484375 135.7062530517578125 127.33124542236328125 119.56874847412109375 114.8125 112.16249847412109375 110.02500152587890625 112.66249847412109375 116.47499847412109375 120.02500152587890625
202.381256103515625 198.75 194.84375 192.493743896484375 189.225006103515625 188.375 187.8125 188.743743896484375 190.100006103515625 195.5250091552734375 204.7312469482421875 215.1062469482421875 226.2312469482421875 233.068756103515625 231.3562469482421875 228.7375030517578125 226.0500030517578125 226.0812530517578125 226.2937469482421875 226.3249969482421875 224.881256103515625 222.6750030517578125 220.46875 213.0625 207.25 201.0625 191.8562469482421875 182.6125030517578125 174.0187530517578125 169.40625 165.568756103515625 161.993743896484375 156.25 151 145.662506103515625 138.1999969482421875 130.34375 124.3937530517578125 121.47499847412109375 119.8562469482421875 119.0124969482421875 121.46875 125.5812530517578125 129.381256103515625
198.03125 194.712493896484375 191.7062530517578125 188.381256103515625 185.1437530517578125 183.7687530517578125 181.71875 180.756256103515625 180.743743896484375 184.0500030517578125 193.712493896484375 205.8562469482421875 219.3562469482421875 227.21875 226.59375 223.774993896484375 220.6374969482421875 220.84375 220.96875 220.3625030517578125 218.868743896484375 216.931243896484375 213.225006103515625 206.8000030517578125 201.28125 195.3312530517578125 187.1062469482421875 179.225006103515625 171.84375 168.5625 165.4499969482421875 162.5500030517578125 157.493743896484375 153.4499969482421875 148.118743896484375 141.4250030517578125 136.6687469482421875 131.6062469482421875 129.693756103515625 128.7375030517578125 128.8625030517578125 131.4937591552734375 133.9499969482421875 137.8312530517578125
193.6687469482421875 190.8562469482421875 188.024993896484375 184.993743896484375 181.8562469482421875 179.287506103515625 176.131256103515625 173.568756103515625 171.568756103515625 171.15625 181.662506103515625 198.868743896484375 211.1437530517578125 218.03125 219.0812530517578125 217.4875030517578125 214.2937469482421875 214.5124969482421875 213.9562530517578125 212.743743896484375 210.8562469482421875 208.318756103515625 205.350006103515625 199.1062469482421875 193.7312469482421875 188.6687469482421875 181.631256103515625 175.225006103515625 169.7062530517578125 167.1875 165.318756103515625 162.5500030517578125 159.318756103515625 155.9250030517578125 150.5812530517578125 146.6125030517578125 143.100006103515625 140.131256103515625 138.899993896484375 138.149993896484375 138.5187530517578125 139.84375 142.46875 146.3312530517578125
189.681243896484375 187.4375 184.618743896484375 181.84375 179.09375 175.868743896484375 173.1062469482421875 169.962493896484375 167.681243896484375 164.7375030517578125 179.743743896484375 196.6374969482421875 205.6750030517578125 211.78125 212.493743896484375 211.0437469482421875 207.868743896484375 207.6125030517578125 207.037506103515625 205.0749969482421875 202.381256103515625 198.712493896484375 195.524993896484375 189.7937469482421875 185.806243896484375 181.7375030517578125 175.806243896484375 170.9875030517578125 166.8874969482421875 165.6374969482421875 163.881256103515625 162.5812530517578125 160.431243896484375 157.381256103515625 153.8000030517578125 150.6750030517578125 149.3625030517578125 147.3874969482421875 147.631256103515625 147.837493896484375 147.068756103515625 148.6437530517578125 149.806243896484375 152.243743896484375
