data/historical-monthly-weather-data/wc2.1_cruts4.09_10m_prec_2001-10.asc
ncols        45
nrows        45
xllcorner    -63.500000000000
yllcorner    -7.500000000000
cellsize     0.166666666667
NODATA_value -9999
[rows 19 to 37 of 45, columns 0 to 43 of 45]
129.0500030517578125 127.8249969482421875 126.31874847412109375 124.6374969482421875 122.75 121.25624847412109375 119.03125 115.9812469482421875 112.84999847412109375 108.88124847412109375 103.2375030517578125 95.03125 86.88124847412109375 79.36249542236328125 73.6062469482421875 68.69374847412109375 63.325000762939453125 60.56874847412109375 58.56874847412109375 57.862499237060546875 61 66.38124847412109375 73.81874847412109375 81.53749847412109375 87.6437530517578125 90.96875 92.0124969482421875 91.2312469482421875 86.6875 80.36875152587890625 76.5437469482421875 80 84.0187530517578125 87.8562469482421875 90.6875 91.96875 95.6437530517578125 101.8000030517578125 108.44374847412109375 113.63124847412109375 116.875 116.1750030517578125 110.77500152587890625 104.9250030517578125
126.40000152587890625 127.0749969482421875 127.34999847412109375 126.875 125.84999847412109375 124.59999847412109375 123.06874847412109375 120.3625030517578125 117.2937469482421875 112.5812530517578125 106.50624847412109375 97.8937530517578125 89.53749847412109375 81.34999847412109375 75.27500152587890625 69.75 64.41875457763671875 61.049999237060546875 59.41249847412109375 58.168750762939453125 61.549999237060546875 66.38124847412109375 71.65625 77.9375 83.9250030517578125 88.11875152587890625 90.1750030517578125 89.08750152587890625 87.25 85.75 85.40625 88.1687469482421875 91.88124847412109375 96.84375 102.5625 103.4187469482421875 103.66249847412109375 106.6750030517578125 110.8000030517578125 115 118.11875152587890625 117.59999847412109375 114.03125 109.8937530517578125
124.08750152587890625 126.8874969482421875 128.431243896484375 128.9499969482421875 128.9812469482421875 128.537506103515625 127.3249969482421875 125.2937469482421875 122.81874847412109375 117.4812469482421875 110.30625152587890625 101.36249542236328125 92.96875 85.53125 78.81874847412109375 73.06874847412109375 68.0437469482421875 64.3000030517578125 61.643749237060546875 59.93125152587890625 61.78749847412109375 65.31874847412109375 69.7687530517578125 75.1125030517578125 79.96875 84.0749969482421875 87.71250152587890625 89.1687469482421875 90.3125 91.2687530517578125 92.6687469482421875 95.59999847412109375 98.91249847412109375 103.4187469482421875 107.02500152587890625 109.15000152587890625 109.36875152587890625 110.36875152587890625 113.1437530517578125 116.90625 119.66249847412109375 119.40000152587890625 117.59375 114.2062530517578125
123.6875 128.7624969482421875 131.381256103515625 132.5187530517578125 132.350006103515625 132.1374969482421875 131.5187530517578125 130.5437469482421875 129.46875 122.75624847412109375 114.46875 104.93125152587890625 97.1062469482421875 90.4562530517578125 83.3625030517578125 77.0812530517578125 71.70624542236328125 67.78125 64.3125 61.668750762939453125 62.987499237060546875 65.0625 67.9250030517578125 72.6999969482421875 77.0187530517578125 80.1875 84.9250030517578125 89.28749847412109375 92.0749969482421875 95.0187530517578125 98.63124847412109375 102.75 105.38124847412109375 108.8249969482421875 111.41249847412109375 113.1999969482421875 113.625 113.4187469482421875 115.69374847412109375 120.4812469482421875 123.9250030517578125 124.0124969482421875 122.6750030517578125 119.5500030517578125
126.1875 132.9187469482421875 136.9875030517578125 137.337493896484375 136.6999969482421875 136.2624969482421875 135.1687469482421875 134.3312530517578125 132.6437530517578125 126.0625 117.25624847412109375 108.66249847412109375 101.3625030517578125 94.9812469482421875 87.96250152587890625 81.34375 75.72499847412109375 71.0500030517578125 66.75 63.25 63.84999847412109375 65.3249969482421875 66.8312530517578125 70.90625 74.58750152587890625 77.02500152587890625 81.28125 87.46250152587890625 93.28125 98.1875 103.16249847412109375 107.9875030517578125 110.7624969482421875 113.34375 115.69374847412109375 118.33750152587890625 119.3125 119.0500030517578125 121.9187469482421875 126.21250152587890625 129.774993896484375 130.100006103515625 128.65625 125.27500152587890625
133.100006103515625 139.5500030517578125 143.8625030517578125 142.693756103515625 141.2375030517578125 140.0124969482421875 138.0625 135.7312469482421875 132.912506103515625 127.50624847412109375 120.4187469482421875 112.84999847412109375 106.3625030517578125 100.33750152587890625 92.9875030517578125 86.2375030517578125 80.06874847412109375 74.65625 69.53125 65.29375457763671875 65.0124969482421875 65.1437530517578125 66.15625 69.75 73.3874969482421875 76.9875030517578125 81.9562530517578125 88.4250030517578125 95.0187530517578125 100.875 106.46250152587890625 111.31874847412109375 114.81874847412109375 117.1687469482421875 119.68125152587890625 122.28125 124.7937469482421875 126.86875152587890625 129.8125 134.431243896484375 138 137.993743896484375 136.2624969482421875 133.787506103515625
142 146.818756103515625 147.850006103515625 147.256256103515625 145.037506103515625 142.912506103515625 140.15625 136.9562530517578125 133.9875030517578125 129.5812530517578125 122.6875 116.74375152587890625 110.98125457763671875 105.43125152587890625 98.34999847412109375 91.2375030517578125 84.85625457763671875 78.53125 72.71250152587890625 67.66875457763671875 66.53125 65.7375030517578125 65.88124847412109375 69.46875 73.41249847412109375 77.58750152587890625 83.6687469482421875 90.25 97.125 103.50624847412109375 108.8000030517578125 114.74375152587890625 118.6062469482421875 120.90000152587890625 123.9375 127.13124847412109375 130.5 134.225006103515625 138.3625030517578125 143.3249969482421875 147.431243896484375 147.6125030517578125 145.65625 143.4187469482421875
152.9375 154.149993896484375 153.618743896484375 151.8000030517578125 148.90625 146.53125 143.087493896484375 139.3249969482421875 135.5625 130.662506103515625 125.58750152587890625 120.7375030517578125 115.9875030517578125 111.1374969482421875 103.81874847412109375 96.88124847412109375 89.8625030517578125 83.38124847412109375 76.91249847412109375 71.2312469482421875 69.15000152587890625 67.3000030517578125 66.44374847412109375 70.5500030517578125 74.50624847412109375 78.9375 85.4562530517578125 92.53125 99.8874969482421875 106.2062530517578125 112.43125152587890625 117.75 121.94374847412109375 124.7687530517578125 127.47499847412109375 131.743743896484375 136.274993896484375 141.056243896484375 146.712493896484375 153.443756103515625 158.712493896484375 159.875 158.8125 156.725006103515625
163.837493896484375 162.7624969482421875 160.375 157.3312530517578125 153.4187469482421875 150.21875 146.625 141.962493896484375 137.6875 133.2062530517578125 128.15625 124.2937469482421875 120.93125152587890625 116.4250030517578125 109.41249847412109375 102.3874969482421875 95.5500030517578125 88.1999969482421875 81.4250030517578125 75.49375152587890625 72.11875152587890625 69.13124847412109375 67.66249847412109375 71.3874969482421875 75.53749847412109375 80.30625152587890625 87.6437530517578125 95.3937530517578125 102.6062469482421875 108.91249847412109375 114.80625152587890625 120.6125030517578125 124.83750152587890625 127.75624847412109375 131.4562530517578125 136.131256103515625 141.131256103515625 147.8000030517578125 154.537506103515625 163.2312469482421875 171.84375 173.306243896484375 171.2937469482421875 170.96875
174.46875 171.7687530517578125 167.149993896484375 163.03125 158.2312469482421875 153.681243896484375 148.9250030517578125 144.15625 139.943756103515625 135.9499969482421875 131.6125030517578125 128.5500030517578125 125.7312469482421875 121.81874847412109375 115.25624847412109375 108.2375030517578125 101.5187530517578125 93.8000030517578125 86.4375 79.94374847412109375 75.36875152587890625 71.44374847412109375 68.93125152587890625 72.5124969482421875 76.7624969482421875 81.84999847412109375 89.6750030517578125 97.84999847412109375 106.1125030517578125 112.09375 117.43125152587890625 123.1437530517578125 127.41249847412109375 130.6125030517578125 134.5812530517578125 140.193756103515625 146.024993896484375 152.868743896484375 160.024993896484375 169.5812530517578125 180.2312469482421875 182.068756103515625 180.8000030517578125 183.5500030517578125
181.8000030517578125 178.21875 172.5812530517578125 166.75 161.693756103515625 156.056243896484375 151.256256103515625 146.806243896484375 143.306243896484375 139.1374969482421875 135.662506103515625 132.787506103515625 130.756256103515625 127.53749847412109375 121.3937530517578125 115.2375030517578125 108.4375 101.03125 93.25 85.875 80.7687530517578125 76.06874847412109375 72.6437530517578125 75.69374847412109375 79.9562530517578125 85.30625152587890625 93.21875 101.4562530517578125 109.34999847412109375 115.06874847412109375 120.5625 125.94374847412109375 130.1687469482421875 134.100006103515625 138.118743896484375 143.96875 149.975006103515625 157.368743896484375 162.743743896484375 170.462493896484375 179.9375 185.2687530517578125 186.962493896484375 192.3562469482421875
188.09375 183.493743896484375 177.475006103515625 170.162506103515625 164.787506103515625 159.875 154.681243896484375 150.118743896484375 146.4499969482421875 142.4875030517578125 139.7062530517578125 137.7687530517578125 136.587493896484375 133.912506103515625 127.96875 122.43125152587890625 116.55625152587890625 108.55625152587890625 100.4187469482421875 92.8562469482421875 86.6750030517578125 81.15625 76.99375152587890625 79.65000152587890625 83.71875 88.6125030517578125 96.61875152587890625 104.96875 112.72499847412109375 118.08750152587890625 123.5437469482421875 128.71875 133.09375 137.506256103515625 141.931243896484375 147.368743896484375 153.7874908447265625 161.306243896484375 165.2312469482421875 167.84375 176.8249969482421875 185.337493896484375 191.3249969482421875 196.618743896484375
192.318756103515625 187.193756103515625 180.068756103515625 173.71875 169.3312530517578125 163.037506103515625 157.587493896484375 153.068756103515625 149.568756103515625 146.1687469482421875 143.5625 142.59375 141.524993896484375 139.774993896484375 135.306243896484375 130.375 124.3937530517578125 115.75624847412109375 107.9812469482421875 100.1125030517578125 93.08750152587890625 86.6875 81.8937530517578125 84.0187530517578125 87.84375 92.2624969482421875 100.21875 108.65625 116.24375152587890625 121.5812530517578125 126.6437530517578125 131.1875 135.837493896484375 140.9499969482421875 145.1437530517578125 150.9562530517578125 157.649993896484375 164.899993896484375 167.193756103515625 170.431243896484375 179.6875 188.8249969482421875 195.162506103515625 201.756256103515625
192.71875 187.287506103515625 180.881256103515625 175.787506103515625 171.087493896484375 165.193756103515625 159.806243896484375 155.243743896484375 151.912506103515625 149.306243896484375 149.3562469482421875 148.4124908447265625 148.53125 148.1125030517578125 144.068756103515625 139.1687469482421875 133.087493896484375 124.6062469482421875 116.43125152587890625 108.50624847412109375 101.33750152587890625 94.8312530517578125 89.71250152587890625 91.56874847412109375 94.68125152587890625 98.4875030517578125 106.00624847412109375 113.7687530517578125 121.0124969482421875 126.38124847412109375 130.875 135.149993896484375 138.774993896484375 144.037506103515625 149.5500030517578125 156.524993896484375 162.787506103515625 168.5749969482421875 171.381256103515625 177.568756103515625 186.125 193.5625 200.0500030517578125 206.125
190.96875 186.2624969482421875 181.4499969482421875 177.28125 172.1750030517578125 166.943756103515625 161.837493896484375 157.5812530517578125 153.8000030517578125 151.962493896484375 151.8625030517578125 153.9562530517578125 156.5500030517578125 155.7375030517578125 152.78125 148.1125030517578125 142.3937530517578125 134.0749969482421875 125.13124847412109375 117.46250152587890625 110.2062530517578125 103.5749969482421875 98.3625030517578125 99.2375030517578125 101.96250152587890625 105.21250152587890625 111.84999847412109375 119.0437469482421875 126.0625 130.84375 135.243743896484375 139.4812469482421875 143.75 148.149993896484375 154.350006103515625 161.181243896484375 167.087493896484375 172.6875 176.84375 183.3937530517578125 189.90625 196.587493896484375 203.96875 210.431243896484375
188.943756103515625 185.2937469482421875 180.6875 177.443756103515625 172.9562530517578125 168.087493896484375 163.149993896484375 159.381256103515625 154.774993896484375 153.1750030517578125 154.625 158.7937469482421875 163.556243896484375 165.1062469482421875 161.2312469482421875 156.9250030517578125 151.7624969482421875 143.28125 134.4499969482421875 126.1999969482421875 119.21875 112.38124847412109375 107.09999847412109375 107.18125152587890625 109.22499847412109375 111.875 118.1437530517578125 125.1687469482421875 131.65625 135.662506103515625 139.350006103515625 143.5812530517578125 147.943756103515625 153.087493896484375 158.5124969482421875 164.306243896484375 169.9250030517578125 176.9187469482421875 181.21875 186.4812469482421875 192.162506103515625 197.4375 204.4375 210.4875030517578125
185.75 182.4375 179.087493896484375 175.368743896484375 171.46875 167.399993896484375 162.4812469482421875 158.3937530517578125 153.7937469482421875 151.806243896484375 155.037506103515625 161.2375030517578125 168.34375 171.03125 168.568756103515625 164.71875 159.7624969482421875 151.9875030517578125 143.59375 135.4499969482421875 128.96875 122.72499847412109375 116.9375 116.77500152587890625 118.2312469482421875 120.13124847412109375 125.4875030517578125 131.7937469482421875 137.5562591552734375 141.3249969482421875 144.3625030517578125 147.9812469482421875 152.087493896484375 157.4875030517578125 161.8125 166.037506103515625 172.7375030517578125 178.2062530517578125 182.1875 186.600006103515625 192 196.8562469482421875 200.78125 206.4749908447265625
182.5187530517578125 179.712493896484375 176.7687530517578125 173.600006103515625 170.21875 166.28125 161.681243896484375 157.4375 152.3874969482421875 148.5812530517578125 154.181243896484375 165.5 172.306243896484375 174.743743896484375 174.1999969482421875 171.7937469482421875 167.287506103515625 160.28125 152.0749969482421875 144.1374969482421875 138.0187530517578125 132.03125 126.99375152587890625 126.2624969482421875 127.00624847412109375 128.5749969482421875 133.0124969482421875 138.568756103515625 143.993743896484375 147.0749969482421875 149.850006103515625 152.28125 157.024993896484375 162.0812530517578125 165.068756103515625 169.618743896484375 174.6750030517578125 179.8562469482421875 183 186.149993896484375 190.368743896484375 192.9375 196.837493896484375 202.0625
179.506256103515625 177.256256103515625 174.568756103515625 171.9375 169.256256103515625 165.806243896484375 162.774993896484375 159.125 154.9562530517578125 150.056243896484375 161.2624969482421875 173.318756103515625 178.0124969482421875 180.3187408447265625 180.0812530517578125 178.368743896484375 174.350006103515625 167.787506103515625 160.3625030517578125 152.5437469482421875 146.5437469482421875 140.399993896484375 135.631256103515625 134.4562530517578125 135.3000030517578125 136.59375 140.0124969482421875 144.8499908447265625 149.587493896484375 152.4499969482421875 154.037506103515625 156.568756103515625 161.1687469482421875 165.399993896484375 168.8249969482421875 171.6062469482421875 176.256256103515625 179.756256103515625 183.193756103515625 186.162506103515625 187.618743896484375 190.2312469482421875 192.068756103515625 195.21875
