data/historical-monthly-weather-data/wc2.1_cruts4.09_10m_prec_2011-07.asc
ncols        45
nrows        45
xllcorner    -63.500000000000
yllcorner    -7.500000000000
cellsize     0.166666666667
NODATA_value -9999
[rows 0 to 18 of 45, columns 0 to 42 of 45]
357.88751220703125 358.506256103515625 350.6875 348.524993896484375 340.79998779296875 331.17498779296875 321.024993896484375 308.04376220703125 300.837493896484375 295.98126220703125 285.84375 275.70001220703125 264.26873779296875 257.15625 251.962493896484375 244.1875 236.3562469482421875 225.4875030517578125 217.0500030517578125 211.868743896484375 207.9499969482421875 198.868743896484375 191.6125030517578125 186.1125030517578125 183.0500030517578125 177.100006103515625 175.806243896484375 175.225006103515625 172.1999969482421875 170.2874908447265625 161.243743896484375 156.59375 157.337493896484375 154.943756103515625 152.412506103515625 149.2062530517578125 143.3625030517578125 145.149993896484375 140.3874969482421875 136.881256103515625 138.4250030517578125 140.943756103515625 139.118743896484375
341.29376220703125 341.90625 336.131256103515625 336.725006103515625 334.26251220703125 325.75 315.162506103515625 304.6875 297.15625 288.225006103515625 276.98126220703125 264.51251220703125 252.625 242.6750030517578125 233.75 225.6125030517578125 216.6437530517578125 207.53125 200.96875 195.1125030517578125 186.0187530517578125 180.975006103515625 175.6687469482421875 174.024993896484375 166.975006103515625 162.524993896484375 162.431243896484375 163.131256103515625 159.506256103515625 154.1687469482421875 148.9562530517578125 148.4812469482421875 148.34375 149.318756103515625 148.0124969482421875 143.1062469482421875 138.1999969482421875 138.006256103515625 133.1750030517578125 131.5187530517578125 134.4562530517578125 134.3625030517578125 133.7312469482421875
302.14373779296875 310.13751220703125 311.84375 309.587493896484375 304.899993896484375 295.64373779296875 288.63751220703125 284.837493896484375 279.225006103515625 270.5 259.693756103515625 245.6374969482421875 236.40625 222.774993896484375 212.837493896484375 203.712493896484375 195.8375091552734375 186.931243896484375 179.243743896484375 174.631256103515625 166.0812530517578125 161.618743896484375 157.5562591552734375 154.837493896484375 150.0437469482421875 144.056243896484375 148.625 149.1875 147.6875 144.306243896484375 140.087493896484375 135.037506103515625 136.09375 139.5749969482421875 134.412506103515625 129.4187469482421875 128.4875030517578125 130.524993896484375 125.96250152587890625 125.4250030517578125 127.875 128.899993896484375 127.1687469482421875
267.32501220703125 270.024993896484375 276.66876220703125 280.912506103515625 275.41876220703125 265.48126220703125 258.71875 259.931243896484375 259.07501220703125 253.0687408447265625 238.625 225.350006103515625 214.962493896484375 206.4187469482421875 194.6062469482421875 183.556243896484375 174.2062530517578125 166.506256103515625 161.118743896484375 159.868743896484375 152.5500030517578125 143.8874969482421875 139.0187530517578125 137.6750030517578125 134.337493896484375 130.1437530517578125 132.4187469482421875 131.149993896484375 133.09375 134.412506103515625 131.34375 126.46875 123.9499969482421875 122.5187530517578125 119.40625 121.72499847412109375 123.38124847412109375 120.81874847412109375 118.9812469482421875 118.3625030517578125 122.9875030517578125 125.91249847412109375 124.55625152587890625
261.73126220703125 253.34375 241.256256103515625 245.2375030517578125 249.068756103515625 239.6374969482421875 236.78125 237.7312469482421875 235.9312591552734375 229.1687469482421875 221.7312469482421875 208.0812530517578125 198.1062469482421875 188.7062530517578125 177.0812530517578125 166.837493896484375 157.09375 150.7937469482421875 142.6875 139.9499969482421875 135.1687469482421875 126.8625030517578125 121 122.8625030517578125 119.2687530517578125 115.19374847412109375 116.1875 120.00624847412109375 121.90625 120.3125 119.3874969482421875 117.4499969482421875 117.3562469482421875 115.3249969482421875 112.6374969482421875 111.2312469482421875 113.0749969482421875 113.8249969482421875 111.9375 113.4187469482421875 117.46250152587890625 117.53125 119.30625152587890625
239.8562469482421875 238.625 230.0999908447265625 209.4875030517578125 216.5500030517578125 223.2312469482421875 219.7624969482421875 217.537506103515625 217.993743896484375 211.03125 202.03125 191.21875 182.9437408447265625 170.399993896484375 162.4875030517578125 153.3249969482421875 142.4250030517578125 133.5187530517578125 127.75 125.44374847412109375 120.3937530517578125 114.22499847412109375 110.34375 107.9250030517578125 106.7937469482421875 104.41249847412109375 105.90625 109.13124847412109375 110.36875152587890625 109.53125 109.0812530517578125 110.4499969482421875 109.1875 109.5812530517578125 106.4375 106.77500152587890625 104.5 105.8562469482421875 108.40625 112.46250152587890625 112.5 114.77500152587890625 115.0187530517578125
222.212493896484375 221.506256103515625 215.1437530517578125 205.787506103515625 198.2375030517578125 191.256256103515625 194.056243896484375 196.1374969482421875 192.8937530517578125 189.1062469482421875 183.631256103515625 171.3125 166.225006103515625 156.912506103515625 147.28125 140.40625 132.625 121.00624847412109375 111.8000030517578125 111.2687530517578125 106.3874969482421875 100.65000152587890625 96.18125152587890625 96.125 94.90625 94.80625152587890625 98.6750030517578125 99.11875152587890625 99.29999542236328125 101.75 101.18125152587890625 99.65625 98.9499969482421875 101.2062530517578125 101.72499847412109375 100.99375152587890625 99.0124969482421875 99.38124847412109375 103.46250152587890625 108.78125 108.9499969482421875 108.90000152587890625 110.59999847412109375
208.9875030517578125 204.53125 200.806243896484375 196.1875 192.337493896484375 191.7937469482421875 182.493743896484375 168.631256103515625 162.875 160.8562469482421875 158.0124969482421875 152.756256103515625 148.1999969482421875 140.2750091552734375 134.0749969482421875 127.71250152587890625 119.6437530517578125 109.4562530517578125 100.9499969482421875 95.05625152587890625 93.96250152587890625 90.77500152587890625 86.1125030517578125 85.91249847412109375 86.46875 84.3249969482421875 87.7937469482421875 87.86875152587890625 90.7624969482421875 91.0500030517578125 93.75 93.02500152587890625 93.59999847412109375 93.78125 93.4562530517578125 91.8937530517578125 91.02500152587890625 92.09999847412109375 94.1875 96.9812469482421875 98.94374847412109375 100.96250152587890625 102.2375030517578125
197 193.3874969482421875 188.381256103515625 187 185.662506103515625 181.100006103515625 174.399993896484375 166.318756103515625 155.787506103515625 145.1374969482421875 140.056243896484375 133.725006103515625 134.65625 127.8562469482421875 121.59375 115.05625152587890625 109.3125 102.77500152587890625 98.1437530517578125 88.6374969482421875 83.90000152587890625 83.31874847412109375 79.40625 80.4875030517578125 80.5625 76.90625 78.24375152587890625 82.72499847412109375 86.21875 86.30625152587890625 89.8625030517578125 87.58750152587890625 84.77500152587890625 83.74375152587890625 84.56874847412109375 87.2312469482421875 88.9562530517578125 91.2687530517578125 91.8625030517578125 92.5 93.54999542236328125 94.6374969482421875 96.52500152587890625
183.0187530517578125 180.931243896484375 178.4499969482421875 177.443756103515625 176.1750030517578125 174.4250030517578125 167.9562530517578125 160.6875 152.662506103515625 145.5 135.6437530517578125 124.77500152587890625 123.125 118.65625 112.8000030517578125 107.28749847412109375 99.65000152587890625 96.3937530517578125 92.59375 86.4187469482421875 81.34999847412109375 75.9499969482421875 71.2062530517578125 72.3312530517578125 71.8249969482421875 71.4375 72.8625030517578125 76.49375152587890625 78.7624969482421875 79.9499969482421875 82.34375 80.72499847412109375 80.1062469482421875 79.08750152587890625 78.8937530517578125 82.3125 85.1062469482421875 87.93125152587890625 89.0812530517578125 92.18125152587890625 95 94.5500030517578125 92.55625152587890625
173.350006103515625 171.693756103515625 168.59375 168.806243896484375 167.100006103515625 165.618743896484375 160.7937469482421875 150.7062530517578125 140.493743896484375 134.1062469482421875 128.3625030517578125 120.6125030517578125 111.94374847412109375 109.2062530517578125 101.4812469482421875 95.5625 91.0625 88.27500152587890625 84.9187469482421875 82.91249847412109375 80.4875030517578125 74.3000030517578125 66.91249847412109375 62.706249237060546875 65.4875030517578125 68.97499847412109375 71.06874847412109375 73.13124847412109375 72.8249969482421875 74.25624847412109375 75.83750152587890625 76.9562530517578125 77.25624847412109375 75.83750152587890625 76.90000152587890625 79.3000030517578125 82.25 83.0625 88.4250030517578125 90.4812469482421875 90.96250152587890625 89.8625030517578125 90.2624969482421875
165.25 161.96875 159.681243896484375 160.4187469482421875 159.9375 158.6062469482421875 155.306243896484375 146.181243896484375 134.46875 124.54375457763671875 117.84375 113.2062530517578125 102.75624847412109375 97.52500152587890625 94.0124969482421875 86.89374542236328125 82.71250152587890625 80.3000030517578125 77.91249847412109375 77.52500152587890625 77.9562530517578125 73.24375152587890625 68.3625030517578125 63.19374847412109375 62.1875 60.65625 63.0625 66.75624847412109375 68.3000030517578125 69.41249847412109375 69.3000030517578125 70.65000152587890625 72.09375 72.6374969482421875 74.96250152587890625 78.50624847412109375 80.27500152587890625 83.7624969482421875 83.8937530517578125 86.0124969482421875 85.8625030517578125 86.72499847412109375 83.33750152587890625
152.7375030517578125 152.118743896484375 151.6437530517578125 150.256256103515625 148.256256103515625 147.3249969482421875 142.618743896484375 133.2937469482421875 123.3937530517578125 117.0437469482421875 111.81874847412109375 104.55625152587890625 98.34999847412109375 86.7312469482421875 80.78125 78.15625 74.48125457763671875 73.25624847412109375 71.61875152587890625 70.21875 69.49375152587890625 65.88124847412109375 63.02500152587890625 59.80625152587890625 56.143749237060546875 55.03749847412109375 58.125 62.125 64.30625152587890625 64.9875030517578125 64.96875 64.50624847412109375 67.34375 68.7937469482421875 70.9250030517578125 75.0625 79.7624969482421875 85.19374847412109375 89.06874847412109375 87.1062469482421875 83.5187530517578125 82.1437530517578125 76.1062469482421875
142.2937469482421875 141.2437591552734375 141.0437469482421875 138.975006103515625 136.1687469482421875 133.21875 128.28125 120.84999847412109375 115.6999969482421875 108.27500152587890625 102.90625 96.44374847412109375 88.02500152587890625 79.125 69.0437469482421875 68.18125152587890625 64.52500152587890625 64.25 62.40625 61.793750762939453125 60.65000152587890625 58.875 56.83750152587890625 55.356250762939453125 52.606250762939453125 51.25624847412109375 53.36875152587890625 55.549999237060546875 57.59999847412109375 58.71875 61.46875 62.34375 63.049999237060546875 64.58750152587890625 67.1875 73.8874969482421875 81.84375 90.2937469482421875 96.11875152587890625 93.3937530517578125 82.0625 75.59375 76.16249847412109375
133.9187469482421875 131.256256103515625 129.537506103515625 128.318756103515625 124.31874847412109375 120.2687530517578125 118.2312469482421875 111.3625030517578125 105.31874847412109375 98.6875 93.3562469482421875 86.0124969482421875 79.06874847412109375 71.90625 60.50624847412109375 57.612499237060546875 54.97499847412109375 54.50624847412109375 53.52500152587890625 53.59999847412109375 54.03125 52.768749237060546875 51.59999847412109375 52.28749847412109375 52.03125 51.91249847412109375 53.768749237060546875 55.043750762939453125 57.44374847412109375 59.331249237060546875 59.231250762939453125 60.924999237060546875 64.15000152587890625 64.6437530517578125 64.0625 69.6999969482421875 82 95.5749969482421875 103.1750030517578125 100.1374969482421875 93.86875152587890625 88.83750152587890625 93.65000152587890625
122.8874969482421875 120.84999847412109375 119.71250152587890625 116.9812469482421875 113.9187469482421875 112.1750030517578125 106.6437530517578125 100.7375030517578125 95.6125030517578125 91.19374847412109375 85.0812530517578125 78.25 71.71875 64.7937469482421875 55.80625152587890625 46.21875 45.3125 45.987499237060546875 45.125 45.75624847412109375 46.212497711181640625 46.81874847412109375 47.19374847412109375 50.88124847412109375 52.231250762939453125 52.450000762939453125 53.25 53.22499847412109375 55.762500762939453125 58.043750762939453125 61.793750762939453125 61.143749237060546875 60.99375152587890625 60.643749237060546875 61.043750762939453125 72.7312469482421875 83.84999847412109375 96.5437469482421875 107.6875 113.53125 113.1437530517578125 107.8625030517578125 103.6750030517578125
112.5625 111.0187530517578125 110.44374847412109375 108.88124847412109375 106.69374847412109375 102.02500152587890625 98.2312469482421875 92.88750457763671875 88.27500152587890625 84.11875152587890625 78.8312530517578125 71.24375152587890625 63.899997711181640625 58.21250152587890625 53.40625 46.168750762939453125 39.456249237060546875 38.09375 39.487499237060546875 39.93125152587890625 40.53749847412109375 41.856250762939453125 44.25624847412109375 49.55625152587890625 53.231250762939453125 50.69374847412109375 49.52500152587890625 49.88124847412109375 53.481250762939453125 57.5625 61.806247711181640625 65.2375030517578125 64.7937469482421875 65.09999847412109375 72.6062469482421875 81 94.7937469482421875 112.4375 128.0500030517578125 125.16249847412109375 122.1750030517578125 113.28125 102.99375152587890625
102.0625 102.31874847412109375 100.55625152587890625 99.9250030517578125 97.55625152587890625 91.94374847412109375 87.49375152587890625 83.3125 79.28749847412109375 73.63124847412109375 69.31874847412109375 64.27500152587890625 57.887500762939453125 52.66249847412109375 49.25 44.706249237060546875 38.856250762939453125 32.91249847412109375 34.75624847412109375 34.80625152587890625 35.793750762939453125 37.4375 41.668750762939453125 46.762500762939453125 50.206249237060546875 48.106250762939453125 46.75 48.25 52.424999237060546875 55.34999847412109375 56.65625 59.3125 70.04999542236328125 75.50624847412109375 77.61875152587890625 90.19374847412109375 107.03125 120.1750030517578125 130.3000030517578125 129.2312469482421875 119.00624847412109375 110.11875152587890625 100.5500030517578125
92.34375 92.7687530517578125 90.1437530517578125 88.61875152587890625 87.3937530517578125 83.0500030517578125 77.625 74.34375 71.40000152587890625 66.84999847412109375 62.856250762939453125 56.81874847412109375 51.78125 48.012500762939453125 43.387500762939453125 40.41249847412109375 36.543750762939453125 32.11875152587890625 29.081249237060546875 28.600000381469726562 31.556249618530273438 36.200000762939453125 34.58750152587890625 40.21250152587890625 44.237499237060546875 46.25 46.799999237060546875 47.549999237060546875 52.012500762939453125 55.81874847412109375 58.58750152587890625 62.831249237060546875 71.3125 75.0812530517578125 79.69374847412109375 90.71875 101.3000030517578125 110.875 119.9562530517578125 116.4875030517578125 111.83750152587890625 102.4187469482421875 95.80625152587890625
