data/historical-monthly-weather-data/wc2.1_cruts4.09_10m_prec_1968-04.asc
ncols        51
nrows        45
xllcorner    -63.500000000000
yllcorner    -7.500000000000
cellsize     0.166666666667
NODATA_value -9999
[rows 0 to 19 of 45, columns 0 to 44 of 51]
218.4250030517578125 212.524993896484375 211.3249969482421875 215.3000030517578125 215.881256103515625 214.9812469482421875 213.3625030517578125 208.3000030517578125 206.03125 207.0500030517578125 210.943756103515625 215.368743896484375 218.912506103515625 220.9562530517578125 223.8625030517578125 227.5187530517578125 232.2375030517578125 233.787506103515625 237.774993896484375 241.837493896484375 245.2687530517578125 249.8000030517578125 253.9187469482421875 261.375 267.14373779296875 275.975006103515625 285.050018310546875 296.46875 307.35626220703125 321.59375 337.412506103515625 353.71875 366.95623779296875 382.4375 397.10626220703125 407.60626220703125 414.63751220703125 421.131256103515625 426.23748779296875 428.07501220703125 429.5 428.95001220703125 424.0625 421.649993896484375 416.5
224.4875030517578125 217.7312469482421875 221.350006103515625 225.787506103515625 229.6750030517578125 227.693756103515625 224.5749969482421875 222.881256103515625 222.006256103515625 222.5500030517578125 225.5749969482421875 228.2937469482421875 231.118743896484375 232.975006103515625 234.149993896484375 237.9375 240.625 244.1750030517578125 248.6437530517578125 252.412506103515625 255.625 259.1875 264.70001220703125 270.73748779296875 278.181243896484375 286.225006103515625 295.28125 307.212493896484375 316.71875 329.51251220703125 345.34375 362.5625 375.512481689453125 391.337493896484375 403.95001220703125 412.92498779296875 421.75 427.70001220703125 430.95623779296875 430.412506103515625 429.600006103515625 429.45623779296875 425.006256103515625 419.90625 413.76873779296875
226.75 221.8562469482421875 224.78125 231.0437469482421875 236.318756103515625 236.537506103515625 236.149993896484375 236.8125 239.5437469482421875 240.431243896484375 241.243743896484375 242.0124969482421875 244.1437530517578125 243.693756103515625 244.5437469482421875 247.2062530517578125 249.3625030517578125 252.7375030517578125 256.01251220703125 260.375 264.88751220703125 269.881256103515625 274.662506103515625 281.618743896484375 290.850006103515625 299.89373779296875 310.600006103515625 319.25 327.01873779296875 340.6875 355.73126220703125 371.26251220703125 387.524993896484375 402.85626220703125 414.306243896484375 422.21875 433.318756103515625 441.85626220703125 443.462493896484375 443.08123779296875 441.89373779296875 438.3125 433.0625 427.962493896484375 421.243743896484375
224.8312530517578125 220.7687530517578125 227 232.1875 237.7375030517578125 241.7937469482421875 244.8874969482421875 248.6125030517578125 254.6875 258.4375 258.125 256.225006103515625 254.71875 254.15625 254.1062469482421875 256.20623779296875 258.58123779296875 261.13751220703125 263.837493896484375 268.09375 274.368743896484375 280.056243896484375 284.368743896484375 293.568756103515625 303.78125 312.48748779296875 324.10626220703125 331.206268310546875 338.662506103515625 353.931243896484375 368.693756103515625 383.86248779296875 397.01873779296875 411.82501220703125 423.67498779296875 434.96875 445.53125 454.48748779296875 458.73126220703125 456.26251220703125 454.64373779296875 451.65625 442.46875 434.23126220703125 428.712493896484375
233.412506103515625 225.6437530517578125 226.006256103515625 231.568756103515625 239.6875 245.3874969482421875 249.6062469482421875 256.70623779296875 266.787506103515625 274.712493896484375 272.29376220703125 265.6875 263.462493896484375 262.881256103515625 262.350006103515625 263.743743896484375 265.07501220703125 267.53125 269.712493896484375 273.318756103515625 281.17498779296875 287.09375 292.82501220703125 304.806243896484375 313.868743896484375 323.681243896484375 333.16876220703125 343.79998779296875 353.556243896484375 366.243743896484375 380.67498779296875 391.8125 404.29376220703125 419.70001220703125 433.125 444.5 454.125 464.149993896484375 469.350006103515625 467.66876220703125 467.71875 458.837493896484375 449.787506103515625 442.899993896484375 434.73748779296875
234.1125030517578125 228.5812530517578125 229.774993896484375 230.71875 238.381256103515625 245.9187469482421875 251.149993896484375 259.15625 269.725006103515625 280.23126220703125 275.649993896484375 269.84375 268.556243896484375 268.51251220703125 267.45623779296875 269.07501220703125 268.631256103515625 270.537506103515625 274.368743896484375 278.70001220703125 285.82501220703125 292.54376220703125 301.76873779296875 312.92498779296875 323.98748779296875 335.493743896484375 344.368743896484375 353.943756103515625 362.931243896484375 374.11248779296875 386.79998779296875 399.6875 408.3125 422.125 437.149993896484375 447.34375 459.881256103515625 470.35626220703125 475.42498779296875 477.26873779296875 472.868743896484375 463.818756103515625 456.09375 450.037506103515625 443.45001220703125
235.5 230.943756103515625 232.75 233.399993896484375 235.181243896484375 239.8000030517578125 245.4499969482421875 252.7375030517578125 259.54998779296875 265 267.95001220703125 268.850006103515625 271.91876220703125 272.36248779296875 272.26873779296875 274.61248779296875 274.48126220703125 273.48126220703125 275.399993896484375 280.875 290.193756103515625 299.53125 309.649993896484375 319.506256103515625 332.1875 345.21875 354.975006103515625 362.16876220703125 370.11248779296875 380.756256103515625 393.162506103515625 403.79376220703125 413.287506103515625 422.95623779296875 436.162506103515625 446.587493896484375 456.90625 468.875 478.056243896484375 479.787506103515625 471.506256103515625 464.037506103515625 457.82501220703125 452.20001220703125 447.98126220703125
237.6062469482421875 232.462493896484375 233.1687469482421875 235.568756103515625 237.912506103515625 240.75 241.0124969482421875 240.84375 241.493743896484375 246.556243896484375 257.181243896484375 265.95001220703125 272.45623779296875 276.125 277.75 278.9375 278.425018310546875 277.04998779296875 276.462493896484375 282.25 294.26251220703125 305.98748779296875 316.38751220703125 327.318756103515625 342.225006103515625 353.38751220703125 362.287506103515625 369.568756103515625 377.61248779296875 388.13751220703125 396.493743896484375 405.76873779296875 414.274993896484375 423.26873779296875 433.818756103515625 440.04998779296875 450.39373779296875 460.506256103515625 466.899993896484375 467.33123779296875 463.225006103515625 458.943756103515625 452.975006103515625 446.29376220703125 439.8125
239.5 235.8249969482421875 236.368743896484375 237.4250030517578125 239.4250030517578125 240.6875 241.381256103515625 239.7375030517578125 235.431243896484375 236.4250030517578125 250.212493896484375 262.462493896484375 275.118743896484375 280.506256103515625 281.068756103515625 282.23748779296875 282.524993896484375 282.6875 284.431243896484375 288.743743896484375 296.45623779296875 311 322.01873779296875 335.9375 350.16876220703125 359.32501220703125 366.756256103515625 374.53125 382.212493896484375 391.681243896484375 401.28125 406.8125 412.381256103515625 417.20623779296875 426.524993896484375 432.85626220703125 442.51251220703125 448.931243896484375 454.649993896484375 454.61248779296875 451.881256103515625 446.556243896484375 443.306243896484375 439.45001220703125 428.431243896484375
241.162506103515625 237.3937530517578125 238.5749969482421875 239.8249969482421875 240.8249969482421875 242.600006103515625 244.15625 243.1687469482421875 243.6687469482421875 248.4187469482421875 259.03125 268.243743896484375 279.01873779296875 284.931243896484375 286.46875 285.899993896484375 285.931243896484375 287.95623779296875 290.587493896484375 297.850006103515625 306.1875 317.54998779296875 328.418731689453125 344.100006103515625 354.681243896484375 361.64373779296875 368.287506103515625 375.399993896484375 384.23748779296875 395.787506103515625 401.11248779296875 403.76251220703125 407.149993896484375 411.09375 417.837493896484375 424.693756103515625 429.95623779296875 435.40625 439.756256103515625 442.57501220703125 442.993743896484375 438.89373779296875 434.51251220703125 425.756256103515625 418.10626220703125
243.09375 241.1437530517578125 241.850006103515625 242.600006103515625 242.2312469482421875 244.681243896484375 247.225006103515625 248 252.225006103515625 259.125 269.618743896484375 280.10626220703125 285.71875 290.84375 289.83123779296875 287.881256103515625 287.92498779296875 291.631256103515625 296.756256103515625 304.09375 317.34375 328.23126220703125 336.45623779296875 342.03125 356.23126220703125 363.581268310546875 367.324981689453125 373.21875 379.91876220703125 390.36248779296875 394.92498779296875 396.51873779296875 399.51873779296875 402.39373779296875 407.618743896484375 409.82501220703125 413.63751220703125 418.725006103515625 424.03125 427.649993896484375 428.0625 424.475006103515625 423.712493896484375 418.79998779296875 410
244.618743896484375 242.662506103515625 243.1750030517578125 246.3562469482421875 247.25 248.5812530517578125 252.8125 256.493743896484375 262.95001220703125 270.98126220703125 281.53125 291.33123779296875 291.90625 292.943756103515625 291.16876220703125 289.64373779296875 289.149993896484375 293.29376220703125 299.537506103515625 308.15625 321.399993896484375 332.9375 342.381256103515625 350.962493896484375 356.381256103515625 357.73126220703125 360.662506103515625 364.6875 371.306243896484375 378.20623779296875 382.65625 385.162506103515625 386.5 389.524993896484375 394.08123779296875 397.431243896484375 402.76251220703125 408.61248779296875 410.600006103515625 411.26873779296875 413.14373779296875 411.71875 410.08123779296875 401.5625 392.931243896484375
246.975006103515625 245.243743896484375 246.100006103515625 248.399993896484375 250.6312408447265625 255.1437530517578125 258.53125 262.11248779296875 268.73748779296875 279.11248779296875 289.45623779296875 297.625 297.40625 290.5 288.274993896484375 288.8125 287.556243896484375 291.975006103515625 299.712493896484375 307.28125 321.024993896484375 331.41876220703125 338.125 345.368743896484375 342.568756103515625 341.4375 348 352.14373779296875 360.149993896484375 365.40625 369.256256103515625 371.04376220703125 371.88751220703125 374.76251220703125 377.837493896484375 383.8125 390.09375 396.21875 399.85626220703125 400.82501220703125 396.59375 398.01251220703125 393.66876220703125 386.58123779296875 382.85626220703125
248.306243896484375 246.9187469482421875 247.0500030517578125 249 252.90625 257.462493896484375 260.95001220703125 265.475006103515625 273.5625 282.806243896484375 290.35626220703125 293.14373779296875 292.693756103515625 288.006256103515625 283.04998779296875 284.587493896484375 283.600006103515625 286.431243896484375 294.631256103515625 300.88751220703125 313.431243896484375 322.13751220703125 329.899993896484375 331.5 330.743743896484375 330.943756103515625 335.79376220703125 340.88751220703125 347.274993896484375 352.65625 355.79998779296875 358.287506103515625 356.493743896484375 358.92498779296875 363.375 370.943756103515625 377.837493896484375 386.48748779296875 392.725006103515625 392.10626220703125 383.64373779296875 377.86248779296875 380.443756103515625 384.1875 384.70623779296875
247.556243896484375 246.681243896484375 247.6374969482421875 250.225006103515625 254.850006103515625 259.42498779296875 264.125 268.73748779296875 274.943756103515625 281.912506103515625 287.98126220703125 289.537506103515625 287.337493896484375 282.79998779296875 276.96875 275.300018310546875 275.70623779296875 281.84375 289.11248779296875 295.556243896484375 305.92498779296875 316.381256103515625 322.181243896484375 323.29998779296875 322.943756103515625 324.8125 328.693756103515625 334.399993896484375 340.91876220703125 344.40625 344.618743896484375 342.9375 344.587493896484375 345.149993896484375 347.931243896484375 354.88751220703125 368.681243896484375 383.0625 390.681243896484375 388.774993896484375 382.64373779296875 380.818756103515625 387.08123779296875 385.337493896484375 381.76873779296875
245.149993896484375 244.3937530517578125 247.28125 251.2937469482421875 255.681243896484375 260.54998779296875 265.274993896484375 270.274993896484375 277.45001220703125 282.693756103515625 287.037506103515625 286.98748779296875 284.26873779296875 278.1875 270.71875 263.4375 267.38751220703125 277.125 283.20001220703125 290.13751220703125 300.54376220703125 309.15625 314.318756103515625 315.89373779296875 315.493743896484375 318.681243896484375 321.42498779296875 327.993743896484375 334.33123779296875 338.350006103515625 340.774993896484375 338.25 332.40625 330.556243896484375 330.13751220703125 345.318756103515625 360.0625 376.45623779296875 387.61248779296875 394.11248779296875 393.25 392.625 391.287506103515625 384.90625 378.42498779296875
241.46875 242.0625 246.350006103515625 251.3312530517578125 255.868743896484375 260.899993896484375 267.36248779296875 272.568756103515625 277.70623779296875 282.774993896484375 285.70623779296875 284.912506103515625 280.743743896484375 274.60626220703125 269.14373779296875 264.70623779296875 262.193756103515625 269.537506103515625 278.01873779296875 286.100006103515625 296.29998779296875 305.89373779296875 311.03125 309.11248779296875 308.975006103515625 311 315.118743896484375 321.5 329.34375 334.76873779296875 336.41876220703125 334.256256103515625 329.36248779296875 326.60626220703125 332.90625 343.70001220703125 360.03125 378.818756103515625 398.024993896484375 404.506256103515625 406.818756103515625 402.66876220703125 392.92498779296875 383.95001220703125 375.100006103515625
235.78125 238.162506103515625 242.75 249.881256103515625 255.0749969482421875 261.20623779296875 268.45001220703125 272.70001220703125 277.337493896484375 280.86248779296875 282.45001220703125 281.09375 276.92498779296875 272.556243896484375 268.17498779296875 265.318756103515625 262.443756103515625 261.193756103515625 272.29998779296875 280.975006103515625 293.318756103515625 302.225006103515625 307.618743896484375 306.14373779296875 307.20001220703125 309.75 311.006256103515625 320.337493896484375 329.5625 333.631256103515625 330.399993896484375 319.787506103515625 322.54376220703125 325.70623779296875 330.14373779296875 345.46875 361.95623779296875 379.39373779296875 395.256256103515625 407.975006103515625 407 401.48126220703125 392.681243896484375 383.20623779296875 375.01251220703125
229.024993896484375 232.712493896484375 239.350006103515625 246.162506103515625 252.5187530517578125 260 266.774993896484375 273.274993896484375 278.15625 280.98126220703125 280.743743896484375 276.181243896484375 272.71875 270.631256103515625 264.40625 261.71875 259.975006103515625 259.837493896484375 263.73126220703125 272.26251220703125 289.86248779296875 301.806243896484375 298.95001220703125 302.54376220703125 307.10626220703125 313.306243896484375 318.46875 325.537506103515625 335.350006103515625 337.350006103515625 333.64373779296875 324.412506103515625 321.64373779296875 315.8125 319.056243896484375 335.1875 353.493743896484375 370.356231689453125 388.881256103515625 398.65625 404.056243896484375 400.056243896484375 391.23748779296875 382.71875 374.98748779296875
222.212493896484375 227.21875 234.006256103515625 240.306243896484375 249 259.13751220703125 267.912506103515625 273.16876220703125 277.875 280.51251220703125 279.006256103515625 275.91876220703125 272.256256103515625 268.868743896484375 261.524993896484375 253.9875030517578125 249.875 255.59375 258.79376220703125 266.375 279.162506103515625 288.73748779296875 297.38751220703125 302.431243896484375 308.087493896484375 314.443756103515625 321.975006103515625 332.73126220703125 339.51251220703125 337.600006103515625 330.131256103515625 327.89373779296875 319.962493896484375 307.931243896484375 303.61248779296875 319.493743896484375 344.8125 367.899993896484375 384.14373779296875 395.068756103515625 398.943756103515625 396.09375 389.412506103515625 381.943756103515625 371.293731689453125
