data/historical-monthly-weather-data/wc2.1_cruts4.09_10m_tmin_1998-08.asc
ncols        45
nrows        45
xllcorner    -63.500000000000
yllcorner    -7.500000000000
cellsize     0.166666666667
NODATA_value -9999
22.0 22 22 22 22 22.3125 22.625 22.6875 23 23 23 23 23.125 23 23 23 23 23 23 23 23 23 23 23 23 23 23 22.375 22.0625 22.4375 22.0625 22.875 22.8125 22.5625 22.125 22.1875 22.3125 22.4375 22 22.0625 22 22 22 21.9375 22 
22.125 22 22 22 22 22.125 22 22.125 23 23 23 23 23 23 23 23 23 23 23 23 23 23 23 22.9375 23 23 23 22.4375 22.25 22.875 22.75 22.625 22.8125 22 22.3125 22 22.25 22.625 22.25 22.625 22.4375 22 22 22 22 
22.5625 22.25 22 22 22 22 22 22.5625 23 23 23 23 23 23 23 23 23 23 23 23 23 23 23 23 22.9375 23 23 22.1875 22.75 23 22.875 22.9375 23 22.625 22.25 22.6875 22.875 22.8125 22.875 23 22.6875 22.25 22.0625 22 22 
22.375 22 22.125 22 22.0625 22.0625 22.0625 23 23 23 23 23 23 23 23 23 23 23 23 23 22.6875 22.5625 23 23 22.9375 23 23 22.75 23 23 23 23 23 23 23 23 23 22.75 22.75 23 22.8125 22.25 22.0625 22.1875 22 
22 22 22.0625 22 22 22.25 23 23 23 23 23 23 23 23 23 23 23 23 23 23 22.6875 22.6875 23 22.9375 22.9375 23 23 23 23 23 23 23 23 23 23 23 23 23 22.9375 23 22.5 22.75 23 22.875 22.125 
22 22 22 22 22.75 22.75 23 23 23 23 23 23 23 23 23 23 23 23 23 23 22.75 22.8125 22.9375 23 23 23 23 23 22.875 23 23 23 23 22.8125 22.75 23 23 23 23 23 22.375 22.9375 22.8125 22.875 22.9375 
22 22 22 22 22.375 22.9375 23 23 23 23 23 23 23 23 23 23 23 23 23 23 23 23 23 23 23 23 23 23 23 23 23 23 23 23 23 23 23 23 23 23 23 22.9375 23 22.9375 22.9375 
22 22 22 22 22.125 22.6875 23 23 23 23 23 23 23 23 23 23 23 23 23 23.125 23.0625 23 23.3125 23.1875 23 23 23 23 23 23 23 23 23 23 23 23 23 23 23.0625 23.4375 23.1875 23.1875 23.0625 23 23 
22 22 22 22 22.75 23 23 23 23 23 23.0625 23.5 23.0625 23 23 23 23 23 23 23 23.8125 23.375 24 23.5625 23 23 23 23 23 23 23 23 23 23.3125 23.1875 23 23 23 23 23.1875 23.0625 23.25 23.25 23.0625 23.0625 
22.25 22.125 22.5 22.9375 23 23 23 23 23 23 23 23.625 23.4375 23 23 23 23 23 23 23 23.5 24 24 23.6875 23.1875 23 23 22.9375 22.9375 23 23 23 23 23 23.125 23.1875 23 23 23 23 22.75 22.875 23 23.125 23.0625 
22.1875 22.25 22.8125 23 23 23 23 23 23 23 23 23.0625 23.6875 23.0625 23 23 23 23 23 23 23 23.3125 23.875 24 23.6875 23.0625 22.9375 22.375 22.625 23 23 23 23 23 23 23 23.0625 23.0625 23 23 22.625 23 23 23.0625 23.3125 
23 23 23 23 23 23 23 23 23 23 23 23.0625 23.5625 23.1875 23 23 23 23 23 23 23 23 23.0625 23.375 23.4375 23 23 23 23 23 23.125 23.625 23.0625 23 23 23 23 23 23 23.0625 23 23 23 23.75 24 
23 23 23 23 23 23 23 23 23 23 23 23 23 23.125 23.125 23 23 23 23 23 23 23 23 23 23 23 23 23 23 23 23 23.5 23.5 23 23 23 23 23 23 23 23 23.125 23.625 24 23.875 
23 23 23 23 23 23 23 23 23 23 23 23 23 23 23 23 23 23 23 23 23 23 23 23 23 23 23.0625 23 23 23.0625 23.25 23.625 23.6875 23 23 23 23 23 23 23 23.25 23.9375 24 23.875 23.125 
23 23 23 23 23 23 23 23 23 23 23 23 23 23 23.1875 23.25 23 23 23 23 23 23 23 23 23 23 23 23 23 23 23.25 23.9375 23.375 23.5 23.375 23.8125 23.8125 23.3125 23.1875 23.75 24 24 23.5625 23.25 23 
23 23 23 23 23 23 23 23 23 23 23 23 23 23 23.0625 23.6875 23.5 23.0625 23 23 23 23 23 23 23 23 23 23 23 23 23 23.1875 23.75 24 24 24 24 24 24 24 24 23.625 23.125 23 23 
23 23 23 23 23 23 23 23 23 23 23 23 23 23 23 23.0625 23.75 23.6875 23 23 23 23 23 23 23 23 23 23 23 23 23 23 23.3125 24 24 24 24 24 24 24 23.8125 23 23 23 23 
23 23 23 23 23 23 23 23 23 23 23 23 23 23 23 23 23.1875 23.9375 23.25 23 23.0625 23 23 23 23 23 23 23 23 23 23.3125 24 23.9375 23.6875 24 23.8125 23.125 23.25 23.6875 23.1875 23.5625 23 23 23 23 
23 23 23 23 23 23 23 23 23 23 23 23.0625 23.1875 23 23 23.125 23 23.375 24 23.625 23.875 23.625 23.8125 23.5 23.3125 23.1875 23 23.0625 23 23 23.75 24 23.875 23.75 24 23.625 23 23.3125 23.25 23.0625 23 23 23 23 23 
23 23 23 23 23 23 23 23 23 23 23 23 23 23.0625 23.1875 23.4375 23.6875 23.25 23.6875 23.75 23.8125 24 24 24 23.875 24 23.875 23.5 23.25 23.8125 24 23.8125 23 23.6875 23.6875 23 23 23.125 23 23 23 23 23 23 23 
23 23 23 23 23.0625 23 23 23 23 23 23 23 23 23.0625 23.8125 23.6875 23.5625 23.875 23.5625 23.875 23.75 23.5 23.4375 23 23 23.3125 23.75 23.6875 23.5625 23.5625 23.4375 23.0625 23.0625 23.8125 23.625 23.0625 23 23 23 23 23 23 23 23 22.75 
23 23.3125 23.125 23 23.0625 23.0625 23 23 23 23 23.0625 23.125 23 23 23 23 23 23.25 23.125 23.1875 23.625 23.5 23 23 23.3125 23.375 23.3125 23.0625 23.1875 23 23 23 23 23.0625 23.0625 23.25 23 23 23 23 23 23 23 22.8125 22 
23 23 23 23 23 23.0625 23 23 23 23 23.0625 23.0625 23.125 23 23 23 23 23 23 23.125 23.0625 23.125 23.125 23.375 23.25 23 23.3125 23.0625 23 23 23 23 23 23 23 23.1875 23.125 23 23 23 23 23 22.6875 22.125 22 
23 23 23 23 23 23 23 23 23 23 23 23 23 23 23 23 23 23 23 23 23 23 23 23.0625 23 23 23.125 23 23 23 23 22.9375 23 23 23 23 23 23 23 23 22.625 22.4375 22 22 22 
23 23 23 23 23 23 23 23 23 23 23.125 23 23 23 23 23 23 23 23 23 23 23 23 23 23 23 23 23 23 23 23 22.875 23 23 23 23 23 23 23 23 22.125 22 22 22 22 
22.9375 23 23 23 23 23 23 23 23 23.375 23.1875 23 23 23 23 23 23 23 23 23.0625 23 23 23 23 23 23 23 23 23 22.5625 22.125 22.25 22.8125 23 23 23 23 23 23 22.875 22 22 22 22 22 
22.625 22.8125 23 23 23 23 23 23 23.0625 23 23 23 23 23 23 23 23 23 23 23 23 23 23 23 23 23 23 23 23 23 23 23 23 23 23 23 23 23 23 22.4375 22 22 22 22.25 22 
22.0625 22.5625 22.1875 22.0625 23 23 23 23 23 23 23 23 23 23 23 23 23 23 23 23 23 23 23 23 23 23 23 23 23 23 23 23 23 23 23 23 23 22.8125 22.375 22.125 22 22 22.0625 22.3125 22 
22 22 22 22.3125 23 23 23 23 23 23 23 23 23 23 23 23 23 23 23 23 23 23 23 23 23 23 23 23 23 23 23 23 23 23 23 23 22.875 22.0625 22 22 22.25 22.5 22.3125 22 21.625 
22 22 22.1875 22.875 23 23 23 23 23 23 23 23 23 23 23 23 23 23 23 23 23 23 23 23 23 23 23 23 22.9375 23 23 23 23 22.875 22.4375 22.6875 22.8125 22 22 22 22.0625 22 22 21.9375 21.8125 
22 22 22.5625 23 22.875 22.9375 23 23 23 23 23 23 23 23 23 23 23 23 23 22.625 22.9375 23 23 23 23 23 23 22.875 22.625 23 23 23 23 22.5 22 22.4375 22.625 22 22 22.125 22.125 22 22 22 22 
22 22.1875 23 22.875 22.125 22.8125 22.375 22.9375 23 23 23 23 23 23 23 23 23 22.9375 22.8125 22 22.125 22.6875 23 23 22.9375 22.75 22.75 22.0625 22.4375 22.9375 23 22.875 22.6875 22.5625 22 22.0625 22.0625 22 22.0625 22.375 22 22 22 21.875 21.9375 
22 22.25 22.875 22.3125 22 22.4375 22 22.1875 22.875 23 22.9375 23 23 23 23 23 22.875 22.5 22.4375 22 22 22 22.5625 22.8125 22.6875 22.125 22 22 22.125 22 22.0625 22.125 22.125 22.1875 22 22 22 22 22.3125 22.125 22 21.9375 21.875 21.9375 21.9375 
22 22 22 22 22 22 22 22 22.0625 22.8125 23 23 23 23 23 23 22.4375 22 22.125 22.0625 22 22 22.0625 22.1875 22 22 22 22 22 22 22 22 22 22 22 22 22 22.1875 22.25 22 22 21.8125 21.25 21.625 21.5 
22 22 22 22 22 22 22 22 22 22.375 22.875 23 23 23 23 22.4375 22.0625 22 22 22.1875 22 22 22 22 22 22 22 22 22 22 22 22 22 22 22 22 22.3125 22.0625 22 22 22 21.875 21.5 21.0625 21 
22 22 22 22 22 22 22 22 22 22 22.5 22.9375 22.625 22.5625 22.3125 22 22 22 22 22 22 22 22 22 22 22 22 22 22 22 22 22 22 22 22 22.3125 22 22 22 22 21.875 21.5625 21 21 21 
22 22 22 22 22 22 22 22 22 22 22.3125 22 22 22 22 22 22 22 22 22 22 22 22 22 22 22 22 22 22 22 22 22 22 22 22 22.125 22 21.9375 21.5 21.4375 21.5 21.3125 21 21 20.9375 
22 22 22 22 22 22 22 22 22 22 22 22 22 22 22 22 22 22 22 22 22 22 22 22 22 22 22 22 22 21.6875 22 22 22 22 22.125 22 22 21.9375 21.0625 21 21.0625 21 21 21 21 
22 22 22 22 22 22 22 22 22 22 22 22 22 22 22 22 22 22 22 21.9375 22 22 21.8125 21.4375 21.75 22 22 21.8125 21.4375 21.5 21.8125 22 22 22 22 22 22 21.125 21 21 21 20.9375 20.8125 20.9375 20.4375 
21.5625 21.9375 22 22 22 22 22 22 22 22 22 22 22 22 22 22 22 22 22 21.25 21.4375 21.0625 21.1875 21.25 21.125 21.1875 21.9375 21.5 21.25 21.875 21.8125 21.5 21.3125 21.6875 21.3125 21.25 21.4375 21 21 21 21 20.3125 20.0625 20.8125 20.9375 
21 21.4375 21.1875 21.625 22 22 22 22 22 22 22 21.9375 21.3125 21.1875 21.6875 21.6875 22 22 21.875 21 21 21 21 21 21 21 21.375 21.4375 21.0625 21.0625 21.25 20.9375 21 20.9375 21 21 21 21 20.9375 20.9375 20.8125 20.1875 20 20.375 20.4375 
21 21 21.0625 21 21.4375 21.8125 21.4375 21.125 21 21.4375 21.4375 21.0625 21 21 21 21 21.125 21.625 21.0625 21 21 21 21 21 21 21 21.0625 21.0625 21 21 21.125 20.8125 20.375 20.3125 20.1875 20.8125 21 21 20.4375 20.6875 20.4375 20 20 20 20.0625 
21 21 21 21 21.1875 21 21 21 21 21 21 21 21 21 21 21 21.0625 21 21 21 21 21 21 21 21 21 21 21 21 21 21 21 21 20.25 20 20.0625 20.5625 20.6875 20.125 20.375 20 20 20 20 20 
21 21 21 21 21 21 21 21 21 21 21 21 21 21 21 21 21 21 21 20.875 20.9375 20.75 20.6875 21 20.875 21 21 21 21 20.875 21 21 20.9375 20.3125 20 19.25 20 20 20 20 20 20 20 20 20 
21 21 21 21 21 21 21 21 21 21 21 21 21 21 21 21 21 21 21 20.625 20.625 20.1875 20.8125 21 20.1875 20.1875 20.9375 21 20.9375 20.4375 20.625 20.8125 20.625 20.1875 20 19.625 19.75 20 20 20 20 20 20 20 20 
