data/historical-monthly-weather-data/wc2.1_cruts4.09_10m_prec_1971-05.asc
ncols        51
nrows        45
xllcorner    -63.500000000000
yllcorner    -7.500000000000
cellsize     0.166666666667
NODATA_value -9999
[rows 20 to 39 of 45, columns 0 to 43 of 51]
272.431243896484375 291.45623779296875 306.350006103515625 316.26251220703125 325.70623779296875 342.368743896484375 354.35626220703125 360.993743896484375 360.98126220703125 355.48126220703125 351.70623779296875 350.037506103515625 342.38751220703125 333.76251220703125 320.11248779296875 309.712493896484375 294.318756103515625 289.04998779296875 292.51251220703125 290.64373779296875 298.149993896484375 302.625 305.024993896484375 303.524993896484375 299.100006103515625 287.756256103515625 271.912506103515625 263.38751220703125 255.9375 249.318756103515625 246.149993896484375 246.618743896484375 241.1374969482421875 238.6750030517578125 241.3125 246.912506103515625 250.3562469482421875 250.274993896484375 245.28125 237.037506103515625 229.274993896484375 221.1999969482421875 217.28125 218.962493896484375
270.91876220703125 281 301.04376220703125 320.04998779296875 331.274993896484375 343.91876220703125 359.20623779296875 370.662506103515625 371.88751220703125 367.412506103515625 361.64373779296875 355.318756103515625 346.01873779296875 335.556243896484375 328.26251220703125 314.818756103515625 315.162506103515625 306.35626220703125 306.993743896484375 301.943756103515625 296.337493896484375 298.149993896484375 299.71875 292.600006103515625 281.78125 275.274993896484375 271.087493896484375 262.274993896484375 261.08123779296875 256.46875 248.6875 241.8937530517578125 240.743743896484375 241.337493896484375 239.1374969482421875 240.118743896484375 243.6125030517578125 243.524993896484375 238.587493896484375 231.475006103515625 225.6062469482421875 218.7375030517578125 214.5749969482421875 214.1437530517578125
269.65625 288.875 307.76873779296875 327.29376220703125 339.26873779296875 350.412506103515625 354.399993896484375 367.875 378.462493896484375 375.681243896484375 366.85626220703125 358.625 354.412506103515625 344.38751220703125 336.9375 327.26873779296875 321.493743896484375 315.20623779296875 311.01873779296875 306.23748779296875 302.725006103515625 295.068756103515625 292.506256103515625 283.556243896484375 277.76251220703125 269.21875 261.225006103515625 259.45623779296875 258.899993896484375 253.1437530517578125 244.068756103515625 240.875 242.662506103515625 241.712493896484375 240.993743896484375 234.5749969482421875 233.5500030517578125 235.631256103515625 235.5124969482421875 228.7937469482421875 221.524993896484375 215.90625 211.318756103515625 210.0124969482421875
265.21875 287.10626220703125 310.837493896484375 328.36248779296875 340.274993896484375 347.431243896484375 363.181243896484375 372.66876220703125 374.256256103515625 370 365.243743896484375 364.631256103515625 357.89373779296875 351.1875 340.774993896484375 331.25 324.8125 320.850006103515625 317.574981689453125 313.899993896484375 303.95623779296875 296.73126220703125 289.40625 284.556243896484375 274.48126220703125 261.09375 256.38751220703125 255.2624969482421875 256.51873779296875 256.3125 253.8937530517578125 251.899993896484375 253.4562530517578125 250.5187530517578125 247.100006103515625 236.3562469482421875 237.337493896484375 235.8312530517578125 232.600006103515625 226.787506103515625 218.756256103515625 214.881256103515625 211.3312530517578125 207.6875
266.662506103515625 289.41876220703125 311.23126220703125 334.48748779296875 350.17498779296875 358.61248779296875 363.16876220703125 372.118743896484375 371.65625 370.25 364.65625 360.068756103515625 358.13751220703125 350.46875 339.63751220703125 333.26873779296875 331.04998779296875 325.618743896484375 319.568756103515625 315.46875 309.006256103515625 298.29998779296875 292.45623779296875 284.32501220703125 273.01251220703125 266.850006103515625 261.693756103515625 261.11248779296875 261.131256103515625 265.20623779296875 264.10626220703125 268.087493896484375 267.743743896484375 263.0625 252.975006103515625 243.756256103515625 240.9875030517578125 233.6999969482421875 229.1374969482421875 223.5812530517578125 217.1687469482421875 211.881256103515625 208.443756103515625 202.7937469482421875
275.70001220703125 300.149993896484375 314.431243896484375 336.118743896484375 347.5 353.65625 356.631256103515625 363.318756103515625 358.712493896484375 353.225006103515625 357.625 356.875 350.118743896484375 344 341.48748779296875 335.600006103515625 333.625 328.181243896484375 321.70001220703125 315.600006103515625 309.243743896484375 298.850006103515625 292.73748779296875 280.92498779296875 273.399993896484375 266.274993896484375 267.662506103515625 266.975006103515625 266.131256103515625 270.95001220703125 275.92498779296875 287.1875 287.17498779296875 274.0625 260.350006103515625 251.2062530517578125 242.2375030517578125 234.787506103515625 224.712493896484375 218.3562469482421875 213.09375 206.318756103515625 200.6687469482421875 197.743743896484375
285.88751220703125 300.1875 316.79998779296875 332.212493896484375 340.943756103515625 346.08123779296875 347.40625 347.13751220703125 345.10626220703125 350.20001220703125 351.38751220703125 345.95623779296875 342.568756103515625 338.443756103515625 336.01251220703125 333.962493896484375 329.375 321.98126220703125 322.1875 315.25 305.743743896484375 297.5 291.306243896484375 284.46875 276.600006103515625 270.068756103515625 270.568756103515625 269.67498779296875 269.943756103515625 272.225006103515625 281.443756103515625 292.70001220703125 297.48126220703125 279.243743896484375 261.57501220703125 249.96875 243.4937591552734375 232.8125 222.7687530517578125 216.2624969482421875 209.8249969482421875 203.3937530517578125 198.056243896484375 192.868743896484375
298.58123779296875 307.287506103515625 318.20001220703125 325.11248779296875 332.48748779296875 337.975006103515625 339.850006103515625 336.21875 336.899993896484375 341 340.23126220703125 334.64373779296875 331.54998779296875 327.037506103515625 327.662506103515625 323.03125 323.068756103515625 322.662506103515625 322.837493896484375 317.8125 308.393768310546875 297.881256103515625 294.84375 286.23748779296875 279.11248779296875 270.725006103515625 271.36248779296875 270.0625 270.85626220703125 273.82501220703125 280.41876220703125 287.84375 287.625 273.45623779296875 261.006256103515625 249.431243896484375 239.5500030517578125 231.90625 223.9250030517578125 214.5437469482421875 206.399993896484375 202.100006103515625 197.1437530517578125 193.1750030517578125
305.20623779296875 312.21875 315.78125 319.337493896484375 322.83123779296875 320.76873779296875 319.64373779296875 322.95623779296875 329.10626220703125 328.53125 328.38751220703125 325.41876220703125 321.100006103515625 320.225006103515625 323.662506103515625 325.14373779296875 325.006256103515625 322.29998779296875 320.5625 316.95623779296875 308.587493896484375 298.13751220703125 292.84375 284.125 276.556243896484375 266.01251220703125 266.787506103515625 267.899993896484375 268.13751220703125 269.07501220703125 273.631256103515625 275.381256103515625 271.981231689453125 262.381256103515625 255.4312591552734375 245.337493896484375 236.9499969482421875 227.5749969482421875 219.881256103515625 210.7375030517578125 199.7312469482421875 193.7062530517578125 193.1125030517578125 193.931243896484375
306.57501220703125 309.131256103515625 306.64373779296875 302.71875 302.20001220703125 304.631256103515625 304.64373779296875 311.024993896484375 314.125 311.806243896484375 313.600006103515625 312.60626220703125 310.73748779296875 311.86248779296875 315.412506103515625 317.662506103515625 317.70623779296875 320.46875 317.262481689453125 310.5625 303.20623779296875 296.181243896484375 290.118743896484375 279.95623779296875 269.03125 264.36248779296875 260.91876220703125 257.33123779296875 256.9375 258.100006103515625 261.462493896484375 260.506256103515625 257.149993896484375 251.931243896484375 246.868743896484375 236.59375 233.368743896484375 225.5500030517578125 216.9250030517578125 212.662506103515625 205.462493896484375 198.4375 193.556243896484375 190.53125
306.29998779296875 303.787506103515625 296.212493896484375 292.556243896484375 291.34375 292.149993896484375 295.53125 297.36248779296875 300.01251220703125 300.66876220703125 302.056243896484375 299.975006103515625 303.056243896484375 300.60626220703125 304.39373779296875 309.431243896484375 312.056243896484375 311.98126220703125 311.26873779296875 308.381256103515625 297.67498779296875 289.10626220703125 283.54376220703125 271.08123779296875 260.76873779296875 258.42498779296875 253.21875 247.600006103515625 246.600006103515625 246.006256103515625 249.1687469482421875 245.850006103515625 242.6875 239.5187530517578125 235.0500030517578125 225.71875 222.9437408447265625 219.75 215.6875 210.381256103515625 207.556243896484375 200.1875 194.5124969482421875 188.381256103515625
298.16876220703125 292.306243896484375 284.912506103515625 281.475006103515625 281.26873779296875 279.51873779296875 285.70623779296875 283.368743896484375 284.95001220703125 284.86248779296875 286.0625 283.73748779296875 286.48748779296875 289.33123779296875 292.524993896484375 298.774993896484375 297.48126220703125 297.04376220703125 297.01873779296875 295.756256103515625 285.11248779296875 278.07501220703125 271.975006103515625 262.23748779296875 256.79998779296875 250.5124969482421875 245.1750030517578125 237.8562469482421875 232.8937530517578125 233.243743896484375 231.4250030517578125 229.850006103515625 226.4187469482421875 224.03125 222.0749969482421875 215.34375 212.1812591552734375 210.837493896484375 207.225006103515625 207.5625 205.306243896484375 199.993743896484375 195.4562530517578125 192.875
282.79998779296875 278.58123779296875 271.64373779296875 270.14373779296875 266.82501220703125 264.681243896484375 267.70623779296875 266.90625 268.17498779296875 270.5 276.524993896484375 275.09375 276.95623779296875 281.20623779296875 282.225006103515625 282.868743896484375 281.45623779296875 284.412506103515625 281.10626220703125 279.462493896484375 269.20001220703125 264.29376220703125 257.1875 251.125 245.6750030517578125 240.868743896484375 233.6125030517578125 227.09375 219.9375 218.2062530517578125 217.09375 214.3000030517578125 209.725006103515625 210.818756103515625 208.443756103515625 206.2375030517578125 201.2624969482421875 200.4562530517578125 197.9250030517578125 201.100006103515625 199.2624969482421875 197.4250030517578125 194.7062530517578125 194.556243896484375
267.76873779296875 262.64373779296875 260.193756103515625 258.23748779296875 257.21875 253.09375 252.3499908447265625 249.9562530517578125 250.125 252.3937530517578125 257.38751220703125 262.006256103515625 262.98748779296875 264.4375 267.118743896484375 269.61248779296875 269 269.743743896484375 264.306243896484375 260.13751220703125 254.6875 250.6999969482421875 244.475006103515625 237.100006103515625 232.9812469482421875 227.399993896484375 219.625 212.4499969482421875 207.537506103515625 204.9499969482421875 203.0812530517578125 199.90625 196.8249969482421875 195.1062469482421875 194.5500030517578125 192.212493896484375 190.274993896484375 186.8874969482421875 188.125 190.0124969482421875 189.0187530517578125 190.7624969482421875 192.493743896484375 193.6875
251.1062469482421875 246.96875 246.4250030517578125 246.912506103515625 246.556243896484375 242.0437469482421875 236.15625 233.8562469482421875 230 232.993743896484375 240 245.806243896484375 252.2312469482421875 256.993743896484375 257.65625 257.412506103515625 254.8312530517578125 254.806243896484375 249.681243896484375 242.625 237.943756103515625 232.5124969482421875 228.9375 222.3874969482421875 218.0812530517578125 213.381256103515625 208.649993896484375 202.681243896484375 197.1750030517578125 194.8249969482421875 190.993743896484375 187.256256103515625 182.4250030517578125 181.46875 176.1374969482421875 175.6875 172.7312469482421875 175.5749969482421875 177.006256103515625 177.868743896484375 178.100006103515625 178.4812469482421875 181.0187530517578125 184.9000091552734375
237.2312469482421875 235.649993896484375 233.181243896484375 232.431243896484375 230.774993896484375 226.181243896484375 219.4499969482421875 217.3125 213.881256103515625 212.7624969482421875 217.6999969482421875 229.337493896484375 240.1437530517578125 244.09375 245.837493896484375 243.78125 240.2375030517578125 236.506256103515625 233.8562469482421875 226.7937469482421875 222.7375030517578125 218.006256103515625 214.024993896484375 209.225006103515625 204.537506103515625 199.6999969482421875 197.9187469482421875 193.2687530517578125 186.1687469482421875 182.96875 179.756256103515625 175.7062530517578125 170.625 165.8312530517578125 162.1125030517578125 160.818756103515625 164 162.9562530517578125 164.693756103515625 168.59375 168.412506103515625 171.350006103515625 172.40625 175.837493896484375
225.087493896484375 225.3625030517578125 222.6437530517578125 221.3937530517578125 220.5437469482421875 214.212493896484375 208.443756103515625 202.8249969482421875 197.90625 191.1062469482421875 203.212493896484375 224.5124969482421875 233.375 235.1999969482421875 234.431243896484375 231.0500030517578125 224.8874969482421875 220.1374969482421875 217.09375 209.162506103515625 206.537506103515625 202.8562469482421875 197.881256103515625 193.8312530517578125 190.3562469482421875 188.399993896484375 185.5124969482421875 181.1062469482421875 175.2062530517578125 172.6437530517578125 170.1687469482421875 167 161.1750030517578125 154.181243896484375 151.037506103515625 152.1062469482421875 153.6875 154.8249969482421875 155.412506103515625 156.96875 157.056243896484375 157.899993896484375 162.875 166.9875030517578125
215.0187530517578125 215.0187530517578125 214.6374969482421875 212.4875030517578125 212.71875 207.681243896484375 202.1624908447265625 195.3562469482421875 190.3687591552734375 183.40625 207.0187530517578125 228 230.96875 230.625 226.4375 220.7624969482421875 212.931243896484375 208.6062469482421875 202.774993896484375 196.9562530517578125 191.4375 188.0812530517578125 183.943756103515625 180.40625 177.40625 175.4250030517578125 171.350006103515625 171.4375 167.7624969482421875 163.631256103515625 159.7624969482421875 156.7624969482421875 152.2937469482421875 144.6125030517578125 139.09375 140.662506103515625 144.0749969482421875 144.975006103515625 148.1374969482421875 147.912506103515625 148.53125 149.9187469482421875 149.9812469482421875 151.25
207.3312530517578125 206.9375 206.0812530517578125 205.243743896484375 202.256256103515625 198.78125 196.649993896484375 195.5437469482421875 197.8312530517578125 209.100006103515625 235.84375 237.056243896484375 229.3125 225.6437530517578125 220.0124969482421875 213.3874969482421875 206.2062530517578125 200.556243896484375 194.725006103515625 187.1687469482421875 179.6875 173.899993896484375 171.149993896484375 169.618743896484375 165.8312530517578125 163.7937469482421875 163.068756103515625 163.4875030517578125 159.306243896484375 157.34375 152.15625 145.868743896484375 143.118743896484375 139.506256103515625 137.975006103515625 138.21875 138.9562530517578125 141.7624969482421875 141.0500030517578125 138.993743896484375 141.2624969482421875 141.943756103515625 140.618743896484375 142.962493896484375
203.59375 201.850006103515625 201.8625030517578125 200.4375 198.7624969482421875 195.8249969482421875 192.993743896484375 197.84375 203.9187469482421875 214.399993896484375 224.75 228.4812469482421875 222.125 216.6437530517578125 213.3249969482421875 205.118743896484375 196.9250030517578125 190.3625030517578125 183.09375 176.693756103515625 167.9375 162.5812530517578125 157.25 155.8125 154.4375 153.962493896484375 153.131256103515625 153.337493896484375 150.787506103515625 148.90625 146.1750030517578125 143.8312530517578125 140.962493896484375 139 137.743743896484375 136.8125 136.40625 138.337493896484375 137.0124969482421875 132.4375 132.78125 133.2062530517578125 130.7062530517578125 130.28125
