data/historical-monthly-weather-data/wc2.1_cruts4.09_10m_prec_1969-07.asc
ncols        45
nrows        45
xllcorner    -63.500000000000
yllcorner    -7.500000000000
cellsize     0.166666666667
NODATA_value -9999
[rows 19 to 37 of 45, columns 0 to 42 of 45]
94.34999847412109375 96.84375 97.71875 98.53749847412109375 98.63124847412109375 101.06874847412109375 98.4499969482421875 98 97.46875 94.1687469482421875 91.5749969482421875 91.2687530517578125 88.16249847412109375 84.99375152587890625 79.3562469482421875 72.75624847412109375 68.9375 75.06874847412109375 71.46250152587890625 70.5500030517578125 69.0500030517578125 76.3937530517578125 87.21250152587890625 92.59375 93.59375 89.36875152587890625 86.8937530517578125 88.05625152587890625 85.85625457763671875 83.4187469482421875 86.40625 95.03749847412109375 97.7624969482421875 100.0187530517578125 103.7312469482421875 110.60625457763671875 114.34375 115.5625 115.49375152587890625 110.52500152587890625 100.80625152587890625 92.9187469482421875 90.5625
82.3312530517578125 89.3874969482421875 94.03125 93.05625152587890625 91.6687469482421875 93.8625030517578125 93.05625152587890625 93.13124847412109375 91.9375 90.03125 86.75 86.47499847412109375 84.8125 81.09999847412109375 75.93125152587890625 71.02500152587890625 68.50624847412109375 69.2312469482421875 71.58750152587890625 68.46875 74.34375 81.36875152587890625 89.5812530517578125 95.8125 96.22499847412109375 90.6875 83.16249847412109375 83.2062530517578125 84.24375152587890625 84.0749969482421875 88.8000030517578125 93.6875 92.25 94.96875 98.5437469482421875 103.3874969482421875 107.09375 106.1125030517578125 103.56874847412109375 98.75 92.8562469482421875 89.0187530517578125 84.9187469482421875
76.8937530517578125 78.6062469482421875 84.125 86.33750152587890625 87.15000152587890625 85.8562469482421875 85.78125 85.99375152587890625 86.0749969482421875 84.72499847412109375 83.47499847412109375 80.7937469482421875 78.46250152587890625 78.6687469482421875 76.9812469482421875 72.40000152587890625 72.1125030517578125 71.4812469482421875 72.46250152587890625 72.52500152587890625 74.27500152587890625 80.44374847412109375 88.18125152587890625 89.4250030517578125 87.40000152587890625 84.02500152587890625 84.33750152587890625 81.03125 84.4875030517578125 87.50624847412109375 88.43125152587890625 88.9875030517578125 88.1062469482421875 88.8312530517578125 89.3937530517578125 94.8249969482421875 97.9375 97.625 95.74375152587890625 92.38124847412109375 88.0500030517578125 85.2312469482421875 82.27500152587890625
71.5625 76.5187530517578125 80.06874847412109375 81.13124847412109375 81.3125 81.33750152587890625 77.40625 77.63124847412109375 79.0812530517578125 81.5124969482421875 81.6437530517578125 79.34375 79.1374969482421875 78.16249847412109375 78.18125152587890625 76.7687530517578125 73.50624847412109375 71.40000152587890625 71.41249847412109375 73.36875152587890625 79.0749969482421875 82.09999847412109375 86.21250152587890625 86.58750152587890625 87.2624969482421875 82.68125152587890625 79.6062469482421875 79.96250152587890625 80.2624969482421875 81.0749969482421875 81.8562469482421875 83.5124969482421875 81.86875152587890625 80.1437530517578125 81.5812530517578125 83.33750152587890625 87.33750152587890625 86.41249847412109375 87.22499847412109375 86.46875 83.7375030517578125 79.77500152587890625 77.4812469482421875
64.34375 70.74375152587890625 75.96875 76.38124847412109375 76.3937530517578125 75.06874847412109375 75.5500030517578125 74.59999847412109375 74.0124969482421875 73.91249847412109375 75.1374969482421875 78.41249847412109375 78.63124847412109375 79.28125 77.3000030517578125 75.9812469482421875 72.43125152587890625 73.16249847412109375 72.88124847412109375 76.3000030517578125 78.9250030517578125 84.33750152587890625 87.4812469482421875 89.9875030517578125 89.16249847412109375 83.52500152587890625 81.96875 77.38124847412109375 75.7624969482421875 75.7375030517578125 76.50624847412109375 77.0187530517578125 73.8562469482421875 70.78749847412109375 73.4875030517578125 73.2375030517578125 77.2624969482421875 79.1875 80.1875 79.4187469482421875 78.19374847412109375 75.25 73.83750152587890625
59.46875 66.0812530517578125 71.94374847412109375 73.0749969482421875 73.4375 71.3000030517578125 71.34999847412109375 70.8874969482421875 70.58750152587890625 72.30625152587890625 73.8000030517578125 73.21875 76.71875 77.16249847412109375 75.0124969482421875 72.3000030517578125 71.00624847412109375 72.7624969482421875 74.1875 76.46875 80.4250030517578125 84.3937530517578125 91.00624847412109375 90.6875 86.69374847412109375 85.3125 78.86875152587890625 74.09375 70.6437530517578125 70.19374847412109375 67.66249847412109375 66.0187530517578125 65.3562469482421875 63.30625152587890625 62.893749237060546875 64.84375 68.93125152587890625 70.06874847412109375 72.22499847412109375 72.9812469482421875 71.5 70.63124847412109375 70.11875152587890625
58.049999237060546875 64.0124969482421875 66.06874847412109375 68.08750152587890625 68.2687530517578125 67.27500152587890625 67.2375030517578125 66.75624847412109375 66.02500152587890625 65.2375030517578125 69.90000152587890625 71.3312530517578125 71.5500030517578125 72.93125152587890625 72.1374969482421875 70.8312530517578125 69.30625152587890625 71.2062530517578125 73.66249847412109375 75.34999847412109375 81.30625152587890625 85.84375 91.6875 91.2062530517578125 86.24375152587890625 81.5812530517578125 76.5500030517578125 70.3312530517578125 64.9499969482421875 62.18125152587890625 59.481250762939453125 56.81874847412109375 54.981250762939453125 54.331249237060546875 55.72499847412109375 57.887500762939453125 61.049999237060546875 63.487499237060546875 65.46250152587890625 66.56874847412109375 67.56874847412109375 65.8125 65.0124969482421875
53.53125 56.33750152587890625 59.762500762939453125 62.13124847412109375 62.456249237060546875 62.6875 63.424999237060546875 62.94374847412109375 61.41249847412109375 64.4250030517578125 67.96250152587890625 69.625 70.6750030517578125 70.58750152587890625 69.36875152587890625 69.9875030517578125 68.90625 69.4187469482421875 72.4187469482421875 75.34375 78.72499847412109375 83.46250152587890625 89.97499847412109375 91.3625030517578125 84.40625 76.75624847412109375 71.31874847412109375 66.05625152587890625 61.081249237060546875 55.94374847412109375 53.77500152587890625 49.28749847412109375 46.956249237060546875 48.71250152587890625 49.075000762939453125 51.862499237060546875 52.97499847412109375 55.143749237060546875 57.6875 59.86875152587890625 62.31874847412109375 61.950000762939453125 60.8125
49.393749237060546875 49.456249237060546875 52.356250762939453125 55.74375152587890625 56.59999847412109375 57.58750152587890625 58.66249847412109375 58.543750762939453125 59.24375152587890625 61.61875152587890625 64.1374969482421875 65.16249847412109375 66.81874847412109375 67.65625 66.41249847412109375 66.2375030517578125 66.21875 67.54375457763671875 68.4375 71.9499969482421875 77.21875 80.61875152587890625 83.13124847412109375 83.83750152587890625 79.49375152587890625 72.74375152587890625 67.19374847412109375 61.987499237060546875 57.049999237060546875 53.40625 50.08750152587890625 46.950000762939453125 44.549999237060546875 43.47499847412109375 43.793750762939453125 45.71250152587890625 46.46875 48.4375 51.356250762939453125 54.918750762939453125 57.262500762939453125 59.350002288818359375 57.44374847412109375
44.90625 44.4375 47.52500152587890625 48.487499237060546875 50.36875152587890625 50.918750762939453125 51.96250152587890625 53.65625 54.774997711181640625 57.831249237060546875 60.03125 61.41249847412109375 63.5625 65.52500152587890625 64.80625152587890625 64.4375 65.3000030517578125 64.7375030517578125 66.46875 69.55625152587890625 73.16249847412109375 76.02500152587890625 78.9499969482421875 77.46250152587890625 73.65000152587890625 68.1875 62.97499847412109375 58.02500152587890625 54.862499237060546875 51.362499237060546875 47.47499847412109375 44.625 41.668750762939453125 39.71875 39.31874847412109375 40.56874847412109375 41.21250152587890625 42.65000152587890625 45.206249237060546875 47.28749847412109375 50.81874847412109375 51.63124847412109375 51.793750762939453125
40.75624847412109375 41.09999847412109375 43 43.90000152587890625 44.549999237060546875 45.987499237060546875 46.950000762939453125 49.862499237060546875 52.19374847412109375 54.34999847412109375 56.737499237060546875 59.5625 61.762500762939453125 62.75 62.487499237060546875 62.40000152587890625 62.168750762939453125 62.987499237060546875 63.52500152587890625 65.3000030517578125 69.125 71.3000030517578125 73.8562469482421875 70.875 67.8000030517578125 63.58750152587890625 58.53125 54.4375 51.53125 47.94374847412109375 44.737499237060546875 41.606250762939453125 38.50624847412109375 36.56874847412109375 35.25 35.49375152587890625 36.75624847412109375 36.831249237060546875 37.6875 39.46875 42.575000762939453125 43.84375 44.1875
37.75624847412109375 37.40625 37.40625 39.36875152587890625 40.700000762939453125 42.71875 44.02500152587890625 46.15000152587890625 48.72499847412109375 51.33750152587890625 54.299999237060546875 56.5625 60.299999237060546875 60.16249847412109375 59.5 60.06874847412109375 61.53125 60.21875 59.28749847412109375 62.206249237060546875 65.83750152587890625 67.6750030517578125 68.88124847412109375 64.91249847412109375 61.24375152587890625 59.41249847412109375 54.99375152587890625 50.33750152587890625 46.61875152587890625 44.15625 41.424999237060546875 39.106250762939453125 36.34999847412109375 34.362499237060546875 32.55625152587890625 31.618749618530273438 31.606250762939453125 32.06874847412109375 31.78125 31.806249618530273438 33.52500152587890625 35.65625 36.25
34.90625 32.84999847412109375 32.75 33.75624847412109375 35.581249237060546875 38.206249237060546875 40.74375152587890625 42.737499237060546875 45.825000762939453125 47.83750152587890625 51.112499237060546875 54.700000762939453125 57.0625 59.418750762939453125 59.299999237060546875 59.40000152587890625 59.700000762939453125 58.30625152587890625 56.643749237060546875 59.356250762939453125 60.981250762939453125 62.90625 63.075000762939453125 59.362499237060546875 57.206249237060546875 54.09375 50.44374847412109375 47.299999237060546875 42.96875 40.793750762939453125 39.012500762939453125 36.68125152587890625 33.68125152587890625 31.556249618530273438 29.875 28.268749237060546875 27.893749237060546875 26.331249237060546875 26.006250381469726562 26.59375 27.600000381469726562 28.5 28.962499618530273438
32.25 30.012500762939453125 29.387500762939453125 29.912500381469726562 31.4375 33.71875 36.418750762939453125 38.737499237060546875 40.81874847412109375 44.63124847412109375 49 51.4375 54.643749237060546875 58.200000762939453125 58.768749237060546875 57.75624847412109375 56.6875 57.27500152587890625 56.799999237060546875 58.418750762939453125 58.981250762939453125 58.99375152587890625 57.97499847412109375 55.481250762939453125 54.00624847412109375 50.77500152587890625 48.143749237060546875 44.387500762939453125 41.34999847412109375 38.518749237060546875 36.393749237060546875 33.831249237060546875 30.493749618530273438 28.456249237060546875 27.09375 25.981250762939453125 24.118749618530273438 22.456249237060546875 22.024999618530273438 22.768749237060546875 23.1875 23.881250381469726562 23.362499237060546875
29.774999618530273438 27.787500381469726562 27.5625 27.918750762939453125 28.450000762939453125 29.575000762939453125 31.71875 33.15625 36.768749237060546875 39.80625152587890625 44.293750762939453125 48.40000152587890625 52.65000152587890625 55.49375152587890625 56.1875 55.018749237060546875 54.97499847412109375 54.99375152587890625 54.55625152587890625 55.33750152587890625 56.30625152587890625 54.856250762939453125 54.84375 52.83750152587890625 50.049999237060546875 46.96250152587890625 44.512500762939453125 42.06874847412109375 39.168750762939453125 36.575000762939453125 34.24375152587890625 31.368749618530273438 28.112499237060546875 26.306249618530273438 24.612499237060546875 22.9375 20.674999237060546875 19.212499618530273438 19.0625 19.024999618530273438 19.181249618530273438 19.787500381469726562 19.962499618530273438
27.918750762939453125 25.375 25.737499237060546875 25.71875 26.34375 27.274999618530273438 28.34375 29.543750762939453125 31.743749618530273438 34.950000762939453125 39.825000762939453125 45.325000762939453125 51.61875152587890625 55.575000762939453125 54.90000152587890625 54.03749847412109375 53.543750762939453125 52.93125152587890625 53.19374847412109375 52.700000762939453125 53.16249847412109375 53.137500762939453125 52.137500762939453125 49.91249847412109375 47.143749237060546875 44.03125 41.84999847412109375 39.61875152587890625 36.887500762939453125 32.74375152587890625 30.512500762939453125 28.84375 26.193750381469726562 24.09375 21.762500762939453125 20.037500381469726562 18.318750381469726562 17.168750762939453125 16.481250762939453125 15.818750381469726562 15.4375 15.362500190734863281 16.012500762939453125
26.612499237060546875 24.831249237060546875 25.375 24.856250762939453125 25.162500381469726562 25.631250381469726562 26.506250381469726562 27.306249618530273438 28.962499618530273438 31.143749237060546875 35.362499237060546875 41.456249237060546875 48.94374847412109375 51.762500762939453125 52.69374847412109375 52.4375 52.481250762939453125 51.27500152587890625 50.21250152587890625 49.893749237060546875 48.08750152587890625 49.081249237060546875 47.549999237060546875 45.293750762939453125 42.27500152587890625 41.125 39.27500152587890625 37.36875152587890625 34.83750152587890625 31.037500381469726562 28.649999618530273438 27.112499237060546875 24.4375 22.450000762939453125 20.274999618530273438 18.325000762939453125 16.931249618530273438 15.65625 15.287500381469726562 14.581250190734863281 13.712499618530273438 13.643750190734863281 13.375
25.143749237060546875 24.21875 24.431249618530273438 23.793750762939453125 23.962499618530273438 24.731250762939453125 25.262500762939453125 25.681249618530273438 26.543750762939453125 27.225000381469726562 31.299999237060546875 37.80625152587890625 44.06874847412109375 47.3125 49.387500762939453125 50.06874847412109375 49.950000762939453125 48.200000762939453125 46.91249847412109375 46.58750152587890625 44.53749847412109375 43.668750762939453125 42.56874847412109375 41.41249847412109375 38.91249847412109375 37.63124847412109375 36.262500762939453125 34.38124847412109375 32.27500152587890625 29.65625 27.012500762939453125 24.774999618530273438 22.237499237060546875 20.418750762939453125 18.418750762939453125 16.475000381469726562 15.162500381469726562 14.543749809265136719 14.268750190734863281 13.350000381469726562 12.324999809265136719 12.037500381469726562 11.587499618530273438
23.081249237060546875 22.806249618530273438 22.512500762939453125 22.743749618530273438 22.9375 23.481250762939453125 23.962499618530273438 24.193750381469726562 24.962499618530273438 25.018749237060546875 30.618749618530273438 36.450000762939453125 40.700000762939453125 44.05625152587890625 46.63124847412109375 47.731250762939453125 46.52500152587890625 46.19374847412109375 44.15625 43.40625 42.03125 40.518749237060546875 38.59999847412109375 37.78125 36.40000152587890625 35.137500762939453125 33.65625 32.137500762939453125 30.40625 27.53125 24.037500381469726562 22.318750381469726562 20.068750381469726562 18.549999237060546875 16.362499237060546875 14.550000190734863281 14.03125 13.34375 12.981249809265136719 12.231249809265136719 11.306249618530273438 11.212499618530273438 10.568750381469726562
