data/historical-monthly-weather-data/wc2.1_cruts4.09_10m_prec_1973-06.asc
ncols        45
nrows        45
xllcorner    -63.500000000000
yllcorner    -7.500000000000
cellsize     0.166666666667
NODATA_value -9999
[rows 19 to 37 of 45, columns 0 to 43 of 45]
203.024993896484375 203.837493896484375 201.1875 196.0625 194.3125 195.8937530517578125 191.881256103515625 185.2062530517578125 184.1125030517578125 179.962493896484375 174 167.412506103515625 158.662506103515625 149.193756103515625 139.993743896484375 124.6062469482421875 114.4562530517578125 113.65000152587890625 105.28125 103.56874847412109375 92.46250152587890625 90.1750030517578125 93.6750030517578125 95.5625 93.125 91.4499969482421875 92.4250030517578125 99.3874969482421875 98.8000030517578125 97.59375 99.53125 112.21250152587890625 117.09999847412109375 119.21875 123.2687530517578125 134.8125 143.287506103515625 143.243743896484375 140.9562530517578125 136.0437469482421875 124.8312530517578125 111.6875 112.80625152587890625 114
186.3625030517578125 196.9250030517578125 199.8125 196.2062530517578125 188.375 186.381256103515625 186.7687530517578125 183.537506103515625 180.7687530517578125 175.381256103515625 171.693756103515625 164.875 156.125 144.5 133.0625 124.875 114.18125152587890625 108.81874847412109375 109.05625152587890625 104.53125 104.80625152587890625 102.9562530517578125 103.15625 107.15625 105.83750152587890625 100.53125 93.72499847412109375 94.96250152587890625 96.8249969482421875 100.58750152587890625 104.4499969482421875 112.72499847412109375 109.86875152587890625 110.5437469482421875 112.8000030517578125 122.99375152587890625 132.1999969482421875 135.21875 130.225006103515625 124.7375030517578125 118.1437530517578125 108.77500152587890625 108.0812530517578125 110.1999969482421875
181.9375 182.6374969482421875 189.368743896484375 191.84375 187.243743896484375 182.6437530517578125 181.3937530517578125 177.9812469482421875 174.787506103515625 173.4812469482421875 169.6062469482421875 160.4812469482421875 151.4499969482421875 145.0187530517578125 138.131256103515625 125.90625 126.08750152587890625 117.9812469482421875 118.0187530517578125 114.27500152587890625 108.21250152587890625 110.34999847412109375 110.625 108.2687530517578125 104.0812530517578125 99.5500030517578125 100.25 97.5437469482421875 102.1062469482421875 105.94374847412109375 105.9375 105.00624847412109375 104.4499969482421875 107.9562530517578125 108.0812530517578125 113.11875152587890625 120.03125 125.6750030517578125 124.2375030517578125 120.56874847412109375 114.375 108.65000152587890625 107.88124847412109375 110.65625
178.15625 189.34375 195.056243896484375 196.0749969482421875 191.6750030517578125 184.537506103515625 173.506256103515625 168.462493896484375 171.524993896484375 169.5812530517578125 165.225006103515625 161.443756103515625 159.5 155.40625 147.587493896484375 138.431243896484375 129.1750030517578125 122.4375 120.8125 120.15625 119.8937530517578125 115.8125 111.09375 109.34375 109.6125030517578125 104.6687469482421875 101.06874847412109375 100.49375152587890625 102.65000152587890625 100.96875 100.31874847412109375 101.61875152587890625 99.53749847412109375 98.8937530517578125 102.94374847412109375 104.22499847412109375 107.40000152587890625 113.1437530517578125 116.50624847412109375 116.18125152587890625 111.34999847412109375 107.93125152587890625 106.63124847412109375 106.90625
170.537506103515625 183.725006103515625 195.943756103515625 192.8562469482421875 186.6875 179.71875 177.287506103515625 171.506256103515625 166.462493896484375 160.7937469482421875 163.2687530517578125 166.3000030517578125 161.5124969482421875 160.1062469482421875 148.6125030517578125 140.3249969482421875 133.0124969482421875 130.787506103515625 127.8625030517578125 125.15625 123.6062469482421875 122.68125152587890625 116.7312469482421875 118.69374847412109375 114.0187530517578125 106.8562469482421875 107.24375152587890625 100.5437469482421875 98.24375152587890625 97.99375152587890625 96.7624969482421875 97.05625152587890625 96.3937530517578125 93.8312530517578125 96.21250152587890625 96.15625 100.5124969482421875 105.7312469482421875 107.52500152587890625 107.15000152587890625 105.03749847412109375 103.86875152587890625 103.5812530517578125 104.96875
160.962493896484375 176.84375 186.850006103515625 191.9562530517578125 189.131256103515625 182.056243896484375 176.7624969482421875 173.649993896484375 167.350006103515625 166.618743896484375 163.8249969482421875 162.274993896484375 162.712493896484375 155.4562530517578125 145.1687469482421875 138.1875 133.931243896484375 129.3937530517578125 128.4250030517578125 129.03125 127.40000152587890625 123.94374847412109375 124.13124847412109375 123.83750152587890625 115.08750152587890625 107.83750152587890625 104.15625 100.0500030517578125 96.3874969482421875 95.86875152587890625 91.5437469482421875 88.9875030517578125 88.0124969482421875 88.65000152587890625 89.4375 91.2062530517578125 94.16249847412109375 96.4250030517578125 100.1999969482421875 100.9812469482421875 99.99375152587890625 100.5500030517578125 101.99375152587890625 100.8000030517578125
158.399993896484375 177.34375 178.662506103515625 184.2062530517578125 181.318756103515625 176.787506103515625 170.5749969482421875 168.2624969482421875 158.600006103515625 153.443756103515625 156.5437469482421875 155.4562530517578125 155.3000030517578125 150.6125030517578125 144.4250030517578125 135.306243896484375 131.75 131.1374969482421875 130.850006103515625 127.69374847412109375 127.34375 125.78749847412109375 124.9499969482421875 122.66249847412109375 117.1437530517578125 107.94374847412109375 103.6750030517578125 99.4187469482421875 93.3000030517578125 91.03125 86.52500152587890625 83.46875 82.38124847412109375 82.0749969482421875 82.40625 86.16249847412109375 89.09375 89.6062469482421875 91.21875 94.5500030517578125 94.21250152587890625 89.97499847412109375 90.9875030517578125 93.52500152587890625
153.2937469482421875 161.5 169.09375 172.337493896484375 170.0625 167.149993896484375 162.375 153.181243896484375 147.5749969482421875 150.693756103515625 154.0749969482421875 152.350006103515625 148.8562469482421875 146.1999969482421875 142.2624969482421875 137.881256103515625 132.1125030517578125 127.1062469482421875 128.0187530517578125 125.3249969482421875 122.6374969482421875 122.0187530517578125 122.74375152587890625 125.0437469482421875 115.1750030517578125 106.6374969482421875 102.5625 96.6750030517578125 90.7687530517578125 87.15625 84.25 78.78749847412109375 76.84999847412109375 76.8000030517578125 77.43125152587890625 79.7312469482421875 83.7312469482421875 84.28749847412109375 84.5124969482421875 88.53125 90.31874847412109375 88.2687530517578125 86.2687530517578125 87.05625152587890625
149.3125 151.350006103515625 156.5124969482421875 155.7375030517578125 154.149993896484375 154.4187469482421875 151.9375 145.4375 142.75 145.931243896484375 146.28125 145.6687469482421875 141.712493896484375 137.90625 134.149993896484375 130.5625 126.02500152587890625 124.49375152587890625 120.875 120.875 120.03125 116.90000152587890625 119.375 117.68125152587890625 110.96875 102.55625152587890625 98.47499847412109375 92.78125 89.66249847412109375 87.1875 82.86875152587890625 78.75624847412109375 75.41875457763671875 72.19374847412109375 74.34375 76.05625152587890625 79.59999847412109375 79.6437530517578125 81.38124847412109375 84.2312469482421875 86.25 87.15625 81.60625457763671875 83.86875152587890625
141.399993896484375 146.868743896484375 143.8125 140.71875 141.3562469482421875 136.8625030517578125 136.6750030517578125 136.881256103515625 138.037506103515625 137.9749908447265625 139.100006103515625 137.475006103515625 135.837493896484375 132.993743896484375 129.5500030517578125 126.61875152587890625 124.3000030517578125 120.46250152587890625 119.53749847412109375 119.27500152587890625 115.5187530517578125 111.9250030517578125 110.6125030517578125 108.4562530517578125 103.625 96.1437530517578125 94.78125 92.2312469482421875 88.21250152587890625 83.4812469482421875 78.5500030517578125 75.6437530517578125 71.97499847412109375 71.02500152587890625 70.5500030517578125 71.71250152587890625 75.9250030517578125 74.4875030517578125 76.43125152587890625 78.02500152587890625 78.6062469482421875 78.08750152587890625 77.28125 81.6999969482421875
133.381256103515625 134.8312530517578125 132.6687469482421875 128.806243896484375 127.74375152587890625 127.69374847412109375 127.0437469482421875 130.8000030517578125 130.6437530517578125 131.943756103515625 132.7687530517578125 132.693756103515625 131.78125 129.78125 125.125 120.59999847412109375 117.287506103515625 116.59375 111.49375152587890625 107.3312530517578125 107.18125152587890625 104.69374847412109375 103.25 101.53125 96.06874847412109375 93.24375152587890625 90.9562530517578125 87.8000030517578125 84.65625 79.55625152587890625 75.3312530517578125 71.9812469482421875 70.0500030517578125 69.40000152587890625 69.99375152587890625 69.4187469482421875 74.19374847412109375 72.8000030517578125 70.84375 75.1125030517578125 74.9499969482421875 74.0812530517578125 75.40625 75.33750152587890625
127.5 126.3562469482421875 122.8125 120.53749847412109375 119.6125030517578125 119.18125152587890625 120.88124847412109375 122.8249969482421875 122.7937469482421875 125.4375 127.1875 125.49375152587890625 126.7624969482421875 119.8125 117.125 117.0437469482421875 114.8937530517578125 110.45624542236328125 106.15000152587890625 103.3312530517578125 100.8125 96.6875 95.34999847412109375 94.66249847412109375 91.0437469482421875 89.05625152587890625 86.41249847412109375 84.18125152587890625 80.8125 76.53749847412109375 74.85625457763671875 71.80625152587890625 68.9499969482421875 66.75 66.84375 66.5812530517578125 69.80625152587890625 70.03125 68.3125 66.8125 68.3562469482421875 67.7624969482421875 68.50624847412109375 69.33750152587890625
120.5749969482421875 118.96250152587890625 114.21250152587890625 113.6374969482421875 115.65000152587890625 115.1062469482421875 115.3874969482421875 116.11875152587890625 117.3000030517578125 117.44374847412109375 116.4875030517578125 116.40000152587890625 114.03749847412109375 113.08124542236328125 112.6437530517578125 111.0187530517578125 105.81874847412109375 101.649993896484375 98.5812530517578125 96.41249847412109375 93.625 90.9375 87.3625030517578125 86.2375030517578125 85.5625 83.3000030517578125 82.1437530517578125 80.3937530517578125 77.2687530517578125 76.7062530517578125 73.63750457763671875 70.21875 68.0625 65.5 64.74375152587890625 63.543750762939453125 64.7312469482421875 63.28749847412109375 63.481250762939453125 62.993747711181640625 64.5500030517578125 64.41249847412109375 64.09999847412109375 64.53125
112.7062530517578125 111.4375 109.8249969482421875 109.7624969482421875 108.55625152587890625 108.6999969482421875 109.28125 110.75 110.03125 110.25 113.2312469482421875 111.5500030517578125 110.2062530517578125 111.36875152587890625 110.875 105.5812530517578125 99.8937530517578125 98.1125030517578125 95 92.15000152587890625 87.38124847412109375 83.7624969482421875 81.7624969482421875 81.25624847412109375 79.9812469482421875 78.80625152587890625 77.53125 75.7687530517578125 74.38124847412109375 73.97499847412109375 72.03125 67.77500152587890625 66.125 65.40000152587890625 63.631252288818359375 62.200000762939453125 61.09999847412109375 59.59999847412109375 59.5625 61.46250152587890625 62.55625152587890625 61.84375 60.125 59.606250762939453125
104.68125152587890625 105.16249847412109375 106.6437530517578125 105.9812469482421875 104.3125 103.6062469482421875 105.24375152587890625 104.3249969482421875 103.03125 102.3937530517578125 105.40625 107.34999847412109375 106.8125 105.125 102.8249969482421875 100.83750152587890625 97.88124847412109375 93.75 88.56874847412109375 85.7937469482421875 82.52500152587890625 78.5812530517578125 77.61875152587890625 75.69374847412109375 75.55625152587890625 73.49375152587890625 73.90625 72.77500152587890625 72.96250152587890625 71.97499847412109375 71.0124969482421875 68.75624847412109375 64.5 62.61875152587890625 62.06874847412109375 60.68125152587890625 58.981250762939453125 57.18125152587890625 57.28749847412109375 57.91249847412109375 57.325000762939453125 57.84375 57.08750152587890625 53.59375
99.2624969482421875 97.8625030517578125 100.84999847412109375 102.81874847412109375 101.53749847412109375 98.11875152587890625 96.8625030517578125 97.4187469482421875 96.71875 96.0437469482421875 101.66249847412109375 104.6999969482421875 105.09375 107.18125152587890625 104.59375 99.59999847412109375 94.00624847412109375 87.4875030517578125 82.4375 76.8125 76.4812469482421875 72.0500030517578125 69.93125152587890625 68.8312530517578125 71.03125 70.5124969482421875 70.31874847412109375 68.74375152587890625 68.5124969482421875 67.53125 67.4562530517578125 66.55625152587890625 62.11875152587890625 60.043750762939453125 58.24375152587890625 57.65625 54.99375152587890625 55.81874847412109375 54.21250152587890625 54.543750762939453125 53.88124847412109375 52.674999237060546875 52.387500762939453125 50.34375
94.0749969482421875 92.5500030517578125 93.9187469482421875 95.7937469482421875 95.8562469482421875 93.7375030517578125 92.46875 91.0500030517578125 89.2687530517578125 88.5 91.1687469482421875 99.2312469482421875 103.22499847412109375 103.8625030517578125 101.5124969482421875 96.81874847412109375 90.28749847412109375 82.0749969482421875 76.3625030517578125 70.40000152587890625 68.16249847412109375 67.47499847412109375 64.96250152587890625 64.11875152587890625 65.96875 65.625 65.3937530517578125 64.30625152587890625 65.16249847412109375 63.99375152587890625 62.77500152587890625 62.287502288818359375 59.59999847412109375 56.90000152587890625 54.09375 53.74375152587890625 53.950000762939453125 52.331249237060546875 51.71250152587890625 52.3125 51.65000152587890625 49.8125 49.0625 48.643749237060546875
86.3625030517578125 88.34999847412109375 87.33750152587890625 89.28125 90.78125 89.09999847412109375 87.6062469482421875 87.59375 85.36875152587890625 80.55625152587890625 86.57500457763671875 97.8625030517578125 102.75624847412109375 100.8312530517578125 98.1750030517578125 93.0749969482421875 87.1437530517578125 80.09375 73.8874969482421875 66.03125 62.856250762939453125 63.00624847412109375 60.71250152587890625 60.568752288818359375 60.46875 60.5 62.018749237060546875 61.13124847412109375 60.34375 58.456249237060546875 59.18125152587890625 57.587497711181640625 56.06874847412109375 54.375 51.78125 51.237499237060546875 51.512500762939453125 51.50624847412109375 49.793750762939453125 48.74375152587890625 47.91249847412109375 47.643749237060546875 45.59375 48.22499847412109375
79.74375152587890625 81.8874969482421875 82.86875152587890625 85.5625 86.0625 85.44374847412109375 85.44374847412109375 85.28125 84.5500030517578125 79.4499969482421875 91.0437469482421875 101.00624847412109375 101.58750152587890625 100.21250152587890625 94.4499969482421875 88.875 82.5625 76.8312530517578125 71.69374847412109375 65.3312530517578125 61.03125 59.356250762939453125 56.450000762939453125 56.575000762939453125 56.075000762939453125 57.36875152587890625 58.643749237060546875 57.700000762939453125 56.799999237060546875 54.4375 53.71250152587890625 54.456249237060546875 53.581249237060546875 51.106250762939453125 49.00624847412109375 48.90625 48.75 48.03749847412109375 49.22499847412109375 47.268749237060546875 45.731250762939453125 45.924999237060546875 43.40000152587890625 42.887500762939453125
