data/historical-monthly-weather-data/wc2.1_cruts4.09_10m_prec_2010-01.asc
ncols        51
nrows        45
xllcorner    -63.500000000000
yllcorner    -7.500000000000
cellsize     0.166666666667
NODATA_value -9999
[rows 20 to 39 of 45, columns 0 to 44 of 51]
222.4499969482421875 218.1437530517578125 219.712493896484375 223.600006103515625 228.337493896484375 238.462493896484375 250.1062469482421875 260.006256103515625 268.91876220703125 275.90625 281.899993896484375 287.88751220703125 296.57501220703125 306.118743896484375 300.21875 284.868743896484375 274.3125 269.26873779296875 270.5 271.20001220703125 273.08123779296875 273.26251220703125 272.11248779296875 271.3125 271.11248779296875 271.274993896484375 270.90625 271.024993896484375 270.79376220703125 270.98748779296875 265.4375 255.59375 240.3000030517578125 224.6374969482421875 210.9499969482421875 219.2312469482421875 234.381256103515625 242.8249969482421875 241.0999908447265625 231.056243896484375 216.4875030517578125 204.1437530517578125 195.225006103515625 188.4812469482421875 185.84375
223.068756103515625 217.6437530517578125 219.53125 224.90625 232.0625 243.149993896484375 255.1437530517578125 267.256256103515625 276.149993896484375 278.962493896484375 279.48126220703125 277.431243896484375 278.399993896484375 282.70001220703125 282.837493896484375 277.162506103515625 273.75 271.587493896484375 271.693756103515625 272.61248779296875 270.98748779296875 270.53125 270.79998779296875 270.537506103515625 270.89373779296875 272.118743896484375 274.33123779296875 272.587493896484375 269.39373779296875 265.86248779296875 257.15625 247.056243896484375 236.28125 228.25 223.006256103515625 230.118743896484375 245.412506103515625 256.26873779296875 254.024993896484375 241.1374969482421875 224.118743896484375 210.0812530517578125 199.443756103515625 191.1750030517578125 187.2375030517578125
224.0187530517578125 218.756256103515625 219.399993896484375 224.9812469482421875 233.9499969482421875 247.25 260.10626220703125 273.3125 284.162506103515625 282.15625 274.41876220703125 263.649993896484375 257.20623779296875 259.95623779296875 266.618743896484375 269.86248779296875 270.225006103515625 270.34375 270.743743896484375 271.04376220703125 269.46875 267.70623779296875 266.36248779296875 265.83123779296875 268.14373779296875 271.875 275.162506103515625 272.818756103515625 267.54998779296875 260.306243896484375 250.53125 241.787506103515625 238.2687530517578125 235.8625030517578125 236.6062469482421875 242.8937530517578125 257.83123779296875 274.76251220703125 270.03125 249.774993896484375 229.75 214.899993896484375 201.6624908447265625 192.1999969482421875 187.6875
226.6062469482421875 220.5625 219.962493896484375 226.006256103515625 236.5124969482421875 249.5187530517578125 262.98126220703125 275.71875 284.068756103515625 278.91876220703125 267.73748779296875 254.75 240.149993896484375 245.274993896484375 256.875 263.462493896484375 266.212493896484375 267.40625 268.33123779296875 268.931243896484375 266.024993896484375 263.45001220703125 261.600006103515625 260.600006103515625 263.98748779296875 267.931243896484375 272.681243896484375 269.82501220703125 264.38751220703125 259.23748779296875 252.2624969482421875 246.7937469482421875 245.3562469482421875 245.412506103515625 247.7312469482421875 253.431243896484375 264.681243896484375 277.73126220703125 271.912506103515625 251.7624969482421875 231.3000030517578125 215.5124969482421875 202.131256103515625 192.2937469482421875 188.4562530517578125
230.537506103515625 224.5 222.2624969482421875 230.4187469482421875 243.4875030517578125 254.9250030517578125 265.818756103515625 275.600006103515625 279.54376220703125 275.806243896484375 266.73126220703125 255.837493896484375 246.8625030517578125 248.381256103515625 255.1750030517578125 261.46875 265.149993896484375 267.506256103515625 267.71875 266.125 262.475006103515625 258.118743896484375 255.149993896484375 253.4499969482421875 256.26873779296875 261.73126220703125 265.34375 266.26873779296875 263.399993896484375 261.8125 258.71875 257.024993896484375 255.125 255.368743896484375 257.14373779296875 259.1875 265.125 267.38751220703125 260.79998779296875 246.21875 228.25 213.524993896484375 200.8312530517578125 192.256256103515625 187.03125
239.350006103515625 236.6374969482421875 235.600006103515625 242.875 252.0500030517578125 261.54998779296875 269.524993896484375 274.98748779296875 276.506256103515625 273.42498779296875 267.95623779296875 261.95001220703125 256.48748779296875 255.962493896484375 258.8125 263.037506103515625 266.70001220703125 268.76873779296875 268.524993896484375 265.54376220703125 261.36248779296875 254.087493896484375 249.09375 245 248.625 255.712493896484375 262.04998779296875 264.399993896484375 264.73748779296875 263.881256103515625 265.70623779296875 267.03125 266.14373779296875 264.193756103515625 264.274993896484375 262.868743896484375 262.86248779296875 259.431243896484375 251.5625 238.725006103515625 223.4875030517578125 209.7062530517578125 197.0124969482421875 189.3874969482421875 186.662506103515625
247.4187469482421875 246.15625 248.25 253.756256103515625 259.75 266.73748779296875 272.8125 275.087493896484375 275.3125 274.35626220703125 271.42498779296875 268.10626220703125 264.943756103515625 264.225006103515625 265.149993896484375 268.03125 270.67498779296875 272.15625 272.38751220703125 268.03125 261.493743896484375 254.850006103515625 246.381256103515625 240.8312530517578125 246.912506103515625 253.9250030517578125 260.25 264.006256103515625 266.26251220703125 267.75 271.818756103515625 274.41876220703125 274.475006103515625 271.4375 268.20001220703125 265.068756103515625 261.768768310546875 254.756256103515625 244.837493896484375 233.2062530517578125 218.875 205.125 193.4562530517578125 186.75 189.4187469482421875
257.225006103515625 256.07501220703125 259.943756103515625 264.79998779296875 269.443756103515625 273.25 276.412506103515625 277.04376220703125 277.149993896484375 276.0625 274.506256103515625 273.23126220703125 271.10626220703125 270.506256103515625 270.95623779296875 273.04376220703125 274.743743896484375 278.03125 276.3125 272.95623779296875 267.92498779296875 259.78125 255.212493896484375 250.431243896484375 252.7624969482421875 257.131256103515625 262.28125 265.368743896484375 268.28125 272.26873779296875 275.868743896484375 278.693756103515625 277.96875 273.818756103515625 269.96875 265.337493896484375 259.225006103515625 251.5812530517578125 242.0812530517578125 229.818756103515625 216.868743896484375 204.131256103515625 191.8874969482421875 186.462493896484375 197.212493896484375
265.318756103515625 265.54998779296875 269.85626220703125 275.399993896484375 279.34375 280.36248779296875 279.53125 279.662506103515625 278.79376220703125 278.23126220703125 277.931243896484375 277.20001220703125 276.306243896484375 277.65625 278.399993896484375 280.76251220703125 284.38751220703125 285.837493896484375 284.78125 281.431243896484375 275.899993896484375 268.725006103515625 264.850006103515625 261.07501220703125 260.868743896484375 262.46875 266.381256103515625 268.9375 272.33123779296875 276.35626220703125 278.98748779296875 281.07501220703125 279.40625 275.868743896484375 271.91876220703125 265.65625 259.287506103515625 250.90625 241.8000030517578125 229.7312469482421875 215.649993896484375 204.2312469482421875 195.524993896484375 195.1875 206.90625
270.818756103515625 271.51251220703125 277.274993896484375 283.76251220703125 286.70623779296875 284.556243896484375 281.35626220703125 280.54998779296875 279.412506103515625 278.412506103515625 279.4375 281.04376220703125 282.13751220703125 284.556243896484375 287.03125 289.38751220703125 292.087493896484375 294.524993896484375 295.100006103515625 290.693756103515625 284.725006103515625 279.67498779296875 275.26251220703125 270.787506103515625 269.693756103515625 270.256256103515625 272.48126220703125 274 276.64373779296875 279.39373779296875 282.23748779296875 283.743743896484375 280.73748779296875 277.856231689453125 273.350006103515625 267.03125 259.837493896484375 252.7062530517578125 243.5500030517578125 232.881256103515625 221.725006103515625 213.40625 207.8874969482421875 208.5124969482421875 214.087493896484375
273.48748779296875 274.66876220703125 278.95001220703125 285.29998779296875 289.29376220703125 284.118743896484375 280.98126220703125 279.118743896484375 278.212493896484375 278.493743896484375 280.931243896484375 284.100006103515625 287.16876220703125 290.006256103515625 293.868743896484375 296.787506103515625 300.524993896484375 303.899993896484375 304.787506103515625 300.725006103515625 294.193756103515625 288.5 285.25 280.212493896484375 277.54376220703125 278.23126220703125 279.48748779296875 279.9375 282.28125 283.59375 285.6875 286.79376220703125 282.962493896484375 279.59375 274.931243896484375 268.48126220703125 260.98748779296875 254.8625030517578125 247.381256103515625 237.943756103515625 229.3125 223.46875 219.96875 218.556243896484375 222.40625
273.46875 274.20001220703125 277.17498779296875 281.04998779296875 282.662506103515625 279.431243896484375 278.39373779296875 276.07501220703125 276.006256103515625 277.193756103515625 280.48748779296875 285.118743896484375 290.056243896484375 295.54376220703125 300.537506103515625 303.875 306.29998779296875 309.037506103515625 308.662506103515625 306.193756103515625 299.943756103515625 294.850006103515625 292.4375 287.29376220703125 285.618743896484375 285.26873779296875 285.08123779296875 285.475006103515625 285.95001220703125 287.774993896484375 289.100006103515625 289.41876220703125 285.57501220703125 281.82501220703125 277.137481689453125 270.037506103515625 264 256.54376220703125 249.037506103515625 241.6875 237.024993896484375 233.506256103515625 231.5749969482421875 232.625 236.3125
271.91876220703125 272.318756103515625 274.693756103515625 276.837493896484375 276.23748779296875 273.774993896484375 271.6875 270.0625 269.51873779296875 273.28125 279.79998779296875 286.462493896484375 295.16876220703125 303.962493896484375 308.125 310.725006103515625 312.006256103515625 312.4375 311.131256103515625 309.25 304.11248779296875 299.67498779296875 296.899993896484375 293.987518310546875 292.07501220703125 291.98748779296875 291.29376220703125 289.774993896484375 289.962493896484375 292.693756103515625 293.20623779296875 291.96875 288.46875 285.125 279.725006103515625 273.399993896484375 266.79998779296875 259.618743896484375 252.0749969482421875 248.6875 245.15625 243.4187469482421875 243.6062469482421875 246.78125 255.006256103515625
269.337493896484375 269.67498779296875 270.78125 271.67498779296875 269.35626220703125 267.20001220703125 265.34375 263.287506103515625 263.5625 266.962493896484375 275.193756103515625 287.5 300.475006103515625 310.60626220703125 314.8125 316.23748779296875 317.787506103515625 317.631256103515625 314.48748779296875 311.25 307.087493896484375 303.58123779296875 301.293731689453125 298.60626220703125 297.13751220703125 296.556243896484375 295.20001220703125 294.537506103515625 295.381256103515625 296.399993896484375 297.399993896484375 296.225006103515625 292.04376220703125 288.89373779296875 283.625 276.96875 269.54376220703125 261.33123779296875 256.5 254 251.006256103515625 251.037506103515625 253.100006103515625 257.600006103515625 266.881256103515625
268.38751220703125 267.649993896484375 267.67498779296875 266.45623779296875 264.04376220703125 261.95001220703125 258.806243896484375 256.243743896484375 254.6999969482421875 259.25 270.96875 287.36248779296875 306.28125 319.88751220703125 323.256256103515625 322.79376220703125 322.70001220703125 320.59375 316.90625 311.67498779296875 308.850006103515625 306.07501220703125 304.23748779296875 301.70001220703125 300.881256103515625 299.28125 298.962493896484375 299.125 299.82501220703125 299.88751220703125 300.54998779296875 300.34375 296.51251220703125 292.087493896484375 286.399993896484375 279.29998779296875 270.84375 264.850006103515625 260.962493896484375 257.73748779296875 255.5812530517578125 255.506256103515625 258.17498779296875 262.34375 269.381256103515625
269.63751220703125 267.84375 266.774993896484375 264.631256103515625 261.66876220703125 257.71875 254.1875 249.5500030517578125 246.2624969482421875 249.15625 262.88751220703125 284.75 308.037506103515625 324.100006103515625 328.243743896484375 328.08123779296875 326.39373779296875 323.21875 318.57501220703125 312.66876220703125 309.03125 307.07501220703125 304.70623779296875 302.03125 301.375 301.33123779296875 301.23748779296875 302.08123779296875 303.556243896484375 303.399993896484375 304.524993896484375 303.975006103515625 301.17498779296875 297.17498779296875 291.36248779296875 283.306243896484375 277.36248779296875 270.53125 264.962493896484375 261.618743896484375 259.493743896484375 259.681243896484375 261.193756103515625 264.681243896484375 269.11248779296875
271.125 268.83123779296875 266.256256103515625 263.45623779296875 259.962493896484375 255.850006103515625 252.381256103515625 246.368743896484375 239.8874969482421875 236.931243896484375 255.1999969482421875 287.350006103515625 311.962493896484375 325.71875 331.09375 331.76873779296875 329.931243896484375 325.73126220703125 320.03125 313.04998779296875 309.568756103515625 305.931243896484375 303.79998779296875 301.59375 301.73126220703125 302.912506103515625 303.61248779296875 305.712493896484375 307.625 307.756256103515625 308.48126220703125 307.962493896484375 305.993743896484375 302.67498779296875 296.96875 289.475006103515625 282.524993896484375 274.76873779296875 269.29376220703125 264.625 260.631256103515625 260.28125 262.256256103515625 264.537506103515625 267.20623779296875
272.46875 269.631256103515625 266.35626220703125 263.73126220703125 260.506256103515625 257.649993896484375 253.9562530517578125 248.743743896484375 243.3125 238.2312469482421875 269.84375 303.181243896484375 320.662506103515625 330.381256103515625 335.04998779296875 335.462493896484375 332.70623779296875 328.54998779296875 322.712493896484375 315.01873779296875 310.03125 304.850006103515625 301.73748779296875 300.20001220703125 301.037506103515625 303.506256103515625 304.568756103515625 307.32501220703125 310.29376220703125 311.48748779296875 311.6875 310.274993896484375 308.76251220703125 306.48748779296875 301.162506103515625 293.91876220703125 285.59375 278.112518310546875 272.51251220703125 266.774993896484375 261.368743896484375 261.193756103515625 261.35626220703125 261.399993896484375 264.07501220703125
274.54376220703125 269.66876220703125 267.068756103515625 264.51873779296875 262.068756103515625 260.08123779296875 257.57501220703125 257.399993896484375 262.068756103515625 279.07501220703125 316.51251220703125 326.818756103515625 331.73126220703125 337.125 340.04998779296875 339.3125 337.20001220703125 331.32501220703125 324.11248779296875 316.14373779296875 308.28125 302.14373779296875 298.65625 297.58123779296875 298.51873779296875 301.29998779296875 303.975006103515625 307.98126220703125 312.45623779296875 315.35626220703125 315.806243896484375 314.5625 312.34375 308.53125 305.71875 298.36248779296875 289.350006103515625 281.89373779296875 275.112518310546875 267.65625 261.98126220703125 260.61248779296875 259.556243896484375 260.181243896484375 262.5625
276.95623779296875 271.818756103515625 268.631256103515625 265.3125 264.70001220703125 264.600006103515625 264.837493896484375 269.5 280.350006103515625 299.3125 321.524993896484375 334.375 339.51251220703125 343.78125 345.04998779296875 344.618743896484375 342.20623779296875 335.98126220703125 326.274993896484375 316.493743896484375 304.993743896484375 298.181243896484375 294.20623779296875 293.36248779296875 295.350006103515625 298.431243896484375 302.618743896484375 308.556243896484375 313.85626220703125 317.024993896484375 317.70623779296875 318.537506103515625 317.73748779296875 313.79998779296875 308.59375 301.07501220703125 292.09375 283.96875 276.29998779296875 267.95623779296875 262.01873779296875 259.92498779296875 257.756256103515625 257.568756103515625 260.11248779296875
